数据由w0x7ce整理
股票代码,股票名称,交易日期,开盘价,收盘价,最高价,最低价,前收盘价,复权因子,成交量,成交额,波动,地区,行业,上市日期,退市日期
002416.SZ,爱施德,20200618,7.32,7.36,7.45,7.23,7.34,0.2725,204522.52,149892.195,0.020000000000000462,深圳,电器连锁,20100528,
002416.SZ,爱施德,20200617,7.29,7.34,7.38,7.22,7.27,0.9629,196929.06,143806.18,0.07000000000000028,深圳,电器连锁,20100528,
002416.SZ,爱施德,20200616,7.24,7.27,7.31,7.19,7.15,1.6783,153123.57,111020.744,0.11999999999999922,深圳,电器连锁,20100528,
002416.SZ,爱施德,20200615,7.11,7.15,7.35,7.1,7.15,0.0,198133.95,143291.022,0.0,深圳,电器连锁,20100528,
002416.SZ,爱施德,20200612,7.05,7.15,7.22,7.02,7.22,-0.9695,136341.94,97158.575,-0.0699999999999994,深圳,电器连锁,20100528,
002416.SZ,爱施德,20200611,7.17,7.22,7.26,7.12,7.2,0.2778,137202.28,98672.138,0.019999999999999574,深圳,电器连锁,20100528,
002416.SZ,爱施德,20200610,7.35,7.2,7.35,7.11,7.31,-1.5048,152579.3,109618.825,-0.10999999999999943,深圳,电器连锁,20100528,
002416.SZ,爱施德,20200609,7.26,7.31,7.35,7.22,7.28,0.4121,110774.14,80869.464,0.02999999999999936,深圳,电器连锁,20100528,
002416.SZ,爱施德,20200608,7.38,7.28,7.4,7.21,7.3,-0.274,143761.84,104833.223,-0.019999999999999574,深圳,电器连锁,20100528,
002416.SZ,爱施德,20200605,7.39,7.3,7.41,7.28,7.3,0.0,140137.02,102890.006,0.0,深圳,电器连锁,20100528,
002416.SZ,爱施德,20200604,7.4,7.3,7.45,7.27,7.45,-2.0134,204776.3,149768.727,-0.15000000000000036,深圳,电器连锁,20100528,
002416.SZ,爱施德,20200603,7.48,7.45,7.58,7.32,7.4,0.6757,315864.19,235696.054,0.04999999999999982,深圳,电器连锁,20100528,
002416.SZ,爱施德,20200602,7.38,7.4,7.54,7.34,7.35,0.6803,266962.94,198260.78,0.05000000000000071,深圳,电器连锁,20100528,
002416.SZ,爱施德,20200601,7.19,7.35,7.42,7.17,7.16,2.6536,293981.47,215272.208,0.1899999999999995,深圳,电器连锁,20100528,
002416.SZ,爱施德,20200529,7.08,7.16,7.2,7.05,7.14,0.2801,214586.17,153128.021,0.020000000000000462,深圳,电器连锁,20100528,
002416.SZ,爱施德,20200528,7.0027,7.1388,7.275,6.954,6.9638,2.513,326535.32,239602.052,0.17499999999999982,深圳,电器连锁,20100528,
002416.SZ,爱施德,20200527,7.0805,6.9638,7.0805,6.9443,7.1194,-2.1856,112283.75,80756.048,-0.15559999999999974,深圳,电器连锁,20100528,
002416.SZ,爱施德,20200526,6.9054,7.1194,7.1486,6.8568,6.8762,3.5368,160898.73,115942.497,0.24319999999999986,深圳,电器连锁,20100528,
002416.SZ,爱施德,20200525,6.9832,6.8762,6.9832,6.7109,6.9443,-0.9807,150988.97,105779.13,-0.06810000000000027,深圳,电器连锁,20100528,
002416.SZ,爱施德,20200522,6.9151,6.9443,7.1777,6.9151,7.1388,-2.7245,190933.28,137712.86,-0.19449999999999967,深圳,电器连锁,20100528,
002416.SZ,爱施德,20200521,7.2944,7.1388,7.4306,7.1291,7.0416,1.3804,319847.23,239495.297,0.09719999999999995,深圳,电器连锁,20100528,
002416.SZ,爱施德,20200520,7.3139,7.0416,7.3625,6.9735,7.4403,-5.3587,274021.87,200756.318,-0.39869999999999983,深圳,电器连锁,20100528,
002416.SZ,爱施德,20200519,7.3528,7.4403,7.6446,7.3042,7.1194,4.5074,481540.16,368407.501,0.32089999999999996,深圳,电器连锁,20100528,
002416.SZ,爱施德,20200518,7.061,7.1194,7.1583,6.8665,7.061,0.8271,206651.43,149112.62,0.058399999999999785,深圳,电器连锁,20100528,
002416.SZ,爱施德,20200515,7.1777,7.061,7.2361,7.0513,7.1097,-0.685,175202.06,128223.24,-0.04870000000000019,深圳,电器连锁,20100528,
002416.SZ,爱施德,20200514,7.1777,7.1097,7.2847,7.0513,7.168,-0.8133,226545.5,166640.372,-0.05830000000000002,深圳,电器连锁,20100528,
002416.SZ,爱施德,20200513,7.0999,7.168,7.2458,7.061,7.1486,0.2714,242107.14,177914.196,0.019400000000000084,深圳,电器连锁,20100528,
002416.SZ,爱施德,20200512,7.2555,7.1486,7.275,6.9929,7.275,-1.7375,283451.08,207372.608,-0.1264000000000003,深圳,电器连锁,20100528,
002416.SZ,爱施德,20200511,7.3917,7.275,7.4598,7.1972,7.3431,-0.9274,252627.79,189679.877,-0.06809999999999938,深圳,电器连锁,20100528,
002416.SZ,爱施德,20200508,7.4403,7.3431,7.5376,7.3334,7.4403,-1.3064,300343.75,229444.973,-0.09719999999999995,深圳,电器连锁,20100528,
002416.SZ,爱施德,20200507,7.7029,7.4403,7.878,7.3431,7.5279,-1.1637,465679.83,362363.642,-0.08760000000000012,深圳,电器连锁,20100528,
002416.SZ,爱施德,20200506,7.3431,7.5279,7.6057,7.1875,7.6932,-2.1487,481784.92,368620.602,-0.16530000000000022,深圳,电器连锁,20100528,
002416.SZ,爱施德,20200430,7.5862,7.6932,8.1406,7.5862,7.5279,2.1958,574121.65,462131.525,0.16530000000000022,深圳,电器连锁,20100528,
002416.SZ,爱施德,20200429,8.267,7.5279,8.3643,7.4987,8.3351,-9.6843,918318.1,750822.947,-0.8072000000000008,深圳,电器连锁,20100528,
002416.SZ,爱施德,20200428,8.3351,8.3351,8.3351,7.8975,7.5765,10.0125,990716.76,837096.992,0.7586000000000004,深圳,电器连锁,20100528,
002416.SZ,爱施德,20200427,7.5765,7.5765,7.5765,7.5765,6.886,10.0276,42033.41,32744.026,0.6905000000000001,深圳,电器连锁,20100528,
002416.SZ,爱施德,20200424,6.9638,6.886,7.0805,6.7692,6.9151,-0.4208,196314.05,138544.594,-0.02909999999999968,深圳,电器连锁,20100528,
002416.SZ,爱施德,20200423,7.0124,6.9151,7.0999,6.886,7.1194,-2.8696,259246.64,186522.384,-0.20429999999999993,深圳,电器连锁,20100528,
002416.SZ,爱施德,20200422,6.9443,7.1194,7.3625,6.886,6.9346,2.6649,442224.41,322365.41,0.18480000000000008,深圳,电器连锁,20100528,
002416.SZ,爱施德,20200421,6.7887,6.9346,7.0416,6.7206,6.8373,1.4231,403400.26,286038.923,0.09729999999999972,深圳,电器连锁,20100528,
002416.SZ,爱施德,20200420,6.2829,6.8373,6.8373,6.2635,6.2149,10.0146,374590.2,257174.575,0.6223999999999998,深圳,电器连锁,20100528,
002416.SZ,爱施德,20200417,6.1857,6.2149,6.3705,6.176,6.1371,1.2677,164923.57,106157.241,0.07779999999999987,深圳,电器连锁,20100528,
002416.SZ,爱施德,20200416,6.0301,6.1371,6.244,5.9523,6.0106,2.1046,140746.2,88549.132,0.12650000000000006,深圳,电器连锁,20100528,
002416.SZ,爱施德,20200415,6.1176,6.0106,6.1371,5.9814,6.1176,-1.7491,113894.18,70691.433,-0.1070000000000002,深圳,电器连锁,20100528,
002416.SZ,爱施德,20200414,6.0495,6.1176,6.1371,5.9912,6.0495,1.1257,124358.01,77491.326,0.06810000000000027,深圳,电器连锁,20100528,
002416.SZ,爱施德,20200413,6.244,6.0495,6.244,5.9523,6.2927,-3.8648,185011.62,115548.872,-0.24319999999999986,深圳,电器连锁,20100528,
002416.SZ,爱施德,20200410,6.2343,6.2927,6.5747,6.1176,6.2927,0.0,286509.79,184555.984,0.0,深圳,电器连锁,20100528,
002416.SZ,爱施德,20200409,6.0593,6.2927,6.458,5.9912,5.9717,5.3754,351289.98,224884.059,0.32099999999999973,深圳,电器连锁,20100528,
002416.SZ,爱施德,20200408,5.9328,5.9717,6.0787,5.8453,5.8939,1.32,364780.69,224107.812,0.07779999999999987,深圳,电器连锁,20100528,
002416.SZ,爱施德,20200407,5.466,5.8939,5.8939,5.4271,5.359,9.9813,292896.49,172722.101,0.5349000000000004,深圳,电器连锁,20100528,
002416.SZ,爱施德,20200403,5.5146,5.359,5.5146,5.3104,5.5341,-3.164,205182.03,113840.418,-0.1750999999999996,深圳,电器连锁,20100528,
002416.SZ,爱施德,20200402,5.3882,5.5341,5.5632,5.3395,5.4173,2.1561,269368.1,151615.893,0.11679999999999957,深圳,电器连锁,20100528,
002416.SZ,爱施德,20200401,5.5924,5.4173,5.641,5.4076,5.6313,-3.8002,225194.39,128014.299,-0.2140000000000004,深圳,电器连锁,20100528,
002416.SZ,爱施德,20200331,5.7675,5.6313,5.8064,5.5243,5.6994,-1.1949,131288.4,76181.945,-0.06809999999999938,深圳,电器连锁,20100528,
002416.SZ,爱施德,20200330,5.7967,5.6994,5.8939,5.6021,5.9036,-3.4589,126688.98,74272.133,-0.20420000000000016,深圳,电器连锁,20100528,
002416.SZ,爱施德,20200327,5.9523,5.9036,6.0106,5.8842,5.8647,0.6633,99775.24,61003.522,0.038899999999999935,深圳,电器连锁,20100528,
002416.SZ,爱施德,20200326,6.0009,5.8647,6.0009,5.855,6.0398,-2.8991,112402.21,68501.927,-0.1750999999999996,深圳,电器连锁,20100528,
002416.SZ,爱施德,20200325,6.0593,6.0398,6.0884,5.9231,5.9328,1.8035,202364.81,125000.653,0.10699999999999932,深圳,电器连锁,20100528,
002416.SZ,爱施德,20200324,5.9231,5.9328,5.9717,5.6994,5.8161,2.0065,174032.34,104866.714,0.11670000000000069,深圳,电器连锁,20100528,
002416.SZ,爱施德,20200323,6.0106,5.8161,6.0106,5.7091,6.1273,-5.0789,137693.97,83270.777,-0.31120000000000037,深圳,电器连锁,20100528,
002416.SZ,爱施德,20200320,6.0884,6.1273,6.1468,5.9717,6.0398,1.4487,91409.83,57021.677,0.08750000000000036,深圳,电器连锁,20100528,
002416.SZ,爱施德,20200319,5.8745,6.0398,6.0884,5.8745,5.9036,2.3071,131788.54,81282.805,0.13619999999999965,深圳,电器连锁,20100528,
002416.SZ,爱施德,20200318,6.2538,5.9036,6.2635,5.9036,6.1857,-4.5605,132384.23,83060.039,-0.2820999999999998,深圳,电器连锁,20100528,
002416.SZ,爱施德,20200317,6.1468,6.1857,6.2829,5.8647,6.0884,1.5981,111122.29,69853.117,0.09729999999999972,深圳,电器连锁,20100528,
002416.SZ,爱施德,20200316,6.7012,6.0884,6.7498,6.069,6.6234,-8.0774,170520.71,111586.346,-0.5350000000000001,深圳,电器连锁,20100528,
002416.SZ,爱施德,20200313,6.2343,6.6234,6.6623,6.1273,6.6817,-0.8725,141779.05,94046.509,-0.05830000000000002,深圳,电器连锁,20100528,
002416.SZ,爱施德,20200312,6.7012,6.6817,6.9735,6.6234,6.7887,-1.5761,148077.91,103077.834,-0.1070000000000002,深圳,电器连锁,20100528,
002416.SZ,爱施德,20200311,6.9638,6.7887,7.0416,6.7887,7.0124,-3.1901,152811.37,108817.025,-0.2237,深圳,电器连锁,20100528,
002416.SZ,爱施德,20200310,6.6136,7.0124,7.0708,6.4386,6.6817,4.9493,193127.21,133860.409,0.3307000000000002,深圳,电器连锁,20100528,
002416.SZ,爱施德,20200309,7.0027,6.6817,7.0416,6.672,7.0999,-5.8902,179001.24,125582.296,-0.4181999999999997,深圳,电器连锁,20100528,
002416.SZ,爱施德,20200306,7.1583,7.0999,7.3236,7.0999,7.2458,-2.0136,137642.89,101815.161,-0.14590000000000014,深圳,电器连锁,20100528,
002416.SZ,爱施德,20200305,7.3139,7.2458,7.3528,7.1097,7.2166,0.4046,164857.36,122584.147,0.029200000000000337,深圳,电器连锁,20100528,
002416.SZ,爱施德,20200304,7.1291,7.2166,7.2555,7.0221,7.1972,0.2695,162962.33,119830.482,0.019400000000000084,深圳,电器连锁,20100528,
002416.SZ,爱施德,20200303,7.1388,7.1972,7.3723,7.0513,6.954,3.4973,238958.8,178032.385,0.24319999999999986,深圳,电器连锁,20100528,
002416.SZ,爱施德,20200302,6.6623,6.954,7.0513,6.6623,6.6914,3.9244,180327.03,128014.97,0.26259999999999994,深圳,电器连锁,20100528,
002416.SZ,爱施德,20200228,7.0708,6.6914,7.275,6.6914,7.4306,-9.9481,246578.75,175245.295,-0.7392000000000003,深圳,电器连锁,20100528,
002416.SZ,爱施德,20200227,7.7613,7.4306,7.7613,7.2653,7.4598,-0.3914,201828.62,153804.675,-0.029200000000000337,深圳,电器连锁,20100528,
002416.SZ,爱施德,20200226,7.6446,7.4598,7.6932,7.2944,7.8877,-5.4249,370133.43,286049.924,-0.4278999999999993,深圳,电器连锁,20100528,
002416.SZ,爱施德,20200225,7.4403,7.8877,7.9364,7.168,7.6349,3.3111,559495.76,439324.569,0.2527999999999997,深圳,电器连锁,20100528,
002416.SZ,爱施德,20200224,7.0708,7.6349,7.7321,6.8082,7.0318,8.5768,489965.78,374535.982,0.6031000000000004,深圳,电器连锁,20100528,
002416.SZ,爱施德,20200221,6.886,7.0318,7.1291,6.8568,6.9054,1.8305,241835.23,174680.422,0.1263999999999994,深圳,电器连锁,20100528,
002416.SZ,爱施德,20200220,6.7012,6.9054,6.9346,6.6234,6.7595,2.1584,233275.49,162878.773,0.14590000000000014,深圳,电器连锁,20100528,
002416.SZ,爱施德,20200219,6.7887,6.7595,6.9054,6.6428,6.8179,-0.8566,193518.0,133917.145,-0.058399999999999785,深圳,电器连锁,20100528,
002416.SZ,爱施德,20200218,6.6428,6.8179,6.8665,6.5747,6.5942,3.3924,210701.24,145271.808,0.2237,深圳,电器连锁,20100528,
002416.SZ,爱施德,20200217,6.3024,6.5942,6.5942,6.3024,6.3219,4.3072,199012.27,133153.259,0.27229999999999954,深圳,电器连锁,20100528,
002416.SZ,爱施德,20200214,6.3608,6.3219,6.458,6.2927,6.4191,-1.5142,143414.24,93792.288,-0.09719999999999995,深圳,电器连锁,20100528,
002416.SZ,爱施德,20200213,6.5942,6.4191,6.6136,6.3705,6.5358,-1.7856,143121.68,94973.811,-0.1166999999999998,深圳,电器连锁,20100528,
002416.SZ,爱施德,20200212,6.4094,6.5358,6.5747,6.3316,6.4191,1.818,181648.41,120478.865,0.1166999999999998,深圳,电器连锁,20100528,
002416.SZ,爱施德,20200211,6.6136,6.4191,6.6428,6.3705,6.4969,-1.1975,132954.36,88252.106,-0.07779999999999987,深圳,电器连锁,20100528,
002416.SZ,爱施德,20200210,6.4483,6.4969,6.5455,6.351,6.4288,1.0593,144860.87,96118.21,0.06810000000000027,深圳,电器连锁,20100528,
002416.SZ,爱施德,20200207,6.2635,6.4288,6.4775,6.2051,6.2829,2.3222,162245.01,106069.637,0.14590000000000014,深圳,电器连锁,20100528,
002416.SZ,爱施德,20200206,6.1857,6.2829,6.3413,6.0495,6.1468,2.2142,198462.23,126860.539,0.1360999999999999,深圳,电器连锁,20100528,
002416.SZ,爱施德,20200205,5.9912,6.1468,6.2149,5.9328,5.9425,3.4379,197903.78,124019.801,0.20429999999999993,深圳,电器连锁,20100528,
002416.SZ,爱施德,20200204,5.641,5.9425,6.1176,5.641,6.2635,-5.1249,284178.53,172414.554,-0.32099999999999973,深圳,电器连锁,20100528,
002416.SZ,爱施德,20200203,6.2635,6.2635,6.2635,6.2635,6.9638,-10.0563,14129.0,9099.076,-0.7003000000000004,深圳,电器连锁,20100528,
002416.SZ,爱施德,20200123,7.3917,6.9638,7.4695,6.9638,7.7418,-10.0493,292459.09,215944.772,-0.7779999999999996,深圳,电器连锁,20100528,
002416.SZ,爱施德,20200122,7.6446,7.7418,7.878,7.5084,7.6446,1.2715,151553.95,120359.659,0.09719999999999995,深圳,电器连锁,20100528,
002416.SZ,爱施德,20200121,7.7516,7.6446,7.7905,7.557,7.8002,-1.9948,133505.19,104824.732,-0.15560000000000063,深圳,电器连锁,20100528,
002416.SZ,爱施德,20200120,7.664,7.8002,7.8099,7.5181,7.7029,1.2632,151595.3,119048.129,0.09730000000000061,深圳,电器连锁,20100528,
002416.SZ,爱施德,20200117,7.9364,7.7029,7.9558,7.6446,7.9364,-2.9421,182819.97,146031.425,-0.23350000000000026,深圳,电器连锁,20100528,
002416.SZ,爱施德,20200116,7.9461,7.9364,7.9947,7.8294,7.9947,-0.7292,160011.59,129683.234,-0.05830000000000002,深圳,电器连锁,20100528,
002416.SZ,爱施德,20200115,8.0044,7.9947,8.1795,7.8391,7.9461,0.6116,234419.97,192345.379,0.04859999999999953,深圳,电器连锁,20100528,
002416.SZ,爱施德,20200114,8.0531,7.9461,8.0628,7.8683,8.0142,-0.8497,211310.53,172382.35,-0.06810000000000027,深圳,电器连锁,20100528,
002416.SZ,爱施德,20200113,7.8586,8.0142,8.092,7.8196,7.9266,1.1051,304908.15,249285.419,0.08760000000000101,深圳,电器连锁,20100528,
002416.SZ,爱施德,20200110,7.6057,7.9266,8.0336,7.596,7.5765,4.6209,489870.44,398021.699,0.3500999999999994,深圳,电器连锁,20100528,
002416.SZ,爱施德,20200109,7.6057,7.5765,7.6446,7.489,7.4792,1.3009,145462.85,113235.498,0.09730000000000061,深圳,电器连锁,20100528,
002416.SZ,爱施德,20200108,7.8488,7.4792,7.8488,7.4403,7.878,-5.0622,296406.38,231653.416,-0.3988000000000005,深圳,电器连锁,20100528,
002416.SZ,爱施德,20200107,7.7807,7.878,7.9558,7.6932,7.7516,1.6306,270104.8,217336.213,0.1264000000000003,深圳,电器连锁,20100528,
002416.SZ,爱施德,20200106,7.5862,7.7516,7.8586,7.489,7.664,1.143,242060.41,192481.719,0.08760000000000012,深圳,电器连锁,20100528,
002416.SZ,爱施德,20200103,7.7127,7.664,7.7807,7.5084,7.6349,0.3811,224120.6,176093.651,0.02909999999999968,深圳,电器连锁,20100528,
002416.SZ,爱施德,20200102,7.4695,7.6349,7.7613,7.3723,7.4014,3.1548,243636.89,190337.367,0.23350000000000026,深圳,电器连锁,20100528,
002416.SZ,爱施德,20191231,7.3917,7.4014,7.5473,7.3236,7.3334,0.9273,154607.55,117761.666,0.06799999999999962,深圳,电器连锁,20100528,
002416.SZ,爱施德,20191230,7.489,7.3334,7.489,7.0999,7.5765,-3.2086,222351.42,166636.888,-0.2431000000000001,深圳,电器连锁,20100528,
002416.SZ,爱施德,20191227,7.8099,7.5765,7.8975,7.5668,7.8975,-4.0646,262719.86,209138.493,-0.32099999999999973,深圳,电器连锁,20100528,
002416.SZ,爱施德,20191226,7.596,7.8975,7.9266,7.5376,7.6349,3.4395,329890.75,262706.929,0.26259999999999994,深圳,电器连锁,20100528,
002416.SZ,爱施德,20191225,7.6349,7.6349,7.7613,7.5376,7.6835,-0.6325,214171.11,168391.335,-0.04860000000000042,深圳,电器连锁,20100528,
002416.SZ,爱施德,20191224,7.6251,7.6835,7.7321,7.4112,7.557,1.6739,267725.81,208827.26,0.12650000000000006,深圳,电器连锁,20100528,
002416.SZ,爱施德,20191223,7.557,7.557,7.7321,7.489,7.664,-1.3961,274536.73,214639.633,-0.10699999999999932,深圳,电器连锁,20100528,
002416.SZ,爱施德,20191220,8.267,7.664,8.4032,7.6349,8.3351,-8.0515,598043.86,492071.303,-0.6711000000000009,深圳,电器连锁,20100528,
002416.SZ,爱施德,20191219,8.6464,8.3351,8.9868,8.3059,8.7339,-4.5661,826961.21,732474.956,-0.3987999999999996,深圳,电器连锁,20100528,
002416.SZ,爱施德,20191218,7.9266,8.7339,8.7339,7.8099,7.9364,10.0486,935534.05,802852.097,0.7975000000000003,深圳,电器连锁,20100528,
002416.SZ,爱施德,20191217,7.9266,7.9364,8.2768,7.7516,7.9558,-0.2438,581214.86,473169.443,-0.019400000000000084,深圳,电器连锁,20100528,
002416.SZ,爱施德,20191216,8.0531,7.9558,8.0628,7.7224,7.8488,1.3633,529504.81,428927.834,0.1070000000000002,深圳,电器连锁,20100528,
002416.SZ,爱施德,20191213,7.7224,7.8488,7.878,7.5862,7.9072,-0.7386,522383.66,415034.944,-0.058399999999999785,深圳,电器连锁,20100528,
002416.SZ,爱施德,20191212,7.4014,7.9072,8.3059,7.4014,7.5473,4.7686,864168.52,703202.464,0.35989999999999966,深圳,电器连锁,20100528,
002416.SZ,爱施德,20191211,7.4403,7.5473,8.0822,7.4403,7.596,-0.6411,649233.89,515073.417,-0.04870000000000019,深圳,电器连锁,20100528,
002416.SZ,爱施德,20191210,7.3528,7.596,7.7224,7.1972,7.8683,-3.4607,719903.39,550111.469,-0.27229999999999954,深圳,电器连锁,20100528,
002416.SZ,爱施德,20191209,8.1309,7.8683,8.1309,7.664,7.3917,6.4478,1102963.65,903273.982,0.47659999999999947,深圳,电器连锁,20100528,
002416.SZ,爱施德,20191206,7.3917,7.3917,7.3917,7.3917,6.7206,9.9857,71425.28,54283.212,0.6711,深圳,电器连锁,20100528,
002416.SZ,爱施德,20191205,6.3899,6.7206,6.7206,6.3802,6.1079,10.0313,204492.87,138867.022,0.6127000000000002,深圳,电器连锁,20100528,
002416.SZ,爱施德,20191204,5.9717,6.1079,6.1079,5.962,6.0301,1.2902,157024.52,97765.473,0.07779999999999987,深圳,电器连锁,20100528,
002416.SZ,爱施德,20191203,5.8356,6.0301,6.0301,5.8161,5.8842,2.4795,101383.05,61945.289,0.14590000000000014,深圳,电器连锁,20100528,
002416.SZ,爱施德,20191202,5.8745,5.8842,5.9328,5.8356,5.8647,0.3325,69162.08,41815.846,0.01949999999999985,深圳,电器连锁,20100528,
002416.SZ,爱施德,20191129,5.7772,5.8647,5.8842,5.7383,5.7772,1.5146,67692.62,40434.996,0.08750000000000036,深圳,电器连锁,20100528,
002416.SZ,爱施德,20191128,5.8064,5.7772,5.8745,5.7383,5.8356,-1.0008,98594.92,58755.491,-0.058400000000000674,深圳,电器连锁,20100528,
002416.SZ,爱施德,20191127,5.8647,5.8356,5.9328,5.8161,5.9231,-1.4773,103046.33,62013.289,-0.08749999999999947,深圳,电器连锁,20100528,
002416.SZ,爱施德,20191126,5.9425,5.9231,5.962,5.8453,5.9231,0.0,83357.56,50689.726,0.0,深圳,电器连锁,20100528,
002416.SZ,爱施德,20191125,6.1371,5.9231,6.1468,5.8842,6.176,-4.0949,143565.74,88084.072,-0.25290000000000035,深圳,电器连锁,20100528,
002416.SZ,爱施德,20191122,6.1468,6.176,6.2149,5.9912,6.1468,0.475,158618.47,99610.259,0.029200000000000337,深圳,电器连锁,20100528,
002416.SZ,爱施德,20191121,6.1273,6.1468,6.244,6.0787,6.1371,0.1581,111550.4,70860.621,0.009699999999999598,深圳,电器连锁,20100528,
002416.SZ,爱施德,20191120,6.2051,6.1371,6.2635,6.1176,6.2246,-1.4057,178189.57,113054.427,-0.08749999999999947,深圳,电器连锁,20100528,
002416.SZ,爱施德,20191119,6.1565,6.2246,6.2246,6.0884,6.1565,1.1061,176903.11,112269.498,0.06809999999999938,深圳,电器连锁,20100528,
002416.SZ,爱施德,20191118,5.9912,6.1565,6.244,5.962,6.0203,2.2623,170910.12,107895.475,0.13620000000000054,深圳,电器连锁,20100528,
002416.SZ,爱施德,20191115,6.0398,6.0203,6.176,5.9717,6.0301,-0.1625,242480.14,151685.244,-0.009800000000000253,深圳,电器连锁,20100528,
002416.SZ,爱施德,20191114,5.7869,6.0301,6.0398,5.7675,5.9036,2.1428,219125.16,134315.07,0.12650000000000006,深圳,电器连锁,20100528,
002416.SZ,爱施德,20191113,6.0203,5.9036,6.069,5.8064,6.0301,-2.0978,197112.92,119925.173,-0.12650000000000006,深圳,电器连锁,20100528,
002416.SZ,爱施德,20191112,5.7383,6.0301,6.0495,5.6994,5.7869,4.2026,279903.49,171344.023,0.24319999999999986,深圳,电器连锁,20100528,
002416.SZ,爱施德,20191111,5.7286,5.7869,6.0884,5.6994,5.7772,0.1679,193540.92,117561.684,0.009700000000000486,深圳,电器连锁,20100528,
002416.SZ,爱施德,20191108,6.0203,5.7772,6.0203,5.748,5.9036,-2.1411,111076.72,66968.417,-0.1264000000000003,深圳,电器连锁,20100528,
002416.SZ,爱施德,20191107,5.8647,5.9036,5.9328,5.8161,5.855,0.8301,85628.8,51802.51,0.04859999999999953,深圳,电器连锁,20100528,
002416.SZ,爱施德,20191106,5.855,5.855,5.9523,5.8161,5.8842,-0.4962,111263.25,67072.302,-0.02919999999999945,深圳,电器连锁,20100528,
002416.SZ,爱施德,20191105,5.962,5.8842,5.9912,5.8453,5.9328,-0.8192,102119.63,62056.085,-0.04860000000000042,深圳,电器连锁,20100528,
002416.SZ,爱施德,20191104,6.0301,5.9328,6.0787,5.8745,5.9523,-0.3276,151620.91,93201.289,-0.01949999999999985,深圳,电器连锁,20100528,
002416.SZ,爱施德,20191101,5.7286,5.9523,6.0106,5.6897,5.7577,3.3798,189044.1,115269.543,0.19460000000000033,深圳,电器连锁,20100528,
002416.SZ,爱施德,20191031,5.962,5.7577,5.962,5.748,5.9523,-3.2693,117438.01,70423.654,-0.19460000000000033,深圳,电器连锁,20100528,
002416.SZ,爱施德,20191030,6.0009,5.9523,6.0593,5.8453,6.0593,-1.7659,150177.1,91434.683,-0.1070000000000002,深圳,电器连锁,20100528,
002416.SZ,爱施德,20191029,6.2051,6.0593,6.244,6.0009,6.3705,-4.885,309144.84,194815.493,-0.3111999999999995,深圳,电器连锁,20100528,
002416.SZ,爱施德,20191028,6.0301,6.3705,6.3997,5.9814,5.8161,9.5322,485583.94,309859.144,0.5544000000000002,深圳,电器连锁,20100528,
002416.SZ,爱施德,20191025,5.8745,5.8161,5.8745,5.7188,5.8745,-0.9941,123506.38,73510.448,-0.058400000000000674,深圳,电器连锁,20100528,
002416.SZ,爱施德,20191024,5.7869,5.8745,5.9523,5.7675,5.7772,1.6842,191247.61,115044.913,0.09730000000000061,深圳,电器连锁,20100528,
002416.SZ,爱施德,20191023,5.6702,5.7772,5.9036,5.6702,5.6897,1.5379,215142.2,128593.661,0.08749999999999947,深圳,电器连锁,20100528,
002416.SZ,爱施德,20191022,5.6702,5.6897,5.7869,5.5827,5.6994,-0.1702,124117.4,72557.616,-0.009699999999999598,深圳,电器连锁,20100528,
002416.SZ,爱施德,20191021,5.6605,5.6994,5.8356,5.5827,5.6702,0.515,106204.22,62084.771,0.02919999999999945,深圳,电器连锁,20100528,
002416.SZ,爱施德,20191018,5.7869,5.6702,5.9717,5.6702,5.7286,-1.0194,211988.02,126941.033,-0.058399999999999785,深圳,电器连锁,20100528,
002416.SZ,爱施德,20191017,5.6897,5.7286,5.7577,5.6605,5.7286,0.0,122060.48,71686.105,0.0,深圳,电器连锁,20100528,
002416.SZ,爱施德,20191016,5.6799,5.7286,5.7383,5.6119,5.7188,0.1714,142672.68,83335.247,0.009800000000000253,深圳,电器连锁,20100528,
002416.SZ,爱施德,20191015,5.6508,5.7188,5.8258,5.5438,5.5146,3.7029,192317.92,112682.959,0.20420000000000016,深圳,电器连锁,20100528,
002416.SZ,爱施德,20191014,5.4951,5.5146,5.5632,5.3882,5.4562,1.0703,103484.31,58433.303,0.058399999999999785,深圳,电器连锁,20100528,
002416.SZ,爱施德,20191011,5.3006,5.4562,5.5438,5.2715,5.3298,2.3716,102900.27,57369.647,0.1264000000000003,深圳,电器连锁,20100528,
002416.SZ,爱施德,20191010,5.2325,5.3298,5.3493,5.2034,5.2423,1.6691,68327.06,37069.142,0.08749999999999947,深圳,电器连锁,20100528,
002416.SZ,爱施德,20191009,5.0867,5.2423,5.252,5.0867,5.1547,1.6994,46724.38,24952.393,0.08760000000000012,深圳,电器连锁,20100528,
002416.SZ,爱施德,20191008,5.1645,5.1547,5.2325,5.1256,5.2325,-1.4869,45856.04,24415.04,-0.07779999999999987,深圳,电器连锁,20100528,
002416.SZ,爱施德,20190930,5.3979,5.2325,5.4173,5.1645,5.4465,-3.9291,76890.52,41759.377,-0.2140000000000004,深圳,电器连锁,20100528,
002416.SZ,爱施德,20190927,5.1936,5.4465,5.4465,5.1645,5.1936,4.8695,81779.34,44816.737,0.25290000000000035,深圳,电器连锁,20100528,
002416.SZ,爱施德,20190926,5.359,5.1936,5.3979,5.1839,5.3298,-2.5554,61568.22,33229.364,-0.13619999999999965,深圳,电器连锁,20100528,
002416.SZ,爱施德,20190925,5.4368,5.3298,5.4562,5.3298,5.4854,-2.8366,66456.04,36859.743,-0.15560000000000063,深圳,电器连锁,20100528,
002416.SZ,爱施德,20190924,5.6216,5.4854,5.6216,5.466,5.6119,-2.2541,105577.52,59876.69,-0.12650000000000006,深圳,电器连锁,20100528,
002416.SZ,爱施德,20190923,5.7383,5.6119,5.7383,5.5243,5.7869,-3.0241,111916.02,64358.319,-0.17499999999999982,深圳,电器连锁,20100528,
002416.SZ,爱施德,20190920,5.6313,5.7869,5.9328,5.5827,5.641,2.5864,201880.21,119404.724,0.14590000000000014,深圳,电器连锁,20100528,
002416.SZ,爱施德,20190919,5.6702,5.641,5.6897,5.5535,5.6508,-0.1734,57124.25,32943.885,-0.009800000000000253,深圳,电器连锁,20100528,
002416.SZ,爱施德,20190918,5.6313,5.6508,5.7286,5.5535,5.6313,0.3463,66266.0,38471.59,0.01949999999999985,深圳,电器连锁,20100528,
002416.SZ,爱施德,20190917,5.7577,5.6313,5.7577,5.5924,5.7577,-2.1953,83792.01,48684.192,-0.1263999999999994,深圳,电器连锁,20100528,
002416.SZ,爱施德,20190916,5.7188,5.7577,5.8745,5.6702,5.6897,1.1951,117357.49,69674.617,0.06799999999999962,深圳,电器连锁,20100528,
002416.SZ,爱施德,20190912,5.6897,5.6897,5.7383,5.641,5.6799,0.1725,69564.33,40717.823,0.009800000000000253,深圳,电器连锁,20100528,
002416.SZ,爱施德,20190911,5.7188,5.6799,5.7577,5.6216,5.7188,-0.6802,95362.2,55741.668,-0.038899999999999935,深圳,电器连锁,20100528,
002416.SZ,爱施德,20190910,5.641,5.7188,5.7286,5.5924,5.6994,0.3404,140318.57,81660.817,0.019400000000000084,深圳,电器连锁,20100528,
002416.SZ,爱施德,20190909,5.5341,5.6994,5.7188,5.5049,5.5049,3.5332,157707.18,91256.055,0.19449999999999967,深圳,电器连锁,20100528,
002416.SZ,爱施德,20190906,5.5049,5.5049,5.5535,5.4173,5.4465,1.0722,97986.48,55175.976,0.058399999999999785,深圳,电器连锁,20100528,
002416.SZ,爱施德,20190905,5.466,5.4465,5.5438,5.4271,5.4271,0.3575,116897.8,65877.909,0.019400000000000084,深圳,电器连锁,20100528,
002416.SZ,爱施德,20190904,5.359,5.4271,5.4465,5.359,5.3493,1.4544,67074.0,37258.412,0.07779999999999987,深圳,电器连锁,20100528,
002416.SZ,爱施德,20190903,5.359,5.3493,5.4271,5.3104,5.3687,-0.3614,57140.4,31484.519,-0.019399999999999196,深圳,电器连锁,20100528,
002416.SZ,爱施德,20190902,5.2228,5.3687,5.4173,5.2131,5.2228,2.7935,70514.74,38600.572,0.14589999999999925,深圳,电器连锁,20100528,
002416.SZ,爱施德,20190830,5.3979,5.2228,5.4076,5.1936,5.359,-2.5415,54434.85,29620.71,-0.13619999999999965,深圳,电器连锁,20100528,
002416.SZ,爱施德,20190829,5.3882,5.359,5.4173,5.2812,5.359,0.0,61351.33,33731.878,0.0,深圳,电器连锁,20100528,
002416.SZ,爱施德,20190828,5.4173,5.359,5.466,5.3395,5.4076,-0.8987,60261.4,33349.138,-0.04860000000000042,深圳,电器连锁,20100528,
002416.SZ,爱施德,20190827,5.3784,5.4076,5.5243,5.3493,5.3395,1.2754,69361.53,38747.281,0.06810000000000027,深圳,电器连锁,20100528,
002416.SZ,爱施德,20190826,5.1839,5.3395,5.3882,5.1839,5.4271,-1.6141,78546.61,42775.941,-0.08760000000000012,深圳,电器连锁,20100528,
002416.SZ,爱施德,20190823,5.6119,5.4271,5.6897,5.4076,5.466,-0.7117,123921.79,70694.31,-0.038899999999999935,深圳,电器连锁,20100528,
002416.SZ,爱施德,20190822,5.4076,5.466,5.5438,5.359,5.4271,0.7168,82241.57,46099.302,0.038899999999999935,深圳,电器连锁,20100528,
002416.SZ,爱施德,20190821,5.3979,5.4271,5.5146,5.3687,5.4173,0.1809,105110.24,58597.57,0.009800000000000253,深圳,电器连锁,20100528,
002416.SZ,爱施德,20190820,5.4465,5.4173,5.6021,5.3979,5.3687,0.9052,134854.15,75957.122,0.04860000000000042,深圳,电器连锁,20100528,
002416.SZ,爱施德,20190819,5.2715,5.3687,5.4271,5.1839,5.1158,4.9435,100521.73,54872.318,0.25289999999999946,深圳,电器连锁,20100528,
002416.SZ,爱施德,20190816,5.1353,5.1158,5.1839,5.1061,5.1547,-0.7547,39385.94,20826.147,-0.038899999999999935,深圳,电器连锁,20100528,
002416.SZ,爱施德,20190815,5.0575,5.1547,5.1547,4.9797,5.145,0.1885,41490.15,21628.865,0.009700000000000486,深圳,电器连锁,20100528,
002416.SZ,爱施德,20190814,5.1547,5.145,5.2325,5.1353,5.1061,0.7618,40376.25,21498.026,0.038899999999999935,深圳,电器连锁,20100528,
002416.SZ,爱施德,20190813,5.1645,5.1061,5.1839,5.0672,5.2131,-2.0525,52574.68,27665.397,-0.1070000000000002,深圳,电器连锁,20100528,
002416.SZ,爱施德,20190812,5.1158,5.2131,5.2228,5.1158,5.1547,1.1329,32248.2,17115.232,0.058399999999999785,深圳,电器连锁,20100528,
002416.SZ,爱施德,20190809,5.2228,5.1547,5.252,5.1353,5.1839,-0.5633,28493.15,15199.608,-0.029200000000000337,深圳,电器连锁,20100528,
002416.SZ,爱施德,20190808,5.252,5.1839,5.2715,5.1839,5.2423,-1.114,31893.4,17084.046,-0.058399999999999785,深圳,电器连锁,20100528,
002416.SZ,爱施德,20190807,5.3006,5.2423,5.3006,5.1547,5.252,-0.1847,61503.6,32994.537,-0.009699999999999598,深圳,电器连锁,20100528,
002416.SZ,爱施德,20190806,5.5341,5.252,5.5438,5.1353,5.6313,-6.7356,128666.62,69951.014,-0.37930000000000064,深圳,电器连锁,20100528,
002416.SZ,爱施德,20190805,5.6994,5.6313,5.7383,5.6119,5.748,-2.0303,62425.58,36394.149,-0.1166999999999998,深圳,电器连锁,20100528,
002416.SZ,爱施德,20190802,5.4562,5.748,5.7577,5.4271,5.6021,2.6044,110176.35,64177.227,0.14590000000000014,深圳,电器连锁,20100528,
002416.SZ,爱施德,20190801,5.6021,5.6021,5.6119,5.5146,5.6216,-0.3469,43404.23,24821.401,-0.01949999999999985,深圳,电器连锁,20100528,
002416.SZ,爱施德,20190731,5.466,5.6216,5.6994,5.4173,5.4465,3.2149,82857.89,47709.572,0.1750999999999996,深圳,电器连锁,20100528,
002416.SZ,爱施德,20190730,5.4173,5.4465,5.4854,5.3784,5.4173,0.539,36411.87,20390.33,0.029200000000000337,深圳,电器连锁,20100528,
002416.SZ,爱施德,20190729,5.4271,5.4173,5.4854,5.3687,5.4465,-0.5361,46935.36,26132.284,-0.029200000000000337,深圳,电器连锁,20100528,
002416.SZ,爱施德,20190726,5.4465,5.4465,5.4854,5.3687,5.4465,0.0,37051.61,20700.628,0.0,深圳,电器连锁,20100528,
002416.SZ,爱施德,20190725,5.4757,5.4465,5.5049,5.3979,5.4465,0.0,34936.79,19586.556,0.0,深圳,电器连锁,20100528,
002416.SZ,爱施德,20190724,5.4271,5.4465,5.5049,5.4076,5.4173,0.539,55413.96,31079.406,0.029200000000000337,深圳,电器连锁,20100528,
002416.SZ,爱施德,20190723,5.3687,5.4173,5.4757,5.359,5.3979,0.3594,29840.6,16613.587,0.019400000000000084,深圳,电器连锁,20100528,
002416.SZ,爱施德,20190722,5.5049,5.3979,5.5632,5.3687,5.4951,-1.7688,46726.39,26089.723,-0.09719999999999995,深圳,电器连锁,20100528,
002416.SZ,爱施德,20190719,5.5049,5.4951,5.5924,5.4854,5.5049,-0.178,49658.0,28306.355,-0.009800000000000253,深圳,电器连锁,20100528,
002416.SZ,爱施德,20190718,5.7188,5.5049,5.7383,5.5049,5.7577,-4.3906,61930.99,35578.904,-0.2527999999999997,深圳,电器连锁,20100528,
002416.SZ,爱施德,20190717,5.7772,5.7577,5.8356,5.7091,5.7967,-0.6728,42691.42,25268.468,-0.03900000000000059,深圳,电器连锁,20100528,
002416.SZ,爱施德,20190716,5.7675,5.7967,5.8064,5.7091,5.7675,0.5063,36950.7,21866.24,0.029200000000000337,深圳,电器连锁,20100528,
002416.SZ,爱施德,20190715,5.8258,5.7675,5.8356,5.7286,5.8453,-1.331,67984.87,40377.789,-0.07779999999999987,深圳,电器连锁,20100528,
002416.SZ,爱施德,20190712,5.6605,5.8453,5.9717,5.6216,5.6605,3.2647,142695.27,85276.997,0.18480000000000008,深圳,电器连锁,20100528,
002416.SZ,爱施德,20190711,5.7772,5.6605,5.8161,5.6508,5.748,-1.5223,62244.82,36586.752,-0.08750000000000036,深圳,电器连锁,20100528,
002416.SZ,爱施德,20190710,5.7577,5.748,5.9134,5.748,5.855,-1.8275,52395.42,31243.227,-0.1070000000000002,深圳,电器连锁,20100528,
002416.SZ,爱施德,20190709,5.7188,5.855,5.8842,5.7188,5.855,0.0,74216.05,44190.002,0.0,深圳,电器连锁,20100528,
002416.SZ,爱施德,20190708,5.7869,5.855,5.9814,5.6021,5.855,0.0,176598.4,105242.004,0.0,深圳,电器连锁,20100528,
002416.SZ,爱施德,20190705,5.8745,5.855,5.9134,5.8453,5.8745,-0.3319,58793.14,35460.057,-0.01949999999999985,深圳,电器连锁,20100528,
002416.SZ,爱施德,20190704,5.8939,5.8745,5.9912,5.8161,5.8939,-0.3292,102304.23,61947.314,-0.019400000000000084,深圳,电器连锁,20100528,
002416.SZ,爱施德,20190703,5.9717,5.8939,6.0106,5.8453,6.0398,-2.4156,92219.03,55952.251,-0.14589999999999925,深圳,电器连锁,20100528,
002416.SZ,爱施德,20190702,6.0301,6.0398,6.0884,5.8356,6.0787,-0.6399,207730.03,126865.263,-0.03890000000000082,深圳,电器连锁,20100528,
002416.SZ,爱施德,20190701,6.2051,6.0787,6.2246,6.0203,6.0787,0.0,214845.11,134778.135,0.0,深圳,电器连锁,20100528,
002416.SZ,爱施德,20190628,6.0203,6.0787,6.2246,5.9425,6.1857,-1.7298,202840.38,126143.802,-0.10699999999999932,深圳,电器连锁,20100528,
002416.SZ,爱施德,20190627,5.6994,6.1857,6.2732,5.6508,5.6994,8.5325,415630.28,256244.32,0.48629999999999995,深圳,电器连锁,20100528,
002416.SZ,爱施德,20190626,5.6994,5.6994,5.8647,5.5827,5.6994,0.0,308952.8,182347.166,0.0,深圳,电器连锁,20100528,
002416.SZ,爱施德,20190625,5.1936,5.6994,5.6994,5.0964,5.1839,9.9443,289686.17,164932.515,0.5154999999999994,深圳,电器连锁,20100528,
002416.SZ,爱施德,20190624,5.2228,5.1839,5.252,5.1742,5.2423,-1.114,58198.91,31149.829,-0.058399999999999785,深圳,电器连锁,20100528,
002416.SZ,爱施德,20190621,5.2228,5.2423,5.2909,5.1936,5.2034,0.7476,92958.62,50103.337,0.038899999999999935,深圳,电器连锁,20100528,
002416.SZ,爱施德,20190620,5.1353,5.2034,5.252,5.0769,5.1353,1.3261,84275.79,44803.273,0.06810000000000027,深圳,电器连锁,20100528,
002416.SZ,爱施德,20190619,5.1742,5.1353,5.252,5.1353,5.0964,0.7633,91139.98,48474.059,0.038899999999999935,深圳,电器连锁,20100528,
002416.SZ,爱施德,20190618,5.0867,5.0964,5.1742,5.0283,5.0672,0.5763,76501.68,39970.132,0.029200000000000337,深圳,电器连锁,20100528,
002416.SZ,爱施德,20190617,5.1645,5.0672,5.1742,5.0186,5.2034,-2.6175,72617.52,37947.707,-0.13620000000000054,深圳,电器连锁,20100528,
002416.SZ,爱施德,20190614,5.2131,5.2034,5.2325,5.145,5.2034,0.0,89375.41,47771.523,0.0,深圳,电器连锁,20100528,
002416.SZ,爱施德,20190613,5.2034,5.2034,5.2228,5.1158,5.2034,0.0,82680.14,43925.838,0.0,深圳,电器连锁,20100528,
002416.SZ,爱施德,20190612,5.2617,5.2034,5.2812,5.1547,5.3201,-2.1936,114229.94,61208.246,-0.1166999999999998,深圳,电器连锁,20100528,
002416.SZ,爱施德,20190611,5.145,5.3201,5.3493,5.0089,5.2131,2.0525,176428.27,93812.97,0.1070000000000002,深圳,电器连锁,20100528,
002416.SZ,爱施德,20190610,5.1353,5.2131,5.2715,4.9797,5.1353,1.515,112863.05,59865.118,0.07779999999999987,深圳,电器连锁,20100528,
002416.SZ,爱施德,20190606,5.2034,5.1353,5.2034,5.038,5.1353,0.0,81654.54,43089.257,0.0,深圳,电器连锁,20100528,
002416.SZ,爱施德,20190605,5.0867,5.1353,5.2325,5.0089,4.9797,3.1247,103268.77,54574.558,0.15559999999999974,深圳,电器连锁,20100528,
002416.SZ,爱施德,20190604,4.9991,4.9797,5.0964,4.9408,4.9797,0.0,59050.85,30483.842,0.0,深圳,电器连锁,20100528,
002416.SZ,爱施德,20190603,5.0867,4.9797,5.1256,4.9213,5.0769,-1.9146,65381.9,33542.43,-0.09719999999999995,深圳,电器连锁,20100528,
002416.SZ,爱施德,20190531,5.0867,5.0769,5.1742,5.038,5.1061,-0.5719,38724.6,20311.582,-0.02919999999999945,深圳,电器连锁,20100528,
002416.SZ,爱施德,20190530,5.2034,5.1061,5.2034,5.0283,5.1547,-0.9428,46973.8,24548.803,-0.04860000000000042,深圳,电器连锁,20100528,
002416.SZ,爱施德,20190529,5.2131,5.1547,5.2325,5.1353,5.1645,-0.1898,43424.06,23149.602,-0.009800000000000253,深圳,电器连锁,20100528,
002416.SZ,爱施德,20190528,5.2715,5.1645,5.3006,5.1353,5.2228,-1.1163,54442.64,29170.683,-0.05830000000000002,深圳,电器连锁,20100528,
002416.SZ,爱施德,20190527,4.9894,5.2228,5.2715,4.9797,4.9894,4.6779,75928.8,40266.362,0.2334000000000005,深圳,电器连锁,20100528,
002416.SZ,爱施德,20190524,5.0867,4.9894,5.1742,4.9602,5.0867,-1.9128,62075.55,32195.523,-0.09730000000000061,深圳,电器连锁,20100528,
002416.SZ,爱施德,20190523,5.0575,5.0867,5.2325,5.0478,5.1547,-1.3192,67978.97,35903.109,-0.06799999999999962,深圳,电器连锁,20100528,
002416.SZ,爱施德,20190522,5.2205,5.1549,5.2767,5.0893,5.2674,-2.1358,70801.25,39099.522,-0.11250000000000071,深圳,电器连锁,20100528,
002416.SZ,爱施德,20190521,5.2205,5.2674,5.3048,5.1549,5.2017,1.263,69406.94,38764.449,0.06570000000000054,深圳,电器连锁,20100528,
002416.SZ,爱施德,20190520,5.2111,5.2017,5.258,5.0987,5.2111,-0.1804,56394.54,31137.162,-0.009400000000000297,深圳,电器连锁,20100528,
002416.SZ,爱施德,20190517,5.3423,5.2111,5.3423,5.1361,5.3705,-2.9681,72758.13,40920.752,-0.15939999999999976,深圳,电器连锁,20100528,
002416.SZ,爱施德,20190516,5.4173,5.3705,5.4173,5.2767,5.333,0.7032,57165.81,32579.531,0.037499999999999645,深圳,电器连锁,20100528,
002416.SZ,爱施德,20190515,5.2674,5.333,5.3611,5.2299,5.2111,2.3392,72297.51,40893.863,0.12190000000000012,深圳,电器连锁,20100528,
002416.SZ,爱施德,20190514,5.2299,5.2111,5.3423,5.1736,5.2767,-1.2432,71668.48,40224.923,-0.06559999999999988,深圳,电器连锁,20100528,
002416.SZ,爱施德,20190513,5.2674,5.2767,5.4267,5.2299,5.3611,-1.5743,63486.85,35938.176,-0.08440000000000047,深圳,电器连锁,20100528,
002416.SZ,爱施德,20190510,5.258,5.3611,5.4267,5.1643,5.2486,2.1434,83871.7,47628.97,0.11250000000000071,深圳,电器连锁,20100528,
002416.SZ,爱施德,20190509,5.2205,5.2486,5.4829,5.1924,5.3142,-1.2344,109243.92,61931.651,-0.06559999999999988,深圳,电器连锁,20100528,
002416.SZ,爱施德,20190508,5.1924,5.3142,5.3611,5.1643,5.2767,0.7107,101432.63,57242.839,0.037499999999999645,深圳,电器连锁,20100528,
002416.SZ,爱施德,20190507,5.0424,5.2767,5.3423,4.9674,5.0049,5.4307,129191.89,70978.727,0.2717999999999998,深圳,电器连锁,20100528,
002416.SZ,爱施德,20190506,5.3423,5.0049,5.3611,4.9487,5.5017,-9.0299,147261.89,80333.4,-0.49679999999999946,深圳,电器连锁,20100528,
002416.SZ,爱施德,20190430,5.6516,5.5017,5.7266,5.4454,5.586,-1.5091,85668.77,50789.63,-0.08430000000000071,深圳,电器连锁,20100528,
002416.SZ,爱施德,20190429,5.811,5.586,5.8297,5.4829,5.7547,-2.9315,126388.94,76275.397,-0.1686999999999994,深圳,电器连锁,20100528,
002416.SZ,爱施德,20190426,5.7547,5.7547,5.8578,5.6704,5.736,0.326,74966.86,46236.82,0.01869999999999994,深圳,电器连锁,20100528,
002416.SZ,爱施德,20190425,6.1296,5.736,6.1296,5.7172,6.0546,-5.2621,96935.41,60832.176,-0.3186,深圳,电器连锁,20100528,
002416.SZ,爱施德,20190424,5.9703,6.0546,6.0828,5.8859,5.989,1.0953,85051.35,54444.43,0.06559999999999988,深圳,电器连锁,20100528,
002416.SZ,爱施德,20190423,6.289,5.989,6.289,5.9328,6.2421,-4.0547,111113.83,71648.157,-0.2530999999999999,深圳,电器连锁,20100528,
002416.SZ,爱施德,20190422,6.3639,6.2421,6.3639,6.1859,6.3171,-1.1873,68948.69,46094.305,-0.07500000000000018,深圳,电器连锁,20100528,
002416.SZ,爱施德,20190419,6.3358,6.3171,6.4108,6.214,6.3358,-0.2951,73258.04,49172.352,-0.01869999999999994,深圳,电器连锁,20100528,
002416.SZ,爱施德,20190418,6.3265,6.3358,6.4389,6.2327,6.3358,0.0,93858.09,63627.896,0.0,深圳,电器连锁,20100528,
002416.SZ,爱施德,20190417,6.2327,6.3358,6.3639,6.139,6.2327,1.6542,126868.45,85218.484,0.10309999999999953,深圳,电器连锁,20100528,
002416.SZ,爱施德,20190416,6.0921,6.2327,6.2608,5.8672,6.0734,2.6229,120087.59,77680.931,0.1593,深圳,电器连锁,20100528,
002416.SZ,爱施德,20190415,6.139,6.0734,6.2327,6.0546,6.0828,-0.1545,77333.48,50798.92,-0.009399999999999409,深圳,电器连锁,20100528,
002416.SZ,爱施德,20190412,6.2421,6.0828,6.2421,6.0172,6.2046,-1.9631,86313.13,56151.778,-0.12180000000000035,深圳,电器连锁,20100528,
002416.SZ,爱施德,20190411,6.214,6.2046,6.4202,6.1577,6.2234,-0.3021,125580.99,84193.408,-0.018799999999999706,深圳,电器连锁,20100528,
002416.SZ,爱施德,20190410,6.2515,6.2234,6.3077,6.0546,6.2702,-0.7464,107044.33,70759.39,-0.046800000000000175,深圳,电器连锁,20100528,
002416.SZ,爱施德,20190409,6.1296,6.2702,6.3171,6.0546,6.0921,2.9235,121013.58,80406.476,0.1780999999999997,深圳,电器连锁,20100528,
002416.SZ,爱施德,20190408,6.2608,6.0921,6.2702,5.989,6.1859,-1.5164,90714.74,59344.617,-0.09379999999999988,深圳,电器连锁,20100528,
002416.SZ,爱施德,20190404,6.2421,6.1859,6.2421,6.1015,6.1671,0.3048,85744.93,56613.477,0.018800000000000594,深圳,电器连锁,20100528,
002416.SZ,爱施德,20190403,6.0265,6.1671,6.2234,6.0265,6.0828,1.3859,105123.21,68622.226,0.08429999999999982,深圳,电器连锁,20100528,
002416.SZ,爱施德,20190402,6.139,6.0828,6.2796,6.064,6.0734,0.1548,100884.0,66239.078,0.009399999999999409,深圳,电器连锁,20100528,
002416.SZ,爱施德,20190401,5.8859,6.0734,6.139,5.8859,5.8766,3.3489,98550.23,63566.96,0.19680000000000053,深圳,电器连锁,20100528,
002416.SZ,爱施德,20190329,5.7454,5.8766,5.9141,5.6423,5.7266,2.6194,88036.6,54462.634,0.14999999999999947,深圳,电器连锁,20100528,
002416.SZ,爱施德,20190328,5.7641,5.7266,5.8766,5.6704,5.7641,-0.6506,84625.07,52303.357,-0.037499999999999645,深圳,电器连锁,20100528,
002416.SZ,爱施德,20190327,5.7922,5.7641,5.8578,5.6704,5.7172,0.8203,84030.84,51532.878,0.04689999999999994,深圳,电器连锁,20100528,
002416.SZ,爱施德,20190326,6.064,5.7172,6.0828,5.6985,5.989,-4.5383,95920.31,59962.268,-0.2717999999999998,深圳,电器连锁,20100528,
002416.SZ,爱施德,20190325,5.9703,5.989,6.1203,5.9328,6.0828,-1.5421,106369.23,68304.125,-0.09379999999999988,深圳,电器连锁,20100528,
002416.SZ,爱施德,20190322,6.1859,6.0828,6.2046,5.9797,6.1109,-0.4598,83830.49,54375.309,-0.028100000000000236,深圳,电器连锁,20100528,
002416.SZ,爱施德,20190321,6.0453,6.1109,6.2327,5.9516,6.0546,0.9299,116534.68,76301.767,0.05630000000000024,深圳,电器连锁,20100528,
002416.SZ,爱施德,20190320,6.0921,6.0546,6.2234,5.8766,6.0359,0.3098,110219.73,71033.992,0.01869999999999994,深圳,电器连锁,20100528,
002416.SZ,爱施德,20190319,6.064,6.0359,6.1577,5.9984,6.064,-0.4634,83237.98,53952.41,-0.028100000000000236,深圳,电器连锁,20100528,
002416.SZ,爱施德,20190318,5.9703,6.064,6.1109,5.9328,5.9609,1.7296,87651.12,56360.288,0.10310000000000041,深圳,电器连锁,20100528,
002416.SZ,爱施德,20190315,6.0828,5.9609,6.1484,5.8485,5.9703,-0.1574,93271.42,59879.427,-0.009400000000000297,深圳,电器连锁,20100528,
002416.SZ,爱施德,20190314,6.0078,5.9703,6.1859,5.8859,6.1296,-2.5989,117800.75,75571.77,-0.1593,深圳,电器连锁,20100528,
002416.SZ,爱施德,20190313,6.3639,6.1296,6.4014,6.0546,6.3639,-3.6817,182160.32,120858.739,-0.23430000000000017,深圳,电器连锁,20100528,
002416.SZ,爱施德,20190312,6.4577,6.3639,6.4764,6.214,6.3639,0.0,185938.39,125368.917,0.0,深圳,电器连锁,20100528,
002416.SZ,爱施德,20190311,6.0828,6.3639,6.4202,6.0546,5.9609,6.7607,158332.32,106143.263,0.40300000000000047,深圳,电器连锁,20100528,
002416.SZ,爱施德,20190308,6.2421,5.9609,6.4483,5.9328,6.3358,-5.9172,198570.83,131717.781,-0.37490000000000023,深圳,电器连锁,20100528,
002416.SZ,爱施德,20190307,6.0172,6.3358,6.3733,5.9984,6.0828,4.1593,187136.23,124806.038,0.2530000000000001,深圳,电器连锁,20100528,
002416.SZ,爱施德,20190306,5.9984,6.0828,6.0921,5.8672,5.9141,2.8525,157660.65,100881.434,0.1686999999999994,深圳,电器连锁,20100528,
002416.SZ,爱施德,20190305,5.6235,5.9141,5.9422,5.6235,5.6235,5.1676,167323.1,103686.952,0.2906000000000004,深圳,电器连锁,20100528,
002416.SZ,爱施德,20190304,5.586,5.6235,5.7547,5.5673,5.586,0.6713,156516.66,94522.423,0.037499999999999645,深圳,电器连锁,20100528,
002416.SZ,爱施德,20190301,5.5579,5.586,5.6141,5.4361,5.5204,1.1883,116885.08,69195.701,0.06559999999999988,深圳,电器连锁,20100528,
002416.SZ,爱施德,20190228,5.5017,5.5204,5.586,5.4642,5.511,0.1706,72462.1,42654.815,0.009400000000000297,深圳,电器连锁,20100528,
002416.SZ,爱施德,20190227,5.4454,5.511,5.6423,5.4361,5.4736,0.6833,147379.18,87093.519,0.03739999999999988,深圳,电器连锁,20100528,
002416.SZ,爱施德,20190226,5.5579,5.4736,5.6797,5.4642,5.511,-0.6786,184131.29,109160.028,-0.03739999999999988,深圳,电器连锁,20100528,
002416.SZ,爱施德,20190225,5.2486,5.511,5.5673,5.2486,5.2299,5.3749,172369.24,99386.83,0.28110000000000035,深圳,电器连锁,20100528,
002416.SZ,爱施德,20190222,5.108,5.2299,5.258,5.0987,5.108,2.3865,109604.64,60730.751,0.12190000000000012,深圳,电器连锁,20100528,
002416.SZ,爱施德,20190221,5.1455,5.108,5.2674,5.0705,5.1455,-0.7288,101417.06,55839.95,-0.03750000000000053,深圳,电器连锁,20100528,
002416.SZ,爱施德,20190220,5.1268,5.1455,5.1736,5.0237,5.1455,0.0,82070.47,44692.944,0.0,深圳,电器连锁,20100528,
002416.SZ,爱施德,20190219,5.2017,5.1455,5.2861,5.0799,5.2017,-1.0804,108318.81,59560.721,-0.056199999999999584,深圳,电器连锁,20100528,
002416.SZ,爱施德,20190218,5.0237,5.2017,5.2299,4.9862,4.9674,4.7168,106595.77,58027.084,0.23430000000000017,深圳,电器连锁,20100528,
002416.SZ,爱施德,20190215,5.033,4.9674,5.0799,4.9299,5.0143,-0.9353,67506.17,36012.453,-0.04690000000000083,深圳,电器连锁,20100528,
002416.SZ,爱施德,20190214,5.033,5.0143,5.0893,4.9299,5.0424,-0.5573,66637.18,35599.816,-0.028099999999999348,深圳,电器连锁,20100528,
002416.SZ,爱施德,20190213,4.9581,5.0424,5.0705,4.9487,4.9674,1.5098,61759.05,33089.897,0.07500000000000018,深圳,电器连锁,20100528,
002416.SZ,爱施德,20190212,4.9487,4.9674,5.0799,4.9206,4.9206,0.9511,56747.57,30130.684,0.04679999999999929,深圳,电器连锁,20100528,
002416.SZ,爱施德,20190211,4.7144,4.9206,4.9768,4.6956,4.6488,5.8467,77926.88,40427.45,0.2718000000000007,深圳,电器连锁,20100528,
002416.SZ,爱施德,20190201,4.5925,4.6488,4.7331,4.555,4.5925,1.2259,68043.47,33642.186,0.05629999999999935,深圳,电器连锁,20100528,
002416.SZ,爱施德,20190131,4.9206,4.5925,5.0049,4.5832,5.0893,-9.7617,92566.97,46416.924,-0.49679999999999946,深圳,电器连锁,20100528,
002416.SZ,爱施德,20190130,5.1361,5.0893,5.2111,5.0237,5.1361,-0.9112,59779.33,32604.604,-0.046800000000000175,深圳,电器连锁,20100528,
002416.SZ,爱施德,20190129,5.5579,5.1361,5.5579,5.0518,5.5204,-6.9615,69330.73,38499.332,-0.38430000000000053,深圳,电器连锁,20100528,
002416.SZ,爱施德,20190128,5.5579,5.5204,5.6141,5.4923,5.5298,-0.17,23694.85,14052.778,-0.009399999999999409,深圳,电器连锁,20100528,
002416.SZ,爱施德,20190125,5.6141,5.5298,5.6704,5.5298,5.6704,-2.4795,29826.4,17773.222,-0.14060000000000006,深圳,电器连锁,20100528,
002416.SZ,爱施德,20190124,5.5954,5.6704,5.6797,5.5298,5.5766,1.682,35482.77,21311.828,0.09379999999999988,深圳,电器连锁,20100528,
002416.SZ,爱施德,20190123,5.5954,5.5766,5.6516,5.5204,5.6141,-0.668,28867.82,17148.628,-0.037499999999999645,深圳,电器连锁,20100528,
002416.SZ,爱施德,20190122,5.6704,5.6141,5.6704,5.5766,5.6704,-0.9929,24621.85,14782.982,-0.05630000000000024,深圳,电器连锁,20100528,
002416.SZ,爱施德,20190121,5.661,5.6704,5.7172,5.5954,5.6704,0.0,28902.91,17477.307,0.0,深圳,电器连锁,20100528,
002416.SZ,爱施德,20190118,5.6235,5.6704,5.6797,5.5298,5.6329,0.6657,35046.51,21002.865,0.037499999999999645,深圳,电器连锁,20100528,
002416.SZ,爱施德,20190117,5.736,5.6329,5.736,5.6048,5.7079,-1.314,37931.7,22855.19,-0.07500000000000018,深圳,电器连锁,20100528,
002416.SZ,爱施德,20190116,5.8578,5.7079,5.8578,5.6891,5.7922,-1.4554,34761.13,21272.553,-0.08429999999999982,深圳,电器连锁,20100528,
002416.SZ,爱施德,20190115,5.5766,5.7922,5.8016,5.5766,5.5766,3.8662,58568.76,35924.499,0.21560000000000024,深圳,电器连锁,20100528,
002416.SZ,爱施德,20190114,5.6048,5.5766,5.7454,5.5485,5.6235,-0.834,40682.4,24478.029,-0.04689999999999994,深圳,电器连锁,20100528,
002416.SZ,爱施德,20190111,5.511,5.6235,5.6235,5.4923,5.5298,1.6945,33420.43,19870.852,0.09370000000000012,深圳,电器连锁,20100528,
002416.SZ,爱施德,20190110,5.5485,5.5298,5.586,5.4548,5.5485,-0.337,36322.53,21406.229,-0.01869999999999994,深圳,电器连锁,20100528,
002416.SZ,爱施德,20190109,5.6141,5.5485,5.6797,5.5392,5.586,-0.6713,33523.21,20113.006,-0.03750000000000053,深圳,电器连锁,20100528,
002416.SZ,爱施德,20190108,5.5485,5.586,5.6329,5.5298,5.5579,0.5056,24228.99,14438.08,0.028100000000000236,深圳,电器连锁,20100528,
002416.SZ,爱施德,20190107,5.5673,5.5579,5.6235,5.5017,5.5485,0.1694,34250.85,20328.012,0.009400000000000297,深圳,电器连锁,20100528,
002416.SZ,爱施德,20190104,5.4267,5.5485,5.5673,5.3892,5.4829,1.1964,37466.53,21957.944,0.06559999999999988,深圳,电器连锁,20100528,
002416.SZ,爱施德,20190103,5.3611,5.4829,5.5954,5.3611,5.3705,2.0929,36201.43,21316.085,0.11240000000000006,深圳,电器连锁,20100528,
002416.SZ,爱施德,20190102,5.5766,5.3705,5.5766,5.3236,5.511,-2.5494,33065.45,19168.317,-0.1405000000000003,深圳,电器连锁,20100528,
002416.SZ,爱施德,20181228,5.6985,5.511,5.6985,5.5017,5.6329,-2.1641,26887.5,15950.509,-0.12190000000000012,深圳,电器连锁,20100528,
002416.SZ,爱施德,20181227,5.7922,5.6329,5.8297,5.6329,5.7547,-2.1165,32059.75,19622.736,-0.12179999999999946,深圳,电器连锁,20100528,
002416.SZ,爱施德,20181226,5.5954,5.7547,5.7641,5.5673,5.5298,4.0671,40561.46,24601.507,0.22489999999999988,深圳,电器连锁,20100528,
002416.SZ,爱施德,20181225,5.6423,5.5298,5.6891,5.4173,5.6704,-2.4795,29078.16,17125.28,-0.14060000000000006,深圳,电器连锁,20100528,
002416.SZ,爱施德,20181224,5.4923,5.6704,5.6797,5.4923,5.4923,3.2427,34225.35,20565.188,0.1780999999999997,深圳,电器连锁,20100528,
002416.SZ,爱施德,20181221,5.5017,5.4923,5.5766,5.4548,5.5017,-0.1709,18003.81,10608.57,-0.009399999999999409,深圳,电器连锁,20100528,
002416.SZ,爱施德,20181220,5.5579,5.5017,5.6423,5.4829,5.586,-1.5091,24578.16,14535.83,-0.08430000000000071,深圳,电器连锁,20100528,
002416.SZ,爱施德,20181219,5.6423,5.586,5.661,5.5766,5.6235,-0.6668,17291.29,10353.277,-0.037499999999999645,深圳,电器连锁,20100528,
002416.SZ,爱施德,20181218,5.6704,5.6235,5.6985,5.5766,5.6235,0.0,31320.98,18834.963,0.0,深圳,电器连锁,20100528,
002416.SZ,爱施德,20181217,5.6797,5.6235,5.7172,5.5954,5.6235,0.0,33095.85,19958.123,0.0,深圳,电器连锁,20100528,
002416.SZ,爱施德,20181214,5.8203,5.6235,5.8672,5.6141,5.8297,-3.5371,26693.11,16280.093,-0.20619999999999994,深圳,电器连锁,20100528,
002416.SZ,爱施德,20181213,5.8297,5.8297,5.8766,5.7266,5.8203,0.1615,22831.36,14178.581,0.009400000000000297,深圳,电器连锁,20100528,
002416.SZ,爱施德,20181212,5.8672,5.8203,5.9703,5.7266,5.811,0.16,34549.26,21428.716,0.009299999999999642,深圳,电器连锁,20100528,
002416.SZ,爱施德,20181211,5.8766,5.811,5.8859,5.7641,5.8016,0.162,16280.6,10090.953,0.009400000000000297,深圳,电器连锁,20100528,
002416.SZ,爱施德,20181210,5.7172,5.8016,5.9141,5.6704,5.8016,0.0,30662.45,18942.454,0.0,深圳,电器连锁,20100528,
002416.SZ,爱施德,20181207,5.9234,5.8016,5.9422,5.7735,5.8859,-1.4322,48500.73,30301.711,-0.08430000000000071,深圳,电器连锁,20100528,
002416.SZ,爱施德,20181206,5.9516,5.8859,5.9516,5.7454,5.989,-1.7215,60230.52,37497.745,-0.10309999999999953,深圳,电器连锁,20100528,
002416.SZ,爱施德,20181205,5.8672,5.989,5.9984,5.8297,5.9703,0.3132,38794.96,24520.989,0.01869999999999994,深圳,电器连锁,20100528,
002416.SZ,爱施德,20181204,6.0359,5.9703,6.0734,5.9047,5.9797,-0.1572,45660.18,29132.854,-0.009400000000000297,深圳,电器连锁,20100528,
002416.SZ,爱施德,20181203,5.7266,5.9797,6.0921,5.7266,5.6329,6.1567,88599.06,56464.375,0.3468,深圳,电器连锁,20100528,
002416.SZ,爱施德,20181130,5.7266,5.6329,5.8297,5.6048,5.7828,-2.5922,40459.62,24541.783,-0.1498999999999997,深圳,电器连锁,20100528,
002416.SZ,爱施德,20181129,5.9047,5.7828,5.9141,5.7454,5.8766,-1.5962,30741.4,19172.393,-0.09379999999999988,深圳,电器连锁,20100528,
002416.SZ,爱施德,20181128,5.6141,5.8766,5.9234,5.6141,5.6235,4.5008,67030.5,41773.896,0.2530999999999999,深圳,电器连锁,20100528,
002416.SZ,爱施德,20181127,5.6516,5.6235,5.7172,5.586,5.5673,1.0095,26365.67,15893.038,0.056199999999999584,深圳,电器连锁,20100528,
002416.SZ,爱施德,20181126,5.5954,5.5673,5.6797,5.4829,5.5204,0.8496,27020.38,16111.326,0.04689999999999994,深圳,电器连锁,20100528,
002416.SZ,爱施德,20181123,5.8766,5.5204,5.8766,5.511,5.8297,-5.3056,35995.86,21670.933,-0.30929999999999946,深圳,电器连锁,20100528,
002416.SZ,爱施德,20181122,5.7922,5.8297,5.8859,5.7454,5.811,0.3218,26385.2,16362.293,0.01869999999999994,深圳,电器连锁,20100528,
002416.SZ,爱施德,20181121,5.6797,5.811,5.8391,5.6704,5.6797,2.3117,36618.01,22586.288,0.13129999999999953,深圳,电器连锁,20100528,
002416.SZ,爱施德,20181120,5.8859,5.6797,5.8859,5.6516,5.8953,-3.6572,40937.37,25144.237,-0.21559999999999935,深圳,电器连锁,20100528,
002416.SZ,爱施德,20181119,5.9516,5.8953,5.9516,5.8297,5.8672,0.4789,36549.7,22910.788,0.028099999999999348,深圳,电器连锁,20100528,
002416.SZ,爱施德,20181116,5.8016,5.8672,5.8953,5.7266,5.7641,1.7887,43033.49,26866.764,0.10310000000000041,深圳,电器连锁,20100528,
002416.SZ,爱施德,20181115,5.7079,5.7641,5.8485,5.6704,5.6797,1.486,40204.39,24785.575,0.08439999999999959,深圳,电器连锁,20100528,
002416.SZ,爱施德,20181114,5.6704,5.6797,5.736,5.6235,5.6704,0.164,41368.67,25119.192,0.00930000000000053,深圳,电器连锁,20100528,
002416.SZ,爱施德,20181113,5.6423,5.6704,5.7172,5.5766,5.6516,0.3326,50999.5,30758.778,0.018799999999999706,深圳,电器连锁,20100528,
002416.SZ,爱施德,20181112,5.5204,5.6516,5.6704,5.5204,5.5298,2.2026,49194.93,29490.191,0.12180000000000035,深圳,电器连锁,20100528,
002416.SZ,爱施德,20181109,5.4079,5.5298,5.5673,5.3611,5.3798,2.7882,54824.07,32315.152,0.14999999999999947,深圳,电器连锁,20100528,
002416.SZ,爱施德,20181108,5.5766,5.3798,5.5766,5.3517,5.511,-2.3807,28598.82,16545.378,-0.13119999999999976,深圳,电器连锁,20100528,
002416.SZ,爱施德,20181107,5.4829,5.511,5.5392,5.4079,5.4454,1.2047,29684.72,17410.412,0.06559999999999988,深圳,电器连锁,20100528,
002416.SZ,爱施德,20181106,5.5017,5.4454,5.5204,5.4079,5.511,-1.1903,21087.69,12281.791,-0.06559999999999988,深圳,电器连锁,20100528,
002416.SZ,爱施德,20181105,5.4829,5.511,5.5485,5.3892,5.4923,0.3405,27741.37,16197.86,0.01869999999999994,深圳,电器连锁,20100528,
002416.SZ,爱施德,20181102,5.4548,5.4923,5.5485,5.4173,5.4079,1.5607,41656.29,24362.732,0.08440000000000047,深圳,电器连锁,20100528,
002416.SZ,爱施德,20181101,5.3892,5.4079,5.4829,5.3705,5.3798,0.5223,33691.92,19494.039,0.028099999999999348,深圳,电器连锁,20100528,
002416.SZ,爱施德,20181031,5.2955,5.3798,5.4361,5.258,5.2674,2.1339,32373.34,18592.572,0.11240000000000006,深圳,电器连锁,20100528,
002416.SZ,爱施德,20181030,5.2486,5.2674,5.3892,5.1455,5.2486,0.3582,30304.68,17097.986,0.018800000000000594,深圳,电器连锁,20100528,
002416.SZ,爱施德,20181029,5.2486,5.2486,5.3236,5.2017,5.2674,-0.3569,17142.91,9622.632,-0.018800000000000594,深圳,电器连锁,20100528,
002416.SZ,爱施德,20181026,5.1643,5.2674,5.2861,5.1643,5.1924,1.4444,28827.58,16133.754,0.07500000000000018,深圳,电器连锁,20100528,
002416.SZ,爱施德,20181025,5.0612,5.1924,5.1924,4.9768,5.2392,-0.8933,25671.76,13945.758,-0.046800000000000175,深圳,电器连锁,20100528,
002416.SZ,爱施德,20181024,5.2111,5.2392,5.4736,5.2017,5.108,2.5685,44605.28,25141.057,0.13120000000000065,深圳,电器连锁,20100528,
002416.SZ,爱施德,20181023,5.108,5.108,5.2017,5.0705,5.1455,-0.7288,30029.23,16481.454,-0.03750000000000053,深圳,电器连锁,20100528,
002416.SZ,爱施德,20181022,4.8925,5.1455,5.183,4.8925,4.9206,4.5706,40371.56,21928.984,0.22489999999999988,深圳,电器连锁,20100528,
002416.SZ,爱施德,20181019,4.7331,4.9206,4.9393,4.7238,4.7987,2.5403,25014.79,13025.365,0.12190000000000012,深圳,电器连锁,20100528,
002416.SZ,爱施德,20181018,4.8831,4.7987,4.9393,4.78,4.8737,-1.5389,27662.67,14312.037,-0.07500000000000018,深圳,电器连锁,20100528,
002416.SZ,爱施德,20181017,5.0143,4.8737,5.0705,4.705,4.9674,-1.8863,39729.36,20777.706,-0.09369999999999923,深圳,电器连锁,20100528,
002416.SZ,爱施德,20181016,5.1361,4.9674,5.1361,4.9206,5.0424,-1.4874,32885.82,17574.678,-0.07500000000000018,深圳,电器连锁,20100528,
002416.SZ,爱施德,20181015,5.183,5.0424,5.3142,5.0237,5.2767,-4.4403,51552.78,28478.707,-0.23430000000000017,深圳,电器连锁,20100528,
002416.SZ,爱施德,20181012,5.258,5.2767,5.4079,4.855,5.1549,2.3628,90300.4,49546.585,0.12180000000000035,深圳,电器连锁,20100528,
002416.SZ,爱施德,20181011,5.4829,5.1549,5.5673,5.0799,5.6423,-8.6383,94735.6,53683.658,-0.48740000000000006,深圳,电器连锁,20100528,
002416.SZ,爱施德,20181010,5.2017,5.6423,5.6704,5.1736,5.1549,9.4551,103747.06,60788.533,0.48740000000000006,深圳,电器连锁,20100528,
002416.SZ,爱施德,20181009,5.2861,5.1549,5.3892,5.1174,5.2861,-2.482,26930.22,15102.515,-0.13120000000000065,深圳,电器连锁,20100528,
002416.SZ,爱施德,20181008,5.4079,5.2861,5.4079,5.1549,5.4454,-2.9254,28252.06,16066.701,-0.1593,深圳,电器连锁,20100528,
002416.SZ,爱施德,20180928,5.4548,5.4454,5.4829,5.4079,5.4173,0.5187,26106.12,15164.476,0.028100000000000236,深圳,电器连锁,20100528,
002416.SZ,爱施德,20180927,5.4923,5.4173,5.5766,5.3986,5.5204,-1.8676,35709.02,20854.145,-0.10310000000000041,深圳,电器连锁,20100528,
002416.SZ,爱施德,20180926,5.4642,5.5204,5.5673,5.4642,5.4642,1.0285,36918.16,21784.559,0.05620000000000047,深圳,电器连锁,20100528,
002416.SZ,爱施德,20180925,5.4923,5.4642,5.5485,5.4548,5.5204,-1.018,26654.56,15607.992,-0.05620000000000047,深圳,电器连锁,20100528,
002416.SZ,爱施德,20180921,5.4642,5.5204,5.5485,5.4642,5.4642,1.0285,34009.05,20004.214,0.05620000000000047,深圳,电器连锁,20100528,
002416.SZ,爱施德,20180920,5.5204,5.4642,5.5298,5.4454,5.5204,-1.018,23164.99,13540.987,-0.05620000000000047,深圳,电器连锁,20100528,
002416.SZ,爱施德,20180919,5.5392,5.5204,5.5579,5.4642,5.5204,0.0,35976.62,21178.135,0.0,深圳,电器连锁,20100528,
002416.SZ,爱施德,20180918,5.3892,5.5204,5.5298,5.3798,5.3986,2.2561,46829.1,27426.293,0.12180000000000035,深圳,电器连锁,20100528,
002416.SZ,爱施德,20180917,5.4642,5.3986,5.511,5.3611,5.4642,-1.2005,35330.63,20423.792,-0.06559999999999988,深圳,电器连锁,20100528,
002416.SZ,爱施德,20180914,5.4173,5.4642,5.5204,5.3611,5.4079,1.0411,45743.75,26626.853,0.05630000000000024,深圳,电器连锁,20100528,
002416.SZ,爱施德,20180913,5.3986,5.4079,5.4548,5.333,5.4173,-0.1735,33545.76,19286.276,-0.009400000000000297,深圳,电器连锁,20100528,
002416.SZ,爱施德,20180912,5.4173,5.4173,5.4829,5.3705,5.3611,1.0483,57321.35,33280.255,0.056199999999999584,深圳,电器连锁,20100528,
002416.SZ,爱施德,20180911,5.4454,5.3611,5.4642,5.2955,5.4361,-1.3797,54240.73,31154.37,-0.07499999999999929,深圳,电器连锁,20100528,
002416.SZ,爱施德,20180910,5.2955,5.4361,5.4361,5.2392,5.2392,3.7582,76634.58,44057.707,0.1968999999999994,深圳,电器连锁,20100528,
002416.SZ,爱施德,20180907,5.2767,5.2392,5.3705,5.183,5.2955,-1.0632,28617.48,16114.79,-0.05629999999999935,深圳,电器连锁,20100528,
002416.SZ,爱施德,20180906,5.3236,5.2955,5.3892,5.2486,5.2767,0.3563,29209.13,16575.919,0.018799999999999706,深圳,电器连锁,20100528,
002416.SZ,爱施德,20180905,5.3048,5.2767,5.3611,5.258,5.3142,-0.7057,30352.75,17249.502,-0.037499999999999645,深圳,电器连锁,20100528,
002416.SZ,爱施德,20180904,5.3142,5.3142,5.3705,5.258,5.3423,-0.526,39240.2,22218.445,-0.028100000000000236,深圳,电器连锁,20100528,
002416.SZ,爱施德,20180903,5.2299,5.3423,5.3798,5.1361,5.2299,2.1492,51546.31,29074.407,0.11240000000000006,深圳,电器连锁,20100528,
002416.SZ,爱施德,20180831,5.183,5.2299,5.2955,5.1643,5.1736,1.0882,46221.22,25868.431,0.05629999999999935,深圳,电器连锁,20100528,
002416.SZ,爱施德,20180830,5.3048,5.1736,5.3236,5.1361,5.3048,-2.4732,41032.33,22861.713,-0.13119999999999976,深圳,电器连锁,20100528,
002416.SZ,爱施德,20180829,5.2205,5.3048,5.3423,5.1924,5.2299,1.4321,59887.5,33751.032,0.07490000000000041,深圳,电器连锁,20100528,
002416.SZ,爱施德,20180828,5.1549,5.2299,5.2392,5.0893,5.1643,1.2703,43061.85,23803.364,0.06559999999999988,深圳,电器连锁,20100528,
002416.SZ,爱施德,20180827,5.0705,5.1643,5.183,5.0424,5.0705,1.8499,27164.29,14901.27,0.09379999999999988,深圳,电器连锁,20100528,
002416.SZ,爱施德,20180824,5.0518,5.0705,5.108,5.0049,5.0612,0.1838,19558.18,10592.014,0.009299999999999642,深圳,电器连锁,20100528,
002416.SZ,爱施德,20180823,4.9862,5.0612,5.0893,4.9674,4.9581,2.0794,30064.61,16200.141,0.10310000000000041,深圳,电器连锁,20100528,
002416.SZ,爱施德,20180822,5.108,4.9581,5.108,4.9487,5.0987,-2.7576,23904.98,12769.227,-0.14060000000000006,深圳,电器连锁,20100528,
002416.SZ,爱施德,20180821,5.0424,5.0987,5.0987,4.9393,5.0143,1.6832,32754.57,17588.114,0.08439999999999959,深圳,电器连锁,20100528,
002416.SZ,爱施德,20180820,4.9956,5.0143,5.0799,4.8175,5.0237,-0.1871,35593.65,18763.894,-0.009399999999999409,深圳,电器连锁,20100528,
002416.SZ,爱施德,20180817,5.0518,5.0237,5.108,4.9956,5.0143,0.1875,22804.65,12346.081,0.009399999999999409,深圳,电器连锁,20100528,
002416.SZ,爱施德,20180816,5.0612,5.0143,5.108,4.9393,5.0705,-1.1084,20022.36,10762.117,-0.056199999999999584,深圳,电器连锁,20100528,
002416.SZ,爱施德,20180815,5.2017,5.0705,5.2299,5.0424,5.2017,-2.5223,23438.72,12802.554,-0.13119999999999976,深圳,电器连锁,20100528,
002416.SZ,爱施德,20180814,5.2392,5.2017,5.2392,5.1736,5.2017,0.0,14446.21,8013.618,0.0,深圳,电器连锁,20100528,
002416.SZ,爱施德,20180813,5.1174,5.2017,5.2017,5.0893,5.1736,0.5431,21111.89,11610.555,0.028099999999999348,深圳,电器连锁,20100528,
002416.SZ,爱施德,20180810,5.1361,5.1736,5.1736,5.1174,5.1455,0.5461,20026.62,11012.812,0.028100000000000236,深圳,电器连锁,20100528,
002416.SZ,爱施德,20180809,5.0049,5.1455,5.183,5.0049,5.0143,2.6165,37228.48,20412.363,0.13119999999999976,深圳,电器连锁,20100528,
002416.SZ,爱施德,20180808,5.0987,5.0143,5.1455,4.9956,5.1361,-2.3714,28843.4,15636.764,-0.12179999999999946,深圳,电器连锁,20100528,
002416.SZ,爱施德,20180807,5.0893,5.1361,5.1361,5.0237,5.0799,1.1063,25872.96,14058.616,0.056199999999999584,深圳,电器连锁,20100528,
002416.SZ,爱施德,20180806,5.033,5.0799,5.0799,4.9674,5.0424,0.7437,20427.37,10980.778,0.03750000000000053,深圳,电器连锁,20100528,
002416.SZ,爱施德,20180803,5.0518,5.0424,5.108,5.0143,5.0612,-0.3715,21195.57,11443.908,-0.018800000000000594,深圳,电器连锁,20100528,
002416.SZ,爱施德,20180802,5.3798,5.0612,5.3798,4.9581,5.3798,-5.9222,66533.18,36383.164,-0.3186,深圳,电器连锁,20100528,
002416.SZ,爱施德,20180801,5.4079,5.3798,5.4736,5.3705,5.3798,0.0,37775.04,21865.5,0.0,深圳,电器连锁,20100528,
002416.SZ,爱施德,20180731,5.4361,5.3798,5.4642,5.3705,5.3986,-0.3482,22420.72,12967.103,-0.018799999999999706,深圳,电器连锁,20100528,
002416.SZ,爱施德,20180730,5.5017,5.3986,5.511,5.3892,5.4736,-1.3702,28169.6,16360.662,-0.07500000000000018,深圳,电器连锁,20100528,
002416.SZ,爱施德,20180727,5.511,5.4736,5.5579,5.4736,5.5392,-1.1843,27086.35,15931.989,-0.06559999999999988,深圳,电器连锁,20100528,
002416.SZ,爱施德,20180726,5.5485,5.5392,5.5673,5.4923,5.5204,0.3406,42480.78,25083.646,0.018799999999999706,深圳,电器连锁,20100528,
002416.SZ,爱施德,20180725,5.5579,5.5204,5.5766,5.5017,5.586,-1.1744,51779.26,30572.19,-0.06559999999999988,深圳,电器连锁,20100528,
002416.SZ,爱施德,20180724,5.5485,5.586,5.6235,5.4642,5.5017,1.5323,99217.83,58759.5,0.08430000000000071,深圳,电器连锁,20100528,
002416.SZ,爱施德,20180723,5.2674,5.5017,5.5954,5.2674,5.3142,3.5283,78082.25,45396.978,0.1875,深圳,电器连锁,20100528,
002416.SZ,爱施德,20180720,5.258,5.3142,5.333,5.2111,5.2955,0.3531,25585.55,14454.625,0.01869999999999994,深圳,电器连锁,20100528,
002416.SZ,爱施德,20180719,5.3705,5.2955,5.3798,5.258,5.3517,-1.0501,22961.65,12967.938,-0.05620000000000047,深圳,电器连锁,20100528,
002416.SZ,爱施德,20180718,5.3611,5.3517,5.3986,5.3423,5.3705,-0.3501,20936.8,11991.046,-0.018799999999999706,深圳,电器连锁,20100528,
002416.SZ,爱施德,20180717,5.3798,5.3705,5.3798,5.3142,5.3892,-0.347,22074.6,12594.047,-0.01869999999999994,深圳,电器连锁,20100528,
002416.SZ,爱施德,20180716,5.3892,5.3892,5.4079,5.3142,5.3705,0.3482,20023.99,11486.314,0.01869999999999994,深圳,电器连锁,20100528,
002416.SZ,爱施德,20180713,5.3986,5.3705,5.3986,5.3423,5.3892,-0.347,21187.21,12132.717,-0.01869999999999994,深圳,电器连锁,20100528,
002416.SZ,爱施德,20180712,5.3236,5.3892,5.3986,5.2955,5.2861,1.9504,44359.57,25373.813,0.10309999999999953,深圳,电器连锁,20100528,
002416.SZ,爱施德,20180711,5.3611,5.2861,5.3611,5.2111,5.3892,-1.9131,27132.88,15278.047,-0.10309999999999953,深圳,电器连锁,20100528,
002416.SZ,爱施德,20180710,5.3986,5.3892,5.4267,5.3517,5.3986,-0.1741,23807.45,13656.995,-0.009400000000000297,深圳,电器连锁,20100528,
002416.SZ,爱施德,20180709,5.3423,5.3986,5.4079,5.3142,5.333,1.2301,21281.97,12222.471,0.06559999999999988,深圳,电器连锁,20100528,
002416.SZ,爱施德,20180706,5.4454,5.333,5.4548,5.258,5.4267,-1.7266,45278.46,25876.172,-0.09370000000000012,深圳,电器连锁,20100528,
002416.SZ,爱施德,20180705,5.5204,5.4267,5.5485,5.333,5.4923,-1.1944,31145.07,18026.567,-0.06559999999999988,深圳,电器连锁,20100528,
002416.SZ,爱施德,20180704,5.4736,5.4923,5.586,5.4267,5.4829,0.1714,43833.8,25757.793,0.009400000000000297,深圳,电器连锁,20100528,
002416.SZ,爱施德,20180703,5.4267,5.4829,5.5017,5.333,5.4173,1.2109,44577.11,25877.275,0.06559999999999988,深圳,电器连锁,20100528,
002416.SZ,爱施德,20180702,5.5298,5.4173,5.5392,5.3236,5.5017,-1.5341,40975.6,23782.105,-0.08439999999999959,深圳,电器连锁,20100528,
002416.SZ,爱施德,20180629,5.3611,5.5017,5.511,5.3423,5.3611,2.6226,35883.1,20878.0,0.14059999999999917,深圳,电器连锁,20100528,
002416.SZ,爱施德,20180628,5.4736,5.3611,5.5298,5.3517,5.4923,-2.3888,35122.96,20411.102,-0.13119999999999976,深圳,电器连锁,20100528,
002416.SZ,爱施德,20180627,5.5017,5.4923,5.5579,5.4548,5.5392,-0.8467,19322.06,11338.641,-0.04689999999999994,深圳,电器连锁,20100528,
002416.SZ,爱施德,20180626,5.4454,5.5392,5.586,5.3611,5.4454,1.7226,32086.66,18803.443,0.09379999999999988,深圳,电器连锁,20100528,
002416.SZ,爱施德,20180625,5.5673,5.4454,5.5673,5.3986,5.4642,-0.3441,25906.54,15120.311,-0.018799999999999706,深圳,电器连锁,20100528,
002416.SZ,爱施德,20180622,5.4173,5.4642,5.511,5.3048,5.3892,1.3917,31677.95,18371.435,0.07500000000000018,深圳,电器连锁,20100528,
002416.SZ,爱施德,20180621,5.5579,5.3892,5.6704,5.3423,5.5766,-3.3605,51387.0,30106.8,-0.18740000000000023,深圳,电器连锁,20100528,
002416.SZ,爱施德,20180620,5.4923,5.5766,5.7079,5.3705,5.4079,3.1195,62786.77,36890.837,0.1687000000000003,深圳,电器连锁,20100528,
002416.SZ,爱施德,20180619,5.586,5.4079,5.6891,5.108,5.586,-3.1883,104400.98,61197.757,-0.1781000000000006,深圳,电器连锁,20100528,
002416.SZ,爱施德,20180615,5.5766,5.586,5.6235,5.333,5.5485,0.6759,62628.6,37034.65,0.03750000000000053,深圳,电器连锁,20100528,
002416.SZ,爱施德,20180614,5.6516,5.5485,5.6891,5.5298,5.6141,-1.1685,48076.06,28821.817,-0.06559999999999988,深圳,电器连锁,20100528,
002416.SZ,爱施德,20180613,5.8016,5.6141,5.8391,5.6048,5.8578,-4.1603,45803.69,28073.05,-0.24370000000000047,深圳,电器连锁,20100528,
002416.SZ,爱施德,20180612,5.8578,5.8578,5.8766,5.7641,5.8297,0.482,31751.02,19736.359,0.028100000000000236,深圳,电器连锁,20100528,
002416.SZ,爱施德,20180611,5.9141,5.8297,6.0078,5.811,5.9703,-2.355,40229.24,25266.015,-0.14060000000000006,深圳,电器连锁,20100528,
002416.SZ,爱施德,20180608,5.9141,5.9703,6.0453,5.7641,5.9234,0.7918,52639.82,33132.354,0.04689999999999994,深圳,电器连锁,20100528,
002416.SZ,爱施德,20180607,6.0546,5.9234,6.0734,5.9234,5.9703,-0.7856,34155.4,21798.777,-0.04689999999999994,深圳,电器连锁,20100528,
002416.SZ,爱施德,20180606,6.0172,5.9703,6.0734,5.9422,6.0265,-0.9325,39101.52,25017.172,-0.05620000000000047,深圳,电器连锁,20100528,
002416.SZ,爱施德,20180605,5.9283,6.0273,6.035,5.913,5.9283,1.67,41584.67,32613.567,0.0990000000000002,深圳,电器连锁,20100528,
002416.SZ,爱施德,20180604,5.9892,5.9283,5.9892,5.8902,5.8978,0.5171,26230.0,20416.83,0.03049999999999997,深圳,电器连锁,20100528,
002416.SZ,爱施德,20180601,5.8978,5.8978,5.9207,5.753,5.8978,0.0,39812.77,30609.634,0.0,深圳,电器连锁,20100528,
002416.SZ,爱施德,20180531,5.9207,5.8978,5.9664,5.8521,5.8368,1.0451,34665.26,26854.87,0.06099999999999994,深圳,电器连锁,20100528,
002416.SZ,爱施德,20180530,6.0045,5.8368,6.0045,5.7987,6.0502,-3.5272,53457.65,41429.786,-0.21340000000000003,深圳,电器连锁,20100528,
002416.SZ,爱施德,20180529,6.134,6.0502,6.2102,6.035,6.1645,-1.8542,50118.97,40294.635,-0.11430000000000007,深圳,电器连锁,20100528,
002416.SZ,爱施德,20180528,6.2178,6.1645,6.2864,6.1416,6.2178,-0.8572,50921.23,41469.58,-0.053300000000000125,深圳,电器连锁,20100528,
002416.SZ,爱施德,20180525,6.3093,6.2178,6.3398,6.1797,6.3398,-1.9244,37951.52,31131.815,-0.12199999999999989,深圳,电器连锁,20100528,
002416.SZ,爱施德,20180524,6.3398,6.3398,6.3702,6.2712,6.3169,0.3625,31574.0,26213.463,0.02289999999999992,深圳,电器连锁,20100528,
002416.SZ,爱施德,20180523,6.416,6.3169,6.4312,6.3169,6.4388,-1.8932,46781.08,39074.13,-0.12189999999999923,深圳,电器连锁,20100528,
002416.SZ,爱施德,20180522,6.3779,6.4388,6.4388,6.3321,6.3779,0.9549,59654.49,49924.345,0.06089999999999929,深圳,电器连锁,20100528,
002416.SZ,爱施德,20180521,6.2559,6.3779,6.3779,6.2331,6.2255,2.448,70383.91,58433.761,0.1524000000000001,深圳,电器连锁,20100528,
002416.SZ,爱施德,20180518,6.2331,6.2255,6.2559,6.1264,6.2178,0.1238,34201.75,27840.566,0.007699999999999818,深圳,电器连锁,20100528,
002416.SZ,爱施德,20180517,6.2255,6.2178,6.2788,6.1721,6.2102,0.1224,34175.24,27872.021,0.007600000000000051,深圳,电器连锁,20100528,
002416.SZ,爱施德,20180516,6.294,6.2102,6.3093,6.2026,6.3169,-1.6891,41417.59,33967.693,-0.10670000000000002,深圳,电器连锁,20100528,
002416.SZ,爱施德,20180515,6.2102,6.3169,6.3169,6.1721,6.1874,2.093,58310.38,47946.735,0.12950000000000017,深圳,电器连锁,20100528,
002416.SZ,爱施德,20180514,6.195,6.1874,6.2636,6.1416,6.2102,-0.3671,45854.23,37356.901,-0.022800000000000153,深圳,电器连锁,20100528,
002416.SZ,爱施德,20180511,6.3093,6.2102,6.3245,6.195,6.3169,-1.6891,51741.77,42359.35,-0.10670000000000002,深圳,电器连锁,20100528,
002416.SZ,爱施德,20180510,6.355,6.3169,6.3779,6.2483,6.3474,-0.4805,43412.4,35933.077,-0.03049999999999997,深圳,电器连锁,20100528,
002416.SZ,爱施德,20180509,6.2788,6.3474,6.3855,6.2636,6.2636,1.3379,66882.92,55445.303,0.0838000000000001,深圳,电器连锁,20100528,
002416.SZ,爱施德,20180508,6.2559,6.2636,6.2864,6.195,6.2483,0.2449,62874.25,51503.103,0.01529999999999987,深圳,电器连锁,20100528,
002416.SZ,爱施德,20180507,6.1797,6.2483,6.2864,6.1493,6.1569,1.4845,65305.45,53413.54,0.09140000000000015,深圳,电器连锁,20100528,
002416.SZ,爱施德,20180504,6.2483,6.1569,6.2712,6.1493,6.2559,-1.5825,53203.62,43352.387,-0.09899999999999931,深圳,电器连锁,20100528,
002416.SZ,爱施德,20180503,6.2255,6.2559,6.3017,6.0959,6.2255,0.4883,82429.19,67060.421,0.030399999999999316,深圳,电器连锁,20100528,
002416.SZ,爱施德,20180502,6.3855,6.2255,6.4617,6.1721,6.355,-2.0378,57580.9,47370.263,-0.12950000000000017,深圳,电器连锁,20100528,
002416.SZ,爱施德,20180427,6.2026,6.355,6.3931,6.1569,6.1569,3.2175,58272.8,48050.216,0.19810000000000016,深圳,电器连锁,20100528,
002416.SZ,爱施德,20180426,6.4312,6.1569,6.4845,6.1416,6.3855,-3.58,75678.41,62253.313,-0.22860000000000014,深圳,电器连锁,20100528,
002416.SZ,爱施德,20180425,6.3093,6.3855,6.4312,6.2483,6.3245,0.9645,55409.69,46242.174,0.06100000000000083,深圳,电器连锁,20100528,
002416.SZ,爱施德,20180424,6.294,6.3245,6.3626,6.1797,6.2712,0.8499,61244.67,50661.855,0.05329999999999924,深圳,电器连锁,20100528,
002416.SZ,爱施德,20180423,6.6827,6.2712,6.6827,6.1721,6.5684,-4.5247,100891.19,83683.751,-0.29719999999999924,深圳,电器连锁,20100528,
002416.SZ,爱施德,20180420,6.4845,6.5684,6.7208,6.4845,6.5531,0.2335,85056.79,73843.941,0.01529999999999987,深圳,电器连锁,20100528,
002416.SZ,爱施德,20180419,6.5379,6.5531,6.8046,6.515,6.5455,0.1161,83368.55,72671.094,0.007600000000000051,深圳,电器连锁,20100528,
002416.SZ,爱施德,20180418,6.2483,6.5455,6.5912,6.1797,6.2102,5.3992,89762.25,75770.562,0.33529999999999927,深圳,电器连锁,20100528,
002416.SZ,爱施德,20180417,6.515,6.2102,6.576,6.134,6.4769,-4.1177,71539.53,59567.605,-0.26669999999999927,深圳,电器连锁,20100528,
002416.SZ,爱施德,20180416,6.3702,6.4769,6.5912,6.3245,6.3398,2.1625,73784.61,62891.649,0.13709999999999933,深圳,电器连锁,20100528,
002416.SZ,爱施德,20180413,6.3855,6.3398,6.4388,6.3321,6.3779,-0.5974,27907.26,23352.558,-0.03810000000000002,深圳,电器连锁,20100528,
002416.SZ,爱施德,20180412,6.3398,6.3779,6.4236,6.3017,6.3626,0.2405,46782.9,39102.474,0.015300000000000757,深圳,电器连锁,20100528,
002416.SZ,爱施德,20180411,6.3779,6.3626,6.4845,6.3474,6.3702,-0.1193,42055.52,35403.664,-0.007600000000000051,深圳,电器连锁,20100528,
002416.SZ,爱施德,20180410,6.4464,6.3702,6.4464,6.3093,6.4007,-0.4765,42789.93,35670.645,-0.03049999999999997,深圳,电器连锁,20100528,
002416.SZ,爱施德,20180409,6.3931,6.4007,6.4922,6.3093,6.4388,-0.5917,37464.18,31520.916,-0.03810000000000002,深圳,电器连锁,20100528,
002416.SZ,爱施德,20180404,6.675,6.4388,6.675,6.4007,6.6598,-3.3184,53205.26,45667.086,-0.22100000000000009,深圳,电器连锁,20100528,
002416.SZ,爱施德,20180403,6.4922,6.6598,6.7512,6.3626,6.5531,1.6282,75702.89,65018.248,0.10670000000000002,深圳,电器连锁,20100528,
002416.SZ,爱施德,20180402,6.5303,6.5531,6.7055,6.5303,6.5226,0.4676,47752.49,41336.473,0.03049999999999997,深圳,电器连锁,20100528,
002416.SZ,爱施德,20180330,6.4312,6.5226,6.576,6.4312,6.416,1.6615,43130.47,36816.719,0.10659999999999936,深圳,电器连锁,20100528,
002416.SZ,爱施德,20180329,6.4388,6.416,6.4464,6.3169,6.3855,0.4776,41616.04,34952.621,0.03049999999999997,深圳,电器连锁,20100528,
002416.SZ,爱施德,20180328,6.2864,6.3855,6.416,6.2788,6.416,-0.4754,42577.01,35603.737,-0.03049999999999997,深圳,电器连锁,20100528,
002416.SZ,爱施德,20180327,6.2712,6.416,6.4236,6.2178,6.2102,3.3139,55884.44,46541.352,0.20579999999999998,深圳,电器连锁,20100528,
002416.SZ,爱施德,20180326,6.0959,6.2102,6.2178,6.0654,6.1797,0.4936,54920.18,44177.62,0.03049999999999997,深圳,电器连锁,20100528,
002416.SZ,爱施德,20180323,6.5074,6.1797,6.5074,6.0654,6.6903,-7.6319,83361.86,68538.903,-0.5105999999999993,深圳,电器连锁,20100528,
002416.SZ,爱施德,20180322,6.8198,6.6903,6.8579,6.675,6.8274,-2.0081,53121.51,46998.765,-0.13710000000000022,深圳,电器连锁,20100528,
002416.SZ,爱施德,20180321,6.7817,6.8274,6.9494,6.7817,6.7665,0.9,60552.82,54704.171,0.060900000000000176,深圳,电器连锁,20100528,
002416.SZ,爱施德,20180320,6.8046,6.7665,6.8732,6.5912,6.8046,-0.5599,53664.64,47326.874,-0.03810000000000002,深圳,电器连锁,20100528,
002416.SZ,爱施德,20180319,6.9189,6.8046,6.9417,6.7893,6.896,-1.3254,61543.5,55495.855,-0.09140000000000015,深圳,电器连锁,20100528,
002416.SZ,爱施德,20180316,6.957,6.896,6.9951,6.896,6.9113,-0.2214,32252.79,29458.878,-0.01529999999999987,深圳,电器连锁,20100528,
002416.SZ,爱施德,20180315,6.9265,6.9113,6.9341,6.7893,6.8732,0.5543,43545.02,39217.623,0.03810000000000002,深圳,电器连锁,20100528,
002416.SZ,爱施德,20180314,7.0713,6.8732,7.1475,6.8655,7.1475,-3.8377,57489.96,52683.734,-0.2743000000000002,深圳,电器连锁,20100528,
002416.SZ,爱施德,20180313,7.0484,7.1475,7.2389,7.0256,7.0941,0.7527,72906.35,68228.103,0.05339999999999989,深圳,电器连锁,20100528,
002416.SZ,爱施德,20180312,7.056,7.0941,7.1703,7.0103,7.0484,0.6484,87597.81,81375.011,0.045700000000000074,深圳,电器连锁,20100528,
002416.SZ,爱施德,20180309,6.8884,7.0484,7.1322,6.7817,6.8655,2.664,76818.97,70565.845,0.18290000000000006,深圳,电器连锁,20100528,
002416.SZ,爱施德,20180308,6.8884,6.8655,6.957,6.8198,6.9265,-0.8807,41102.88,37132.721,-0.06099999999999994,深圳,电器连锁,20100528,
002416.SZ,爱施德,20180307,7.0179,6.9265,7.0941,6.8579,7.0332,-1.5171,52130.8,47580.207,-0.10670000000000002,深圳,电器连锁,20100528,
002416.SZ,爱施德,20180306,7.1246,7.0332,7.2008,6.9798,7.1932,-2.2243,67735.38,62628.883,-0.16000000000000014,深圳,电器连锁,20100528,
002416.SZ,爱施德,20180305,6.8046,7.1932,7.2389,6.6903,6.8046,5.7108,107136.53,98325.961,0.3886000000000003,深圳,电器连锁,20100528,
002416.SZ,爱施德,20180302,6.8046,6.8046,7.056,6.6979,6.8274,-0.3339,91107.5,82413.611,-0.022800000000000153,深圳,电器连锁,20100528,
002416.SZ,爱施德,20180301,6.5607,6.8274,6.8579,6.5531,6.6065,3.3437,72303.89,63863.697,0.22090000000000032,深圳,电器连锁,20100528,
002416.SZ,爱施德,20180228,6.5074,6.6065,6.7665,6.5074,6.5379,1.0493,52819.3,46192.367,0.0686,深圳,电器连锁,20100528,
002416.SZ,爱施德,20180227,6.515,6.5379,6.7131,6.4541,6.4693,1.0604,54242.24,46869.746,0.0686,深圳,电器连锁,20100528,
002416.SZ,爱施德,20180226,6.3702,6.4693,6.5531,6.3398,6.3245,2.2895,40181.26,34078.137,0.14480000000000004,深圳,电器连锁,20100528,
002416.SZ,爱施德,20180223,6.3169,6.3245,6.3779,6.2636,6.2636,0.9723,30342.42,25140.122,0.06089999999999929,深圳,电器连锁,20100528,
002416.SZ,爱施德,20180222,6.3169,6.2636,6.3702,6.2407,6.2331,0.4893,32937.49,27250.722,0.03049999999999997,深圳,电器连锁,20100528,
002416.SZ,爱施德,20180214,6.294,6.2331,6.3702,6.1188,6.294,-0.9676,23821.88,19493.451,-0.06089999999999929,深圳,电器连锁,20100528,
002416.SZ,爱施德,20180213,6.2255,6.294,6.3702,6.2255,6.2331,0.977,34230.2,28374.098,0.06089999999999929,深圳,电器连锁,20100528,
002416.SZ,爱施德,20180212,5.9969,6.2331,6.3931,5.913,5.8978,5.6852,64578.06,53075.676,0.33530000000000015,深圳,电器连锁,20100528,
002416.SZ,爱施德,20180209,6.0654,5.8978,6.1493,5.8368,6.1721,-4.4442,48575.71,38220.682,-0.2743000000000002,深圳,电器连锁,20100528,
002416.SZ,爱施德,20180208,5.9511,6.1721,6.1874,5.9207,5.974,3.316,38894.62,31269.751,0.19810000000000016,深圳,电器连锁,20100528,
002416.SZ,爱施德,20180207,5.974,5.974,6.0807,5.753,5.8673,1.8186,61442.6,48258.633,0.10670000000000002,深圳,电器连锁,20100528,
002416.SZ,爱施德,20180206,6.4236,5.8673,6.4236,5.8292,6.4769,-9.4119,93165.8,74068.414,-0.6095999999999995,深圳,电器连锁,20100528,
002416.SZ,爱施德,20180205,6.5531,6.4769,6.6674,6.4007,6.6293,-2.2989,48929.95,41905.073,-0.1524000000000001,深圳,电器连锁,20100528,
002416.SZ,爱施德,20180202,6.6598,6.6293,6.8579,6.5684,6.6674,-0.5714,43164.27,37812.664,-0.03810000000000002,深圳,电器连锁,20100528,
002416.SZ,爱施德,20180201,6.9494,6.6674,7.0484,6.6598,6.8655,-2.8854,60844.09,54395.46,-0.19810000000000016,深圳,电器连锁,20100528,
002416.SZ,爱施德,20180131,7.2465,6.8655,7.2465,6.8655,7.1932,-4.5557,43415.79,40130.202,-0.3277000000000001,深圳,电器连锁,20100528,
002416.SZ,爱施德,20180130,7.2846,7.1932,7.2846,7.1475,7.2237,-0.4222,32423.08,30743.467,-0.03049999999999997,深圳,电器连锁,20100528,
002416.SZ,爱施德,20180129,7.2618,7.2237,7.3684,7.1475,7.3227,-1.352,43766.94,41497.383,-0.0990000000000002,深圳,电器连锁,20100528,
002416.SZ,爱施德,20180126,7.2389,7.3227,7.5132,7.2084,7.277,0.628,54675.63,52797.252,0.045700000000000074,深圳,电器连锁,20100528,
002416.SZ,爱施德,20180125,7.2389,7.277,7.3456,7.2008,7.2846,-0.1043,42323.42,40443.216,-0.007600000000000051,深圳,电器连锁,20100528,
002416.SZ,爱施德,20180124,7.1322,7.2846,7.3456,7.0713,7.1246,2.2457,65402.23,62276.526,0.16000000000000014,深圳,电器连锁,20100528,
002416.SZ,爱施德,20180123,7.1018,7.1246,7.1551,7.056,7.1246,0.0,32625.88,30458.065,0.0,深圳,电器连锁,20100528,
002416.SZ,爱施德,20180122,6.9494,7.1246,7.178,6.8427,6.9189,2.973,71484.94,66293.435,0.20570000000000022,深圳,电器连锁,20100528,
002416.SZ,爱施德,20180119,6.9646,6.9189,7.0408,6.8274,6.9646,-0.6562,52024.79,47241.752,-0.045700000000000074,深圳,电器连锁,20100528,
002416.SZ,爱施德,20180118,6.9798,6.9646,7.0256,6.9646,6.957,0.1092,25289.17,23219.953,0.007600000000000051,深圳,电器连锁,20100528,
002416.SZ,爱施德,20180117,6.8122,6.957,6.9798,6.7436,6.8427,1.6704,42312.49,38135.011,0.11430000000000007,深圳,电器连锁,20100528,
002416.SZ,爱施德,20180116,6.7817,6.8427,6.9189,6.7589,6.7589,1.2398,39487.17,35499.037,0.0838000000000001,深圳,电器连锁,20100528,
002416.SZ,爱施德,20180115,7.0941,6.7589,7.1399,6.7055,7.117,-5.0316,63439.47,57498.633,-0.3581000000000003,深圳,电器连锁,20100528,
002416.SZ,爱施德,20180112,7.178,7.117,7.2542,7.0865,7.2008,-1.1638,31023.83,29244.858,-0.0838000000000001,深圳,电器连锁,20100528,
002416.SZ,爱施德,20180111,7.1399,7.2008,7.2846,7.0789,7.1932,0.1057,47565.29,44855.997,0.007600000000000051,深圳,电器连锁,20100528,
002416.SZ,爱施德,20180110,7.3303,7.1932,7.3456,7.178,7.3227,-1.7685,35551.82,33730.156,-0.12950000000000017,深圳,电器连锁,20100528,
002416.SZ,爱施德,20180109,7.2008,7.3227,7.3608,7.1322,7.1627,2.2338,57879.87,55095.318,0.16000000000000014,深圳,电器连锁,20100528,
002416.SZ,爱施德,20180108,7.2999,7.1627,7.3151,6.8579,7.3532,-2.5907,55656.54,52349.102,-0.1905000000000001,深圳,电器连锁,20100528,
002416.SZ,爱施德,20180105,7.3456,7.3532,7.4142,7.3303,7.338,0.2071,38674.31,37395.988,0.015200000000000102,深圳,电器连锁,20100528,
002416.SZ,爱施德,20180104,7.277,7.338,7.3608,7.277,7.277,0.8383,40285.67,38736.776,0.06099999999999994,深圳,电器连锁,20100528,
002416.SZ,爱施德,20180103,7.2313,7.277,7.3532,7.2084,7.2313,0.632,51933.27,49691.239,0.045700000000000074,深圳,电器连锁,20100528,
002416.SZ,爱施德,20180102,7.2313,7.2313,7.2694,7.1703,7.2161,0.2106,37993.72,36007.234,0.015200000000000102,深圳,电器连锁,20100528,
002416.SZ,爱施德,20171229,7.1322,7.2161,7.2465,7.1094,7.1322,1.1764,22801.82,21449.002,0.08389999999999986,深圳,电器连锁,20100528,
002416.SZ,爱施德,20171228,7.1322,7.1322,7.1856,7.0865,7.1322,0.0,26913.65,25201.934,0.0,深圳,电器连锁,20100528,
002416.SZ,爱施德,20171227,7.1246,7.1322,7.1856,7.117,7.1399,-0.1078,23275.08,21829.263,-0.007699999999999818,深圳,电器连锁,20100528,
002416.SZ,爱施德,20171226,7.1475,7.1399,7.2008,7.1018,7.1475,-0.1063,25450.21,23855.756,-0.007600000000000051,深圳,电器连锁,20100528,
002416.SZ,爱施德,20171225,7.3151,7.1475,7.3684,7.0941,7.3075,-2.1895,31548.38,29874.966,-0.16000000000000014,深圳,电器连锁,20100528,
002416.SZ,爱施德,20171222,7.2923,7.3075,7.3837,7.2694,7.277,0.4191,18635.48,17906.98,0.03049999999999997,深圳,电器连锁,20100528,
002416.SZ,爱施德,20171221,7.338,7.277,7.338,7.1932,7.2542,0.3143,23040.68,22031.508,0.022800000000000153,深圳,电器连锁,20100528,
002416.SZ,爱施德,20171220,7.4065,7.2542,7.4065,7.2465,7.3913,-1.8549,27458.14,26309.882,-0.13710000000000022,深圳,电器连锁,20100528,
002416.SZ,爱施德,20171219,7.277,7.3913,7.4218,7.2542,7.277,1.5707,32223.79,31195.933,0.11430000000000007,深圳,电器连锁,20100528,
002416.SZ,爱施德,20171218,7.3989,7.277,7.3989,7.2694,7.4065,-1.7485,25032.76,24061.179,-0.12950000000000017,深圳,电器连锁,20100528,
002416.SZ,爱施德,20171215,7.338,7.4065,7.4904,7.2846,7.3532,0.7249,40790.58,39628.236,0.053300000000000125,深圳,电器连锁,20100528,
002416.SZ,爱施德,20171214,7.2618,7.3532,7.437,7.2161,7.2618,1.2586,34994.7,33665.809,0.09140000000000015,深圳,电器连锁,20100528,
002416.SZ,爱施德,20171213,7.1932,7.2618,7.2846,7.1856,7.2313,0.4218,18365.93,17435.742,0.03049999999999997,深圳,电器连锁,20100528,
002416.SZ,爱施德,20171212,7.3532,7.2313,7.3608,7.2313,7.3303,-1.3506,23957.57,22907.799,-0.0990000000000002,深圳,电器连锁,20100528,
002416.SZ,爱施德,20171211,7.2542,7.3303,7.3913,7.2313,7.2618,0.9433,30663.17,29482.757,0.06850000000000023,深圳,电器连锁,20100528,
002416.SZ,爱施德,20171208,7.2161,7.2618,7.2999,7.1703,7.2161,0.6333,24831.9,23667.447,0.045700000000000074,深圳,电器连锁,20100528,
002416.SZ,爱施德,20171207,7.2161,7.2161,7.277,7.178,7.2237,-0.1052,25271.46,23999.458,-0.007600000000000051,深圳,电器连锁,20100528,
002416.SZ,爱施德,20171206,7.1018,7.2237,7.2237,7.0256,7.1246,1.391,27965.61,26231.097,0.09909999999999997,深圳,电器连锁,20100528,
002416.SZ,爱施德,20171205,7.2846,7.1246,7.3456,7.056,7.2999,-2.4014,39900.56,37497.824,-0.1753,深圳,电器连锁,20100528,
002416.SZ,爱施德,20171204,7.3227,7.2999,7.4294,7.2542,7.338,-0.5192,45042.64,43466.876,-0.03810000000000002,深圳,电器连锁,20100528,
002416.SZ,爱施德,20171201,7.2008,7.338,7.3532,7.1627,7.178,2.229,41067.47,39241.243,0.16000000000000014,深圳,电器连锁,20100528,
002416.SZ,爱施德,20171130,7.2084,7.178,7.2846,7.1551,7.2084,-0.4217,29080.24,27518.862,-0.030400000000000205,深圳,电器连锁,20100528,
002416.SZ,爱施德,20171129,7.1703,7.2084,7.2618,7.1246,7.178,0.4235,38442.78,36341.405,0.030400000000000205,深圳,电器连锁,20100528,
002416.SZ,爱施德,20171128,7.0408,7.178,7.2846,7.0332,7.0332,2.0588,47895.19,45017.505,0.14480000000000004,深圳,电器连锁,20100528,
002416.SZ,爱施德,20171127,7.0713,7.0332,7.1475,7.0103,7.0713,-0.5388,37775.06,35061.185,-0.03810000000000002,深圳,电器连锁,20100528,
002416.SZ,爱施德,20171124,7.0865,7.0713,7.1627,7.056,7.1018,-0.4295,30289.85,28261.004,-0.03049999999999997,深圳,电器连锁,20100528,
002416.SZ,爱施德,20171123,7.3075,7.1018,7.3151,7.056,7.3303,-3.1172,52154.11,49380.062,-0.22850000000000037,深圳,电器连锁,20100528,
002416.SZ,爱施德,20171122,7.2542,7.3303,7.4142,7.2313,7.2313,1.369,50911.1,48972.911,0.0990000000000002,深圳,电器连锁,20100528,
002416.SZ,爱施德,20171121,7.3151,7.2313,7.3684,7.1475,7.3227,-1.2482,51633.62,49177.03,-0.09140000000000015,深圳,电器连锁,20100528,
002416.SZ,爱施德,20171120,7.4675,7.3227,7.4827,7.117,7.4751,-2.0388,65052.93,62057.725,-0.1524000000000001,深圳,电器连锁,20100528,
002416.SZ,爱施德,20171117,7.8714,7.4751,7.9171,7.4523,7.8485,-4.7576,101416.03,101655.363,-0.3733999999999993,深圳,电器连锁,20100528,
002416.SZ,爱施德,20171116,7.8409,7.8485,7.9628,7.8333,7.8714,-0.2909,42217.67,43728.027,-0.02290000000000081,深圳,电器连锁,20100528,
002416.SZ,爱施德,20171115,7.9399,7.8714,8.039,7.8637,7.9476,-0.9588,45598.58,47589.3,-0.07620000000000005,深圳,电器连锁,20100528,
002416.SZ,爱施德,20171114,7.9933,7.9476,8.1152,7.8485,8.0161,-0.8545,78446.27,81845.513,-0.06849999999999934,深圳,电器连锁,20100528,
002416.SZ,爱施德,20171113,8.1457,8.0161,8.199,7.8942,8.1609,-1.7743,85091.09,89469.1,-0.14480000000000004,深圳,电器连锁,20100528,
002416.SZ,爱施德,20171110,8.3286,8.1609,8.3286,8.1228,8.3286,-2.0135,87318.62,93772.747,-0.16769999999999996,深圳,电器连锁,20100528,
002416.SZ,爱施德,20171109,8.26,8.3286,8.3362,8.1762,8.199,1.5807,69166.32,75021.51,0.12959999999999994,深圳,电器连锁,20100528,
002416.SZ,爱施德,20171108,8.2676,8.199,8.3438,8.1533,8.2524,-0.6471,64477.63,69485.517,-0.05339999999999989,深圳,电器连锁,20100528,
002416.SZ,爱施德,20171107,8.2219,8.2524,8.2676,8.1152,8.2295,0.2783,72252.48,77648.941,0.02289999999999992,深圳,电器连锁,20100528,
002416.SZ,爱施德,20171106,8.0619,8.2295,8.2828,7.9247,7.9933,2.955,99925.25,107046.73,0.2362000000000002,深圳,电器连锁,20100528,
002416.SZ,爱施德,20171103,8.0009,7.9933,8.0542,7.8637,8.0314,-0.4744,48732.04,50880.389,-0.03810000000000002,深圳,电器连锁,20100528,
002416.SZ,爱施德,20171102,8.039,8.0314,8.1152,7.9095,8.0466,-0.1889,75029.9,78846.65,-0.015200000000000102,深圳,电器连锁,20100528,
002416.SZ,爱施德,20171101,7.8561,8.0466,8.0695,7.7875,7.8561,2.4249,84486.32,88588.687,0.1905000000000001,深圳,电器连锁,20100528,
002416.SZ,爱施德,20171031,7.7571,7.8561,7.9247,7.7037,7.6428,2.7909,53041.03,54558.853,0.21329999999999938,深圳,电器连锁,20100528,
002416.SZ,爱施德,20171030,7.9247,7.6428,8.0314,7.6123,7.9476,-3.8351,79626.02,80888.449,-0.3048000000000002,深圳,电器连锁,20100528,
002416.SZ,爱施德,20171027,7.9933,7.9476,8.0771,7.8942,7.978,-0.381,48521.83,50883.138,-0.030399999999999316,深圳,电器连锁,20100528,
002416.SZ,爱施德,20171026,7.9323,7.978,8.1,7.9095,7.9399,0.4799,49726.48,52303.143,0.03810000000000002,深圳,电器连锁,20100528,
002416.SZ,爱施德,20171025,7.8714,7.9399,7.9476,7.8637,7.9095,0.3843,31813.86,33041.262,0.030399999999999316,深圳,电器连锁,20100528,
002416.SZ,爱施德,20171024,8.0314,7.9095,8.0466,7.7647,8.0314,-1.5178,67371.68,69724.145,-0.12189999999999923,深圳,电器连锁,20100528,
002416.SZ,爱施德,20171023,7.9933,8.0314,8.0923,7.9857,8.0009,0.3812,40174.7,42301.945,0.03049999999999997,深圳,电器连锁,20100528,
002416.SZ,爱施德,20171020,7.8866,8.0009,8.0771,7.8866,7.9933,0.0951,51639.08,54240.416,0.007600000000000051,深圳,电器连锁,20100528,
002416.SZ,爱施德,20171019,8.2676,7.9933,8.3514,7.8714,8.2905,-3.5848,90617.16,96017.969,-0.29720000000000013,深圳,电器连锁,20100528,
002416.SZ,爱施德,20171018,8.5572,8.2905,8.6867,8.2447,8.6105,-3.7164,107112.02,119073.389,-0.3200000000000003,深圳,电器连锁,20100528,
002416.SZ,爱施德,20171017,8.4048,8.6105,8.6867,8.3209,8.42,2.2625,128032.83,143830.754,0.1905000000000001,深圳,电器连锁,20100528,
002416.SZ,爱施德,20171016,8.4505,8.42,8.4886,8.2905,8.5038,-0.9854,81616.67,89988.123,-0.0838000000000001,深圳,电器连锁,20100528,
002416.SZ,爱施德,20171013,8.5191,8.5038,8.5876,8.4657,8.5191,-0.1796,83800.5,93737.398,-0.01529999999999987,深圳,电器连锁,20100528,
002416.SZ,爱施德,20171012,8.3362,8.5191,8.5495,8.3362,8.3362,2.194,106412.36,118358.645,0.18290000000000006,深圳,电器连锁,20100528,
002416.SZ,爱施德,20171011,8.42,8.3362,8.5724,8.3286,8.4581,-1.4412,70093.92,77676.024,-0.12190000000000012,深圳,电器连锁,20100528,
002416.SZ,爱施德,20171010,8.42,8.4581,8.4886,8.3667,8.4429,0.18,66857.09,74010.916,0.015200000000000102,深圳,电器连锁,20100528,
002416.SZ,爱施德,20171009,8.2371,8.4429,8.5191,8.2371,8.1533,3.5519,119499.16,131753.413,0.2896000000000001,深圳,电器连锁,20100528,
002416.SZ,爱施德,20170929,8.0009,8.1533,8.26,8.0009,8.039,1.4218,54126.54,57824.877,0.11430000000000007,深圳,电器连锁,20100528,
002416.SZ,爱施德,20170928,7.978,8.039,8.1076,7.9247,7.978,0.7646,49128.44,51764.842,0.06099999999999994,深圳,电器连锁,20100528,
002416.SZ,爱施德,20170927,7.8942,7.978,8.0238,7.8942,7.9323,0.5761,43790.34,45824.285,0.045700000000000074,深圳,电器连锁,20100528,
002416.SZ,爱施德,20170926,8.1838,7.9323,8.2219,7.8561,8.1914,-3.1631,66234.07,69455.52,-0.2591000000000001,深圳,电器连锁,20100528,
002416.SZ,爱施德,20170925,8.2295,8.1914,8.3209,8.1762,8.2524,-0.7392,38365.41,41537.328,-0.06099999999999994,深圳,电器连锁,20100528,
002416.SZ,爱施德,20170922,8.1914,8.2524,8.2905,8.0923,8.2066,0.5581,33183.94,35690.538,0.04579999999999984,深圳,电器连锁,20100528,
002416.SZ,爱施德,20170921,8.3057,8.2066,8.3362,8.1914,8.3133,-1.2835,42822.71,46479.016,-0.10670000000000002,深圳,电器连锁,20100528,
002416.SZ,爱施德,20170920,8.0619,8.3133,8.3819,8.0619,8.1,2.6333,71197.28,76997.734,0.21330000000000027,深圳,电器连锁,20100528,
002416.SZ,爱施德,20170919,8.2676,8.1,8.2752,8.0542,8.26,-1.937,63063.61,67532.469,-0.16000000000000014,深圳,电器连锁,20100528,
002416.SZ,爱施德,20170918,8.2143,8.26,8.2905,8.1609,8.2295,0.3706,43155.42,46691.245,0.03049999999999997,深圳,电器连锁,20100528,
002416.SZ,爱施德,20170915,8.199,8.2295,8.2981,8.1762,8.1914,0.4651,50286.68,54343.797,0.03810000000000002,深圳,电器连锁,20100528,
002416.SZ,爱施德,20170914,8.3057,8.1914,8.3286,8.1457,8.3514,-1.9158,87937.43,95107.861,-0.16000000000000014,深圳,电器连锁,20100528,
002416.SZ,爱施德,20170913,8.4657,8.3514,8.5267,8.2981,8.5495,-2.3171,118974.34,130787.566,-0.19810000000000016,深圳,电器连锁,20100528,
002416.SZ,爱施德,20170912,8.5953,8.5495,8.7248,8.5267,8.6029,-0.6207,126136.16,142762.372,-0.05339999999999989,深圳,电器连锁,20100528,
002416.SZ,爱施德,20170911,8.4962,8.6029,8.6181,8.4276,8.481,1.4373,85195.26,95264.646,0.12190000000000012,深圳,电器连锁,20100528,
002416.SZ,爱施德,20170908,8.4124,8.481,8.5038,8.3971,8.4048,0.9066,62548.69,69292.832,0.07620000000000005,深圳,电器连锁,20100528,
002416.SZ,爱施德,20170907,8.5191,8.4048,8.5724,8.3895,8.4962,-1.0758,74056.38,82363.99,-0.09140000000000015,深圳,电器连锁,20100528,
002416.SZ,爱施德,20170906,8.4962,8.4962,8.5191,8.4048,8.5495,-0.6234,98613.99,109497.752,-0.053300000000000125,深圳,电器连锁,20100528,
002416.SZ,爱施德,20170905,8.6562,8.5495,8.7096,8.4962,8.7172,-1.9238,92196.94,103514.596,-0.16769999999999996,深圳,电器连锁,20100528,
002416.SZ,爱施德,20170904,8.5114,8.7172,8.7172,8.42,8.5114,2.4179,124700.2,140843.335,0.20579999999999998,深圳,电器连锁,20100528,
002416.SZ,爱施德,20170901,8.58,8.5114,8.5876,8.3819,8.58,-0.7995,92767.82,103251.578,-0.0686,深圳,电器连锁,20100528,
002416.SZ,爱施德,20170831,8.6105,8.58,8.6105,8.481,8.6181,-0.4421,81582.15,91420.363,-0.03810000000000002,深圳,电器连锁,20100528,
002416.SZ,爱施德,20170830,8.3667,8.6181,8.6791,8.3286,8.359,3.0997,143904.61,161647.912,0.2591000000000001,深圳,电器连锁,20100528,
002416.SZ,爱施德,20170829,8.4505,8.359,8.5724,8.3057,8.4352,-0.9034,84386.85,93391.639,-0.07620000000000005,深圳,电器连锁,20100528,
002416.SZ,爱施德,20170828,8.3743,8.4352,8.58,8.3667,8.3667,0.8187,95867.32,106906.481,0.06850000000000023,深圳,电器连锁,20100528,
002416.SZ,爱施德,20170825,8.3209,8.3667,8.4124,8.2447,8.2905,0.9191,71301.78,78195.516,0.07620000000000005,深圳,电器连锁,20100528,
002416.SZ,爱施德,20170824,8.5114,8.2905,8.58,8.2447,8.5267,-2.7701,118015.64,129653.084,-0.2362000000000002,深圳,电器连锁,20100528,
002416.SZ,爱施德,20170823,8.6867,8.5267,8.7553,8.5038,8.8239,-3.3681,164339.43,185489.623,-0.29720000000000013,深圳,电器连锁,20100528,
002416.SZ,爱施德,20170822,8.4505,8.8239,9.022,8.3286,8.4429,4.5127,291726.87,333533.159,0.3810000000000002,深圳,电器连锁,20100528,
002416.SZ,爱施德,20170821,8.2295,8.4429,8.4581,8.1914,8.2143,2.783,109801.89,120557.156,0.22860000000000014,深圳,电器连锁,20100528,
002416.SZ,爱施德,20170818,8.2295,8.2143,8.4581,8.1762,8.2828,-0.827,86392.52,94112.265,-0.06850000000000023,深圳,电器连锁,20100528,
002416.SZ,爱施德,20170817,8.1685,8.2828,8.4048,8.1381,8.2143,0.8339,96298.62,104512.713,0.06850000000000023,深圳,电器连锁,20100528,
002416.SZ,爱施德,20170816,8.0771,8.2143,8.3667,8.039,8.0695,1.7944,113460.78,122680.081,0.14480000000000004,深圳,电器连锁,20100528,
002416.SZ,爱施德,20170815,8.0847,8.0695,8.1076,7.978,8.0619,0.0943,56546.25,59563.88,0.007600000000000051,深圳,电器连锁,20100528,
002416.SZ,爱施德,20170814,7.7113,8.0619,8.1076,7.6961,7.7113,4.5466,86272.2,90280.874,0.3506,深圳,电器连锁,20100528,
002416.SZ,爱施德,20170811,7.7571,7.7113,7.8866,7.6428,7.8104,-1.2688,52532.33,53558.669,-0.09909999999999997,深圳,电器连锁,20100528,
002416.SZ,爱施德,20170810,7.978,7.8104,8.0009,7.7799,8.0085,-2.4736,63175.08,65286.059,-0.19810000000000016,深圳,电器连锁,20100528,
002416.SZ,爱施德,20170809,8.0542,8.0085,8.1304,7.9704,8.0314,-0.2851,54479.69,57649.77,-0.02289999999999992,深圳,电器连锁,20100528,
002416.SZ,爱施德,20170808,8.0085,8.0314,8.0466,7.9247,8.0161,0.1909,43339.57,45432.698,0.01529999999999987,深圳,电器连锁,20100528,
002416.SZ,爱施德,20170807,7.9095,8.0161,8.1,7.8637,7.8942,1.5442,80983.71,85064.799,0.12190000000000012,深圳,电器连锁,20100528,
002416.SZ,爱施德,20170804,7.8485,7.8942,7.9704,7.7875,7.8409,0.6798,60075.61,62259.357,0.05329999999999924,深圳,电器连锁,20100528,
002416.SZ,爱施德,20170803,7.7875,7.8409,7.9476,7.7571,7.7875,0.6857,55209.38,56967.337,0.05340000000000078,深圳,电器连锁,20100528,
002416.SZ,爱施德,20170802,7.8561,7.7875,7.978,7.7799,7.8485,-0.7772,59073.39,61030.949,-0.06099999999999994,深圳,电器连锁,20100528,
002416.SZ,爱施德,20170801,7.8637,7.8485,7.9476,7.8104,7.8942,-0.5789,48186.84,49725.52,-0.045700000000000074,深圳,电器连锁,20100528,
002416.SZ,爱施德,20170731,7.7799,7.8942,8.0161,7.7494,7.8256,0.8766,60510.11,62761.867,0.0686,深圳,电器连锁,20100528,
002416.SZ,爱施德,20170728,7.9095,7.8256,7.9247,7.818,7.9476,-1.5351,50370.96,51922.487,-0.12200000000000077,深圳,电器连锁,20100528,
002416.SZ,爱施德,20170727,7.5742,7.9476,7.9628,7.5361,7.5742,4.9299,108922.39,111544.688,0.3734000000000002,深圳,电器连锁,20100528,
002416.SZ,爱施德,20170726,7.6809,7.5742,7.6809,7.5208,7.6656,-1.1923,58098.48,57742.082,-0.09140000000000015,深圳,电器连锁,20100528,
002416.SZ,爱施德,20170725,7.7033,7.6658,7.7859,7.5907,7.7033,-0.4868,44301.52,45308.382,-0.037499999999999645,深圳,电器连锁,20100528,
002416.SZ,爱施德,20170724,7.7033,7.7033,7.7334,7.6207,7.7033,0.0,41702.88,42629.905,0.0,深圳,电器连锁,20100528,
002416.SZ,爱施德,20170721,7.5457,7.7033,7.7033,7.5156,7.5682,1.7851,46142.0,46988.572,0.13509999999999955,深圳,电器连锁,20100528,
002416.SZ,爱施德,20170720,7.5757,7.5682,7.7709,7.5607,7.5607,0.0992,54756.0,55700.916,0.007500000000000284,深圳,电器连锁,20100528,
002416.SZ,爱施德,20170719,7.4556,7.5607,7.5682,7.3805,7.4556,1.4097,49315.68,49298.031,0.1051000000000002,深圳,电器连锁,20100528,
002416.SZ,爱施德,20170718,7.2528,7.4556,7.5006,7.2003,7.2754,2.4768,55422.07,54405.812,0.18019999999999925,深圳,电器连锁,20100528,
002416.SZ,爱施德,20170717,8.0262,7.2754,8.0262,7.2679,8.0187,-9.2696,114871.8,114779.734,-0.7433000000000005,深圳,电器连锁,20100528,
002416.SZ,爱施德,20170714,8.0562,8.0187,8.1163,7.9811,8.1013,-1.0196,32543.03,34865.162,-0.08259999999999934,深圳,电器连锁,20100528,
002416.SZ,爱施德,20170713,7.9961,8.1013,8.1163,7.9586,8.0187,1.0301,55249.98,59282.832,0.08259999999999934,深圳,电器连锁,20100528,
002416.SZ,爱施德,20170712,8.0787,8.0187,8.1763,7.8835,8.1163,-1.2025,82068.51,87415.121,-0.09759999999999991,深圳,电器连锁,20100528,
002416.SZ,爱施德,20170711,8.2965,8.1163,8.3115,8.1163,8.3265,-2.5245,70809.42,77454.107,-0.2101999999999986,深圳,电器连锁,20100528,
002416.SZ,爱施德,20170710,8.4466,8.3265,8.4466,8.304,8.4692,-1.6849,79959.07,89029.893,-0.14270000000000138,深圳,电器连锁,20100528,
002416.SZ,爱施德,20170707,8.2814,8.4692,8.5893,8.2589,8.3115,1.8974,154281.37,173377.455,0.15770000000000017,深圳,电器连锁,20100528,
002416.SZ,爱施德,20170706,8.1238,8.3115,8.3115,8.1163,8.1688,1.7469,122977.63,135056.468,0.14270000000000138,深圳,电器连锁,20100528,
002416.SZ,爱施德,20170705,8.0337,8.1688,8.1838,8.0187,8.0637,1.3034,59422.96,64154.352,0.10509999999999842,深圳,电器连锁,20100528,
002416.SZ,爱施德,20170704,8.2064,8.0637,8.2214,8.0412,8.1838,-1.4675,60722.52,65685.082,-0.12009999999999899,深圳,电器连锁,20100528,
002416.SZ,爱施德,20170703,8.1013,8.1838,8.1989,8.0487,8.1013,1.0184,74005.5,80273.922,0.08249999999999957,深圳,电器连锁,20100528,
002416.SZ,爱施德,20170630,7.9886,8.1013,8.1313,7.9436,8.0637,0.4663,58312.72,62488.02,0.03759999999999941,深圳,电器连锁,20100528,
002416.SZ,爱施德,20170629,7.9586,8.0637,8.1313,7.8835,7.9361,1.6078,75689.19,80759.362,0.12760000000000105,深圳,电器连锁,20100528,
002416.SZ,爱施德,20170628,7.9211,7.9361,7.9811,7.8235,7.9886,-0.6572,53020.33,55793.052,-0.05250000000000021,深圳,电器连锁,20100528,
002416.SZ,爱施德,20170627,8.0112,7.9886,8.1613,7.9736,8.0187,-0.3754,53490.99,57399.522,-0.030100000000000904,深圳,电器连锁,20100528,
002416.SZ,爱施德,20170626,7.9211,8.0187,8.0562,7.8159,7.876,1.8118,67111.49,71163.59,0.1427000000000005,深圳,电器连锁,20100528,
002416.SZ,爱施德,20170623,7.8685,7.876,7.9886,7.7484,7.8835,-0.0951,61144.39,64007.456,-0.007499999999999396,深圳,电器连锁,20100528,
002416.SZ,爱施德,20170622,8.1388,7.8835,8.1688,7.8385,8.1313,-3.0475,85851.39,91707.702,-0.2477999999999998,深圳,电器连锁,20100528,
002416.SZ,爱施德,20170621,8.0712,8.1313,8.1463,7.9886,8.0337,1.2149,72910.98,78317.849,0.09759999999999991,深圳,电器连锁,20100528,
002416.SZ,爱施德,20170620,8.1088,8.0337,8.1989,7.9886,8.1313,-1.2003,72354.42,78070.226,-0.09759999999999991,深圳,电器连锁,20100528,
002416.SZ,爱施德,20170619,8.1088,8.1313,8.1989,8.0787,8.1238,0.0923,59295.87,64279.406,0.007500000000000284,深圳,电器连锁,20100528,
002416.SZ,爱施德,20170616,8.2664,8.1238,8.2739,8.1163,8.289,-1.993,93866.16,102188.797,-0.16520000000000046,深圳,电器连锁,20100528,
002416.SZ,爱施德,20170615,8.2214,8.289,8.3791,8.1088,8.2589,0.3645,156600.74,171789.614,0.030099999999999127,深圳,电器连锁,20100528,
002416.SZ,爱施德,20170614,7.8235,8.2589,8.4616,7.7709,7.8535,5.162,213204.07,232070.686,0.4054000000000002,深圳,电器连锁,20100528,
002416.SZ,爱施德,20170613,7.6658,7.8535,7.9436,7.6207,7.7183,1.7517,76207.62,79221.488,0.1352000000000002,深圳,电器连锁,20100528,
002416.SZ,爱施德,20170612,7.6658,7.7183,8.0862,7.6057,7.7334,-0.1953,100210.26,104129.901,-0.015099999999999447,深圳,电器连锁,20100528,
002416.SZ,爱施德,20170609,7.6733,7.7334,7.7484,7.6057,7.6883,0.5866,53132.21,54433.212,0.045099999999999696,深圳,电器连锁,20100528,
002416.SZ,爱施德,20170608,7.7709,7.6883,7.8009,7.6733,7.7709,-1.0629,60844.32,62553.019,-0.08260000000000023,深圳,电器连锁,20100528,
002416.SZ,爱施德,20170607,7.6282,7.7709,7.7859,7.5832,7.6207,1.9709,77580.23,79657.126,0.1501999999999999,深圳,电器连锁,20100528,
002416.SZ,爱施德,20170606,7.5381,7.6207,7.6358,7.4631,7.5156,1.3984,61634.37,62212.981,0.1051000000000002,深圳,电器连锁,20100528,
002416.SZ,爱施德,20170605,7.4556,7.5156,7.6207,7.4405,7.448,0.9076,64410.41,64607.105,0.06759999999999966,深圳,电器连锁,20100528,
002416.SZ,爱施德,20170602,7.2153,7.448,7.4631,7.1778,7.2754,2.3724,63170.11,61692.099,0.1726000000000001,深圳,电器连锁,20100528,
002416.SZ,爱施德,20170601,7.358,7.2754,7.4631,7.2078,7.3955,-1.624,62020.05,60851.556,-0.12009999999999987,深圳,电器连锁,20100528,
002416.SZ,爱施德,20170531,7.6207,7.3955,7.6658,7.3655,7.4931,-1.3025,59938.91,60306.935,-0.09759999999999991,深圳,电器连锁,20100528,
002416.SZ,爱施德,20170526,7.448,7.4931,7.5607,7.4255,7.4706,0.3012,41835.31,41802.91,0.022499999999999964,深圳,电器连锁,20100528,
002416.SZ,爱施德,20170525,7.373,7.4706,7.5381,7.2829,7.3955,1.0155,52992.76,52414.695,0.07509999999999994,深圳,电器连锁,20100528,
002416.SZ,爱施德,20170524,7.2453,7.3955,7.433,7.1702,7.2904,1.4416,44799.43,43707.627,0.1051000000000002,深圳,电器连锁,20100528,
002416.SZ,爱施德,20170523,7.6132,7.2904,7.6508,7.2904,7.6207,-4.3342,58127.3,57778.054,-0.33030000000000026,深圳,电器连锁,20100528,
002416.SZ,爱施德,20170522,7.831,7.6207,7.846,7.5907,7.8685,-3.1493,46713.92,47889.441,-0.2477999999999998,深圳,电器连锁,20100528,
002416.SZ,爱施德,20170519,7.9211,7.8685,7.9811,7.7709,7.9886,-1.5034,55951.88,58482.572,-0.12009999999999987,深圳,电器连锁,20100528,
002416.SZ,爱施德,20170518,7.7409,7.9886,8.2139,7.6958,7.8159,2.2096,89411.59,95339.086,0.17269999999999985,深圳,电器连锁,20100528,
002416.SZ,爱施德,20170517,7.7934,7.8159,7.9361,7.7334,7.7934,0.2887,63233.45,65911.809,0.022499999999999964,深圳,电器连锁,20100528,
002416.SZ,爱施德,20170516,7.5306,7.7934,7.8685,7.4631,7.5607,3.0778,69791.36,71157.049,0.23270000000000035,深圳,电器连锁,20100528,
002416.SZ,爱施德,20170515,7.6207,7.5607,7.6733,7.5006,7.5457,0.1988,36903.35,37273.442,0.01499999999999968,深圳,电器连锁,20100528,
002416.SZ,爱施德,20170512,7.6282,7.5457,7.7033,7.5006,7.6433,-1.2769,45717.28,46039.884,-0.09759999999999991,深圳,电器连锁,20100528,
002416.SZ,爱施德,20170511,7.8159,7.6433,7.8835,7.433,7.906,-3.3228,68204.3,69281.313,-0.2626999999999997,深圳,电器连锁,20100528,
002416.SZ,爱施德,20170510,8.2139,7.906,8.2439,7.8685,8.2064,-3.6606,48278.33,52000.908,-0.30040000000000067,深圳,电器连锁,20100528,
002416.SZ,爱施德,20170509,7.7934,8.2064,8.2214,7.7709,7.861,4.3938,50328.52,53645.751,0.3454000000000006,深圳,电器连锁,20100528,
002416.SZ,爱施德,20170508,7.9136,7.861,8.0637,7.7409,7.9211,-0.7587,39217.47,41351.691,-0.060100000000000264,深圳,电器连锁,20100528,
002416.SZ,爱施德,20170505,8.0562,7.9211,8.2214,7.8835,8.1538,-2.8539,42714.47,45969.393,-0.23270000000000035,深圳,电器连锁,20100528,
002416.SZ,爱施德,20170504,8.2965,8.1538,8.3715,8.1313,8.3115,-1.8974,42614.5,46844.772,-0.15770000000000017,深圳,电器连锁,20100528,
002416.SZ,爱施德,20170503,8.3265,8.3115,8.4091,8.2439,8.3565,-0.5385,44388.2,49263.468,-0.04499999999999993,深圳,电器连锁,20100528,
002416.SZ,爱施德,20170502,8.1838,8.3565,8.4166,8.1838,8.1763,2.2039,48183.69,53141.684,0.18020000000000103,深圳,电器连锁,20100528,
002416.SZ,爱施德,20170428,8.1838,8.1763,8.319,8.1238,8.2364,-0.7297,43459.95,47533.767,-0.060100000000000264,深圳,电器连锁,20100528,
002416.SZ,爱施德,20170427,8.1763,8.2364,8.2514,7.831,8.2139,0.2739,52241.25,55780.998,0.022499999999999076,深圳,电器连锁,20100528,
002416.SZ,爱施德,20170426,8.1914,8.2139,8.2814,8.1538,8.1914,0.2747,34688.2,37920.44,0.022500000000000853,深圳,电器连锁,20100528,
002416.SZ,爱施德,20170425,8.2589,8.1914,8.3565,8.1538,8.2589,-0.8173,32551.97,35826.276,-0.06750000000000078,深圳,电器连锁,20100528,
002416.SZ,爱施德,20170424,8.5142,8.2589,8.6043,7.6958,8.5442,-3.3391,48573.31,53317.63,-0.28529999999999944,深圳,电器连锁,20100528,
002416.SZ,爱施德,20170421,8.5893,8.5442,8.7695,8.5142,8.5668,-0.2638,37316.87,42905.141,-0.02260000000000062,深圳,电器连锁,20100528,
002416.SZ,爱施德,20170420,8.7545,8.5668,8.8145,8.4091,8.762,-2.2278,71543.56,81724.671,-0.19519999999999982,深圳,电器连锁,20100528,
002416.SZ,爱施德,20170419,9.1449,8.762,9.2725,8.334,9.1974,-4.7339,75597.83,88645.21,-0.43539999999999957,深圳,电器连锁,20100528,
002416.SZ,爱施德,20170418,9.3476,9.1974,9.4377,9.1524,9.4002,-2.1574,41714.77,51849.664,-0.20279999999999987,深圳,电器连锁,20100528,
002416.SZ,爱施德,20170417,9.4978,9.4002,9.5578,9.3927,9.4903,-0.9494,38303.4,48299.975,-0.09009999999999962,深圳,电器连锁,20100528,
002416.SZ,爱施德,20170414,9.6179,9.4903,9.6629,9.4002,9.678,-1.9395,53533.71,67954.782,-0.1877000000000013,深圳,电器连锁,20100528,
002416.SZ,爱施德,20170413,9.4227,9.678,9.7605,9.3626,9.4227,2.7094,85952.49,110636.898,0.2553000000000001,深圳,电器连锁,20100528,
002416.SZ,爱施德,20170412,9.3551,9.4227,9.5503,9.3551,9.4752,-0.5541,41530.0,52339.316,-0.05249999999999844,深圳,电器连锁,20100528,
002416.SZ,爱施德,20170411,9.4227,9.4752,9.4827,9.28,9.3701,1.1217,46692.74,58381.02,0.10509999999999842,深圳,电器连锁,20100528,
002416.SZ,爱施德,20170410,9.5203,9.3701,9.6029,9.3326,9.5879,-2.2716,47095.05,59377.823,-0.21779999999999866,深圳,电器连锁,20100528,
002416.SZ,爱施德,20170407,9.5428,9.5879,9.723,9.4677,9.5578,0.3149,44721.55,57099.685,0.030099999999999127,深圳,电器连锁,20100528,
002416.SZ,爱施德,20170406,9.5128,9.5578,9.6254,9.3927,9.4752,0.8717,42254.75,53570.051,0.08260000000000112,深圳,电器连锁,20100528,
002416.SZ,爱施德,20170405,9.3176,9.4752,9.5353,9.2275,9.2275,2.6844,43586.57,54922.846,0.24770000000000003,深圳,电器连锁,20100528,
002416.SZ,爱施德,20170331,9.1974,9.2275,9.3251,9.1524,9.1374,0.9861,41420.01,50976.287,0.09009999999999962,深圳,电器连锁,20100528,
002416.SZ,爱施德,20170330,9.5954,9.1374,9.6254,9.1299,9.6254,-5.0699,64264.17,80203.871,-0.4880000000000013,深圳,电器连锁,20100528,
002416.SZ,爱施德,20170329,9.7305,9.6254,9.7906,9.6104,9.7455,-1.2324,43222.39,55806.693,-0.12009999999999899,深圳,电器连锁,20100528,
002416.SZ,爱施德,20170328,9.8131,9.7455,9.8131,9.678,9.8056,-0.6129,39521.08,51301.418,-0.060100000000000264,深圳,电器连锁,20100528,
002416.SZ,爱施德,20170327,9.7605,9.8056,9.8431,9.723,9.7981,0.0765,47656.34,62050.833,0.007500000000000284,深圳,电器连锁,20100528,
002416.SZ,爱施德,20170324,9.7305,9.7981,9.8131,9.7155,9.723,0.7724,41129.09,53507.682,0.07509999999999906,深圳,电器连锁,20100528,
002416.SZ,爱施德,20170323,9.7681,9.723,9.9032,9.6629,9.7681,-0.4617,55406.15,72054.796,-0.045099999999999696,深圳,电器连锁,20100528,
002416.SZ,爱施德,20170322,9.8582,9.7681,9.9182,9.6329,9.9558,-1.8853,70001.17,91197.895,-0.18769999999999953,深圳,电器连锁,20100528,
002416.SZ,爱施德,20170321,10.0083,9.9558,10.0308,9.8732,10.0083,-0.5246,48256.18,63830.706,-0.05250000000000021,深圳,电器连锁,20100528,
002416.SZ,爱施德,20170320,9.9933,10.0083,10.0459,9.8657,9.9933,0.1501,49407.0,65449.119,0.015000000000000568,深圳,电器连锁,20100528,
002416.SZ,爱施德,20170317,10.2035,9.9933,10.2486,9.9858,10.196,-1.988,86310.53,116175.96,-0.2027000000000001,深圳,电器连锁,20100528,
002416.SZ,爱施德,20170316,10.1209,10.196,10.211,10.0909,10.0984,0.9665,73399.56,99099.889,0.09759999999999991,深圳,电器连锁,20100528,
002416.SZ,爱施德,20170315,10.1209,10.0984,10.196,10.0233,10.136,-0.371,53976.03,72483.06,-0.03759999999999941,深圳,电器连锁,20100528,
002416.SZ,爱施德,20170314,10.3237,10.136,10.3687,10.1059,10.3161,-1.7458,86882.39,118035.98,-0.18010000000000126,深圳,电器连锁,20100528,
002416.SZ,爱施德,20170313,9.9182,10.3161,10.3161,9.8957,9.8957,4.2483,123858.93,167523.624,0.4204000000000008,深圳,电器连锁,20100528,
002416.SZ,爱施德,20170310,10.0534,9.8957,10.136,9.8431,10.0609,-1.642,57396.54,76296.549,-0.16520000000000046,深圳,电器连锁,20100528,
002416.SZ,爱施德,20170309,10.1435,10.0609,10.166,9.8807,10.1059,-0.4453,49239.41,66069.617,-0.04499999999999993,深圳,电器连锁,20100528,
002416.SZ,爱施德,20170308,10.181,10.1059,10.2336,10.0684,10.166,-0.5912,56119.74,75859.717,-0.060100000000000264,深圳,电器连锁,20100528,
002416.SZ,爱施德,20170307,10.0759,10.166,10.181,10.0383,10.0759,0.8942,66801.67,90179.025,0.09009999999999962,深圳,电器连锁,20100528,
002416.SZ,爱施德,20170306,9.9858,10.0759,10.151,9.9633,9.9483,1.2826,81984.02,110038.698,0.12760000000000105,深圳,电器连锁,20100528,
002416.SZ,爱施德,20170303,9.7831,9.9483,9.9483,9.6855,9.7906,1.6107,57250.18,75078.815,0.15770000000000017,深圳,电器连锁,20100528,
002416.SZ,爱施德,20170302,9.9182,9.7906,10.0158,9.738,9.9783,-1.8811,63869.76,84317.481,-0.1877000000000013,深圳,电器连锁,20100528,
002416.SZ,爱施德,20170301,10.0158,9.9783,10.0759,9.9783,10.0158,-0.3744,44627.26,59515.974,-0.037499999999999645,深圳,电器连锁,20100528,
002416.SZ,爱施德,20170228,10.0158,10.0158,10.0609,9.9483,9.9933,0.2252,40723.78,54286.916,0.022500000000000853,深圳,电器连锁,20100528,
002416.SZ,爱施德,20170227,10.0984,9.9933,10.181,9.9783,10.136,-1.4079,68764.96,92051.063,-0.1426999999999996,深圳,电器连锁,20100528,
002416.SZ,爱施德,20170224,10.4663,10.136,10.4663,10.0834,10.0759,0.5965,93447.86,127393.408,0.06009999999999849,深圳,电器连锁,20100528,
002416.SZ,爱施德,20170223,10.0459,10.0759,10.136,9.9483,10.1059,-0.2969,75428.33,100716.652,-0.02999999999999936,深圳,电器连锁,20100528,
002416.SZ,爱施德,20170222,10.0759,10.1059,10.2411,9.9032,10.0233,0.8241,92150.86,123389.129,0.08259999999999934,深圳,电器连锁,20100528,
002416.SZ,爱施德,20170221,9.8582,10.0233,10.0909,9.8582,9.9182,1.0597,81293.31,108066.853,0.1051000000000002,深圳,电器连锁,20100528,
002416.SZ,爱施德,20170220,9.723,9.9182,9.9858,9.6479,9.738,1.8505,76196.85,99894.995,0.18020000000000103,深圳,电器连锁,20100528,
002416.SZ,爱施德,20170217,9.6479,9.738,9.8206,9.5728,9.7005,0.3866,52804.81,68277.671,0.037499999999999645,深圳,电器连锁,20100528,
002416.SZ,爱施德,20170216,9.708,9.7005,9.8131,9.6179,9.708,-0.0773,41239.74,53293.733,-0.007500000000000284,深圳,电器连锁,20100528,
002416.SZ,爱施德,20170215,9.8807,9.708,9.9332,9.6855,9.9032,-1.9711,52675.07,68948.387,-0.19519999999999982,深圳,电器连锁,20100528,
002416.SZ,爱施德,20170214,9.9407,9.9032,10.0083,9.8807,9.9483,-0.4533,39277.27,51923.761,-0.045099999999999696,深圳,电器连锁,20100528,
002416.SZ,爱施德,20170213,9.8882,9.9483,10.0158,9.8056,9.8882,0.6078,55829.52,73628.518,0.060100000000000264,深圳,电器连锁,20100528,
002416.SZ,爱施德,20170210,9.9483,9.8882,10.0233,9.8506,9.9633,-0.7538,57293.05,75708.589,-0.07510000000000083,深圳,电器连锁,20100528,
002416.SZ,爱施德,20170209,9.8431,9.9633,10.0383,9.8206,9.8431,1.2212,63336.76,83957.231,0.12020000000000053,深圳,电器连锁,20100528,
002416.SZ,爱施德,20170208,9.7681,9.8431,9.8582,9.693,9.7981,0.4593,39373.82,51286.87,0.04499999999999993,深圳,电器连锁,20100528,
002416.SZ,爱施德,20170207,9.7305,9.7981,9.9182,9.693,9.7455,0.5397,50365.83,65794.146,0.05259999999999998,深圳,电器连锁,20100528,
002416.SZ,爱施德,20170206,9.678,9.7455,9.7756,9.6029,9.6554,0.9332,47646.62,61530.812,0.09009999999999962,深圳,电器连锁,20100528,
002416.SZ,爱施德,20170203,9.6029,9.6554,9.7005,9.5954,9.5954,0.6253,28413.57,36547.224,0.0600000000000005,深圳,电器连锁,20100528,
002416.SZ,爱施德,20170126,9.5353,9.5954,9.723,9.4452,9.8056,-2.1437,54605.94,69655.528,-0.2102000000000004,深圳,电器连锁,20100528,
002416.SZ,爱施德,20170125,9.7981,9.8056,9.8882,9.7155,9.7981,0.0765,23867.35,31200.412,0.007500000000000284,深圳,电器连锁,20100528,
002416.SZ,爱施德,20170124,9.8957,9.7981,9.9483,9.7305,9.8957,-0.9863,38877.73,50983.681,-0.09759999999999991,深圳,电器连锁,20100528,
002416.SZ,爱施德,20170123,9.7831,9.8957,10.0534,9.7831,9.7756,1.2286,42596.39,56258.407,0.12009999999999899,深圳,电器连锁,20100528,
002416.SZ,爱施德,20170120,9.6179,9.7756,9.9107,9.5053,9.5653,2.1986,53704.64,70071.118,0.21030000000000015,深圳,电器连锁,20100528,
002416.SZ,爱施德,20170119,9.4827,9.5653,9.7906,9.4377,9.7005,-1.3937,45107.01,57785.005,-0.13519999999999932,深圳,电器连锁,20100528,
002416.SZ,爱施德,20170118,9.4903,9.7005,10.0609,9.3927,9.6104,0.9375,67061.67,87043.863,0.09009999999999962,深圳,电器连锁,20100528,
002416.SZ,爱施德,20170117,9.5653,9.6104,9.6629,9.0773,9.5954,0.1563,79475.37,99874.542,0.015000000000000568,深圳,电器连锁,20100528,
002416.SZ,爱施德,20170116,10.624,9.5954,10.624,9.4903,10.5414,-8.9741,100783.3,132249.104,-0.9459999999999997,深圳,电器连锁,20100528,
002416.SZ,爱施德,20170113,10.9243,10.5414,10.9543,10.5189,10.9243,-3.505,48870.24,69980.913,-0.38290000000000113,深圳,电器连锁,20100528,
002416.SZ,爱施德,20170112,11.1195,10.9243,11.127,10.8868,11.1195,-1.7555,40055.27,58739.042,-0.19519999999999982,深圳,电器连锁,20100528,
002416.SZ,爱施德,20170111,11.1796,11.1195,11.2246,10.8943,11.1796,-0.5376,47199.74,69567.836,-0.060100000000000264,深圳,电器连锁,20100528,
002416.SZ,爱施德,20170110,11.1796,11.1796,11.3297,11.1345,11.1721,0.0671,43921.27,65757.283,0.007500000000000284,深圳,电器连锁,20100528,
002416.SZ,爱施德,20170109,11.0369,11.1721,11.2321,11.0069,11.0144,1.4318,44946.98,66819.299,0.15770000000000017,深圳,电器连锁,20100528,
002416.SZ,爱施德,20170106,11.2096,11.0144,11.2772,11.0144,11.2472,-2.0698,58135.38,86148.926,-0.23279999999999923,深圳,电器连锁,20100528,
002416.SZ,爱施德,20170105,11.3072,11.2472,11.3448,11.2171,11.2922,-0.3985,49255.4,73990.172,-0.04499999999999993,深圳,电器连锁,20100528,
002416.SZ,爱施德,20170104,11.1721,11.2922,11.3373,11.112,11.112,1.6217,48874.13,73155.779,0.18019999999999925,深圳,电器连锁,20100528,
002416.SZ,爱施德,20170103,11.0595,11.112,11.2096,11.0595,11.0595,0.4747,44099.18,65290.716,0.05250000000000021,深圳,电器连锁,20100528,
002416.SZ,爱施德,20161230,11.2021,11.0595,11.2472,11.0519,11.1946,-1.2068,47083.8,69759.495,-0.13509999999999955,深圳,电器连锁,20100528,
002416.SZ,爱施德,20161229,11.2922,11.1946,11.3748,11.1871,11.2772,-0.7325,39957.52,60029.523,-0.08260000000000112,深圳,电器连锁,20100528,
002416.SZ,爱施德,20161228,11.3823,11.2772,11.5099,11.2622,11.4123,-1.1838,40243.99,60817.31,-0.13509999999999955,深圳,电器连锁,20100528,
002416.SZ,爱施德,20161227,11.525,11.4123,11.6,11.3898,11.54,-1.1066,44985.15,68810.41,-0.12769999999999904,深圳,电器连锁,20100528,
002416.SZ,爱施德,20161226,11.2697,11.54,11.555,10.9694,11.3973,1.2521,70456.82,105834.961,0.1426999999999996,深圳,电器连锁,20100528,
002416.SZ,爱施德,20161223,11.3373,11.3973,11.7502,11.3373,11.3373,0.5292,87170.87,134258.112,0.05999999999999872,深圳,电器连锁,20100528,
002416.SZ,爱施德,20161222,11.4874,11.3373,11.4874,11.2997,11.4724,-1.1776,43426.41,65673.082,-0.13509999999999955,深圳,电器连锁,20100528,
002416.SZ,爱施德,20161221,11.4649,11.4724,11.5174,11.3898,11.4799,-0.0653,49854.08,75969.847,-0.007500000000000284,深圳,电器连锁,20100528,
002416.SZ,爱施德,20161220,11.3898,11.4799,11.6526,11.3373,11.4048,0.6585,60195.35,92380.929,0.07510000000000083,深圳,电器连锁,20100528,
002416.SZ,爱施德,20161219,11.4724,11.4048,11.4874,11.2922,11.4273,-0.1969,29634.67,44933.144,-0.022500000000000853,深圳,电器连锁,20100528,
002416.SZ,爱施德,20161216,11.4574,11.4273,11.5325,11.3448,11.3598,0.5942,32810.03,49983.593,0.06750000000000078,深圳,电器连锁,20100528,
002416.SZ,爱施德,20161215,11.2246,11.3598,11.6075,11.1871,11.2246,1.2045,51210.17,77724.834,0.13519999999999932,深圳,电器连锁,20100528,
002416.SZ,爱施德,20161214,11.3072,11.2246,11.4349,11.2021,11.2922,-0.5986,39803.0,59981.267,-0.06759999999999877,深圳,电器连锁,20100528,
002416.SZ,爱施德,20161213,11.3823,11.2922,11.4574,11.1345,11.3448,-0.4636,53938.47,81219.025,-0.05259999999999998,深圳,电器连锁,20100528,
002416.SZ,爱施德,20161212,12.1631,11.3448,12.1631,11.3147,12.1031,-6.2653,92635.53,143782.405,-0.7583000000000002,深圳,电器连锁,20100528,
002416.SZ,爱施德,20161209,12.0655,12.1031,12.3283,11.9229,12.1031,0.0,50817.59,82553.646,0.0,深圳,电器连锁,20100528,
002416.SZ,爱施德,20161208,12.3884,12.1031,12.3884,12.073,12.3058,-1.6472,53399.88,87052.009,-0.2027000000000001,深圳,电器连锁,20100528,
002416.SZ,爱施德,20161207,12.1256,12.3058,12.5085,11.9604,12.0655,1.9916,85557.52,139919.481,0.24029999999999951,深圳,电器连锁,20100528,
002416.SZ,爱施德,20161206,11.8628,12.0655,12.2608,11.8628,11.8553,1.773,56482.74,90289.47,0.2102000000000004,深圳,电器连锁,20100528,
002416.SZ,爱施德,20161205,12.1256,11.8553,12.2307,11.7877,12.1631,-2.5306,67355.55,107990.775,-0.3078000000000003,深圳,电器连锁,20100528,
002416.SZ,爱施德,20161202,12.1631,12.1631,12.3133,12.1181,12.2758,-0.9181,60419.18,98207.849,-0.11270000000000024,深圳,电器连锁,20100528,
002416.SZ,爱施德,20161201,12.2232,12.2758,12.4334,12.2082,12.2382,0.3072,74248.18,121869.844,0.03759999999999941,深圳,电器连锁,20100528,
002416.SZ,爱施德,20161130,12.3959,12.2382,12.5911,12.1331,12.3884,-1.2124,105921.17,174393.752,-0.1501999999999999,深圳,电器连锁,20100528,
002416.SZ,爱施德,20161129,12.8239,12.3884,12.8989,12.3884,12.8914,-3.9018,146022.81,245545.235,-0.5030000000000001,深圳,电器连锁,20100528,
002416.SZ,爱施德,20161128,12.8764,12.8914,13.0942,12.8764,12.914,-0.175,103156.24,178265.298,-0.022599999999998843,深圳,电器连锁,20100528,
002416.SZ,爱施德,20161125,13.0041,12.914,13.1017,12.6286,13.1467,-1.77,151197.59,258820.002,-0.23269999999999946,深圳,电器连锁,20100528,
002416.SZ,爱施德,20161124,13.0641,13.1467,13.3269,12.9515,13.1467,0.0,170826.62,298705.888,0.0,深圳,电器连锁,20100528,
002416.SZ,爱施德,20161123,13.1017,13.1467,13.3119,12.8764,13.1392,0.0571,265609.39,463442.808,0.007499999999998508,深圳,电器连锁,20100528,
002416.SZ,爱施德,20161122,12.5761,13.1392,13.4846,12.5686,12.5686,4.5399,342568.01,595101.656,0.5706000000000007,深圳,电器连锁,20100528,
002416.SZ,爱施德,20161121,12.4635,12.5686,12.6437,12.4485,12.4935,0.6011,68606.58,114802.479,0.07510000000000083,深圳,电器连锁,20100528,
002416.SZ,爱施德,20161118,12.5986,12.4935,12.7263,12.4635,12.5986,-0.8342,92336.17,154668.235,-0.1051000000000002,深圳,电器连锁,20100528,
002416.SZ,爱施德,20161117,12.8914,12.5986,12.8914,12.5611,12.8989,-2.3281,162897.51,274829.224,-0.3003,深圳,电器连锁,20100528,
002416.SZ,爱施德,20161116,12.7413,12.8989,13.0942,12.6211,12.6887,1.6566,261288.6,448814.277,0.2101999999999986,深圳,电器连锁,20100528,
002416.SZ,爱施德,20161115,12.5386,12.6887,12.7488,12.4635,12.5761,0.8953,104979.29,176496.28,0.11260000000000048,深圳,电器连锁,20100528,
002416.SZ,爱施德,20161114,12.7938,12.5761,12.8689,12.4785,12.7488,-1.3546,151083.51,254591.546,-0.17269999999999897,深圳,电器连锁,20100528,
002416.SZ,爱施德,20161111,12.6437,12.7488,12.8464,12.4334,12.6437,0.8312,161014.19,271080.055,0.10509999999999842,深圳,电器连锁,20100528,
002416.SZ,爱施德,20161110,12.7488,12.6437,12.8539,12.5761,12.5611,0.6576,158516.2,268031.316,0.08260000000000112,深圳,电器连锁,20100528,
002416.SZ,爱施德,20161109,12.6887,12.5611,12.8614,12.3133,12.7863,-1.7613,241376.72,405388.235,-0.22520000000000095,深圳,电器连锁,20100528,
002416.SZ,爱施德,20161108,12.4635,12.7863,12.9064,12.3734,12.3659,3.3997,305926.54,516981.056,0.4204000000000008,深圳,电器连锁,20100528,
002416.SZ,爱施德,20161107,12.3208,12.3659,12.6962,12.3133,12.3433,0.1831,178943.52,296955.578,0.02260000000000062,深圳,电器连锁,20100528,
002416.SZ,爱施德,20161104,12.7112,12.3433,12.7112,12.3208,12.6136,-2.1429,326215.26,544925.165,-0.27030000000000065,深圳,电器连锁,20100528,
002416.SZ,爱施德,20161103,11.4349,12.6136,12.6136,11.4123,11.4649,10.0193,464808.02,764890.726,1.1486999999999998,深圳,电器连锁,20100528,
002416.SZ,爱施德,20161102,11.6075,11.4649,11.6451,11.4499,11.6676,-1.7373,61514.57,94435.404,-0.2027000000000001,深圳,电器连锁,20100528,
002416.SZ,爱施德,20161101,11.6301,11.6676,11.6751,11.5099,11.6301,0.3224,49871.74,77127.123,0.037499999999999645,深圳,电器连锁,20100528,
002416.SZ,爱施德,20161031,11.5775,11.6301,11.6526,11.4499,11.585,0.3893,42671.95,65657.335,0.045099999999999696,深圳,电器连锁,20100528,
002416.SZ,爱施德,20161028,11.8853,11.585,11.9604,11.5625,11.8853,-2.5267,88460.0,138138.1239,-0.3003,深圳,电器连锁,20100528,
002416.SZ,爱施德,20161027,11.9379,11.8853,11.9454,11.8328,11.9529,-0.5656,51172.12,80916.7322,-0.06759999999999877,深圳,电器连锁,20100528,
002416.SZ,爱施德,20161026,12.058,11.9529,12.1857,11.9079,12.073,-0.9948,94703.79,151530.0185,-0.12010000000000076,深圳,电器连锁,20100528,
002416.SZ,爱施德,20161025,11.9004,12.073,12.1932,11.8253,11.9229,1.2589,107849.58,172539.4001,0.15010000000000012,深圳,电器连锁,20100528,
002416.SZ,爱施德,20161024,11.9004,11.9229,12.0806,11.7652,11.8929,0.2523,80937.36,128881.2095,0.030000000000001137,深圳,电器连锁,20100528,
002416.SZ,爱施德,20161021,12.1181,11.8929,12.1256,11.7502,12.1631,-2.2215,102719.79,162931.5608,-0.2702000000000009,深圳,电器连锁,20100528,
002416.SZ,爱施德,20161020,11.8929,12.1631,12.2007,11.8103,11.8703,2.4667,158883.03,255463.1458,0.2927999999999997,深圳,电器连锁,20100528,
002416.SZ,爱施德,20161019,11.8853,11.8703,11.9754,11.7877,11.9079,-0.3158,67966.61,107511.5874,-0.03759999999999941,深圳,电器连锁,20100528,
002416.SZ,爱施德,20161018,11.6901,11.9079,11.9154,11.6376,11.6901,1.8631,77643.75,121839.2221,0.21780000000000044,深圳,电器连锁,20100528,
002416.SZ,爱施德,20161017,11.9004,11.6901,11.9604,11.6751,11.8703,-1.5181,53180.35,83639.4674,-0.18020000000000103,深圳,电器连锁,20100528,
002416.SZ,爱施德,20161014,11.8478,11.8703,11.9229,11.7802,11.8553,0.1265,51874.24,81925.0805,0.015000000000000568,深圳,电器连锁,20100528,
002416.SZ,爱施德,20161013,11.8403,11.8553,11.9529,11.7277,11.8403,0.1267,68184.45,107499.6439,0.015000000000000568,深圳,电器连锁,20100528,
002416.SZ,爱施德,20161012,11.8403,11.8403,11.9754,11.7202,11.8253,0.1268,57252.3,90481.9972,0.014999999999998792,深圳,电器连锁,20100528,
002416.SZ,爱施德,20161011,11.9529,11.8253,11.9754,11.8103,11.9304,-0.8809,64333.46,101716.9866,-0.1051000000000002,深圳,电器连锁,20100528,
002416.SZ,爱施德,20161010,11.5625,11.9304,11.9454,11.5024,11.4499,4.1965,99605.92,156297.7859,0.48050000000000104,深圳,电器连锁,20100528,
002416.SZ,爱施德,20160930,11.3898,11.4499,11.5099,11.3823,11.4349,0.1312,42334.82,64610.2832,0.014999999999998792,深圳,电器连锁,20100528,
002416.SZ,爱施德,20160929,11.4799,11.4349,11.5099,11.4048,11.4198,0.1322,49367.07,75342.0285,0.015100000000000335,深圳,电器连锁,20100528,
002416.SZ,爱施德,20160928,11.57,11.4198,11.57,11.3523,11.4649,-0.3934,43453.51,66223.4299,-0.045099999999999696,深圳,电器连锁,20100528,
002416.SZ,爱施德,20160927,11.3147,11.4649,11.525,11.3147,11.3072,1.3947,73427.98,111683.7256,0.15770000000000017,深圳,电器连锁,20100528,
002416.SZ,爱施德,20160926,11.8628,11.3072,11.8929,11.2622,11.8328,-4.4419,119772.37,182245.4776,-0.5256000000000007,深圳,电器连锁,20100528,
002416.SZ,爱施德,20160923,11.9829,11.8328,12.0655,11.8253,12.013,-1.5,57066.05,90583.8002,-0.18019999999999925,深圳,电器连锁,20100528,
002416.SZ,爱施德,20160922,12.1331,12.013,12.1631,11.9679,12.0055,0.0625,56136.84,90123.6251,0.007500000000000284,深圳,电器连锁,20100528,
002416.SZ,爱施德,20160921,11.9454,12.0055,12.1406,11.9379,11.9604,0.3771,54071.19,86766.2405,0.045099999999999696,深圳,电器连锁,20100528,
002416.SZ,爱施德,20160920,12.0205,11.9604,12.0806,11.9379,12.0956,-1.1178,49680.45,79303.8284,-0.13519999999999932,深圳,电器连锁,20100528,
002416.SZ,爱施德,20160919,12.0055,12.0956,12.2983,12.0055,11.8703,1.898,71626.96,115817.9491,0.22529999999999895,深圳,电器连锁,20100528,
002416.SZ,爱施德,20160914,11.8028,11.8703,12.058,11.7577,11.9454,-0.6287,71695.47,113924.4708,-0.07509999999999906,深圳,电器连锁,20100528,
002416.SZ,爱施德,20160913,12.028,11.9454,12.1556,11.8778,11.9379,0.0628,86657.87,138418.6065,0.007499999999998508,深圳,电器连锁,20100528,
002416.SZ,爱施德,20160912,12.6286,11.9379,12.6286,11.9079,12.9064,-7.504,159946.84,262328.2067,-0.9684999999999988,深圳,电器连锁,20100528,
002416.SZ,爱施德,20160909,13.0716,12.9064,13.0942,12.8989,13.0641,-1.2071,77588.79,133779.5554,-0.15770000000000017,深圳,电器连锁,20100528,
002416.SZ,爱施德,20160908,13.2068,13.0641,13.2518,13.0341,13.1467,-0.6283,74155.74,129446.7029,-0.08259999999999934,深圳,电器连锁,20100528,
002416.SZ,爱施德,20160907,13.2894,13.1467,13.3569,13.1317,13.1692,-0.1709,111108.0,195711.2644,-0.022500000000000853,深圳,电器连锁,20100528,
002416.SZ,爱施德,20160906,12.989,13.1692,13.2218,12.8088,12.9965,1.3288,92456.6,160538.3528,0.17270000000000074,深圳,电器连锁,20100528,
002416.SZ,爱施德,20160905,13.0116,12.9965,13.0866,12.959,12.9365,0.4638,54032.26,93684.9127,0.05999999999999872,深圳,电器连锁,20100528,
002416.SZ,爱施德,20160902,12.989,12.9365,13.1092,12.8164,13.0266,-0.6917,69244.14,119663.7099,-0.09009999999999962,深圳,电器连锁,20100528,
002416.SZ,爱施德,20160901,13.2218,13.0266,13.2743,13.0266,13.1842,-1.1954,77157.34,134639.1818,-0.1576000000000004,深圳,电器连锁,20100528,
002416.SZ,爱施德,20160831,13.2143,13.1842,13.3419,12.989,13.1918,-0.0576,79560.72,139461.3337,-0.007600000000000051,深圳,电器连锁,20100528,
002416.SZ,爱施德,20160830,13.1692,13.1918,13.417,13.1542,13.0866,0.8039,79357.49,140110.6199,0.10519999999999996,深圳,电器连锁,20100528,
002416.SZ,爱施德,20160829,13.1017,13.0866,13.2293,13.0266,13.1317,-0.3434,61675.56,107755.9767,-0.045099999999999696,深圳,电器连锁,20100528,
002416.SZ,爱施德,20160826,13.2143,13.1317,13.3644,13.1092,13.1167,0.1144,88707.58,155955.175,0.015000000000000568,深圳,电器连锁,20100528,
002416.SZ,爱施德,20160825,13.372,13.1167,13.4395,13.0341,13.5521,-3.2128,133738.81,234522.2384,-0.43539999999999957,深圳,电器连锁,20100528,
002416.SZ,爱施德,20160824,13.3269,13.5521,13.7323,13.3044,13.2593,2.2083,158760.02,287063.0668,0.2927999999999997,深圳,电器连锁,20100528,
002416.SZ,爱施德,20160823,13.2668,13.2593,13.4846,13.1392,13.2743,-0.113,68711.28,121800.6988,-0.015000000000000568,深圳,电器连锁,20100528,
002416.SZ,爱施德,20160822,13.4846,13.2743,13.6573,13.2443,13.4771,-1.5048,78994.96,141800.9935,-0.20279999999999987,深圳,电器连锁,20100528,
002416.SZ,爱施德,20160819,13.5822,13.4771,13.6573,13.4395,13.6347,-1.1559,99417.45,178963.408,-0.1576000000000004,深圳,电器连锁,20100528,
002416.SZ,爱施德,20160818,13.6498,13.6347,14.0552,13.5296,13.6047,0.2205,159826.52,293447.5327,0.030000000000001137,深圳,电器连锁,20100528,
002416.SZ,爱施德,20160817,13.6948,13.6047,13.7173,13.4771,13.5972,0.0552,102760.87,186051.1547,0.007499999999998508,深圳,电器连锁,20100528,
002416.SZ,爱施德,20160816,13.6948,13.5972,13.8675,13.5597,13.6422,-0.3299,134193.76,244810.6589,-0.04499999999999993,深圳,电器连锁,20100528,
002416.SZ,爱施德,20160815,13.2293,13.6422,13.89,12.9815,13.2143,3.2382,192085.12,347624.1773,0.42790000000000106,深圳,电器连锁,20100528,
002416.SZ,爱施德,20160812,12.9815,13.2143,13.3569,12.914,13.1467,0.5142,84398.61,147736.0841,0.06760000000000055,深圳,电器连锁,20100528,
002416.SZ,爱施德,20160811,13.5296,13.1467,13.5446,13.1467,13.5672,-3.0994,113290.04,200603.0014,-0.42050000000000054,深圳,电器连锁,20100528,
002416.SZ,爱施德,20160810,13.7323,13.5672,13.905,13.5296,13.86,-2.1126,158563.96,289697.2644,-0.2927999999999997,深圳,电器连锁,20100528,
002416.SZ,爱施德,20160809,12.8464,13.86,14.1753,12.8464,12.929,7.2009,218023.86,389186.3009,0.9309999999999992,深圳,电器连锁,20100528,
002416.SZ,爱施德,20160808,12.914,12.929,12.944,12.6962,12.7788,1.1754,73578.88,126107.212,0.1501999999999999,深圳,电器连锁,20100528,
002416.SZ,爱施德,20160805,12.989,12.7788,13.0116,12.7713,13.0191,-1.8457,95161.51,163161.5465,-0.24029999999999951,深圳,电器连锁,20100528,
002416.SZ,爱施德,20160804,12.8164,13.0191,13.1392,12.7638,12.8088,1.6418,125102.26,216203.0306,0.21030000000000015,深圳,电器连锁,20100528,
002416.SZ,爱施德,20160803,12.8839,12.8088,12.944,12.7037,12.8764,-0.525,92001.3,157246.839,-0.06760000000000055,深圳,电器连锁,20100528,
002416.SZ,爱施德,20160802,12.7788,12.8764,12.9815,12.7638,12.7338,1.1199,89219.33,153057.4977,0.14259999999999984,深圳,电器连锁,20100528,
002416.SZ,爱施德,20160801,12.7788,12.7338,12.989,12.5386,13.0191,-2.1914,134383.83,227942.3465,-0.28529999999999944,深圳,电器连锁,20100528,
002416.SZ,爱施德,20160729,13.1392,13.0191,13.3494,12.8389,13.3494,-2.4743,141081.57,245768.1035,-0.33029999999999937,深圳,电器连锁,20100528,
002416.SZ,爱施德,20160728,14.0026,13.3494,14.1603,12.7713,14.0026,-4.6648,300023.68,534385.2849,-0.6532,深圳,电器连锁,20100528,
002416.SZ,爱施德,20160727,15.4517,14.0026,15.4517,13.9651,15.4517,-9.3783,342153.4,665530.9434,-1.4491000000000014,深圳,电器连锁,20100528,
002416.SZ,爱施德,20160726,15.2865,15.4517,15.4667,15.2114,15.3015,0.9816,137962.29,281844.8093,0.1501999999999999,深圳,电器连锁,20100528,
002416.SZ,爱施德,20160725,15.3316,15.3015,15.5793,15.1514,15.3241,-0.1475,131820.02,269852.0765,-0.022599999999998843,深圳,电器连锁,20100528,
002416.SZ,爱施德,20160722,15.3241,15.3241,15.6544,15.249,15.4066,-0.5355,161555.65,332494.7467,-0.08249999999999957,深圳,电器连锁,20100528,
002416.SZ,爱施德,20160721,15.5043,15.4066,15.7295,15.3916,15.6544,-1.5829,182728.79,377478.786,-0.24780000000000157,深圳,电器连锁,20100528,
002416.SZ,爱施德,20160720,15.8271,15.6544,16.0523,15.6169,15.8797,-1.4188,327203.47,688251.4533,-0.22529999999999895,深圳,电器连锁,20100528,
002416.SZ,爱施德,20160719,15.3166,15.8797,15.9547,15.0988,15.3691,3.3223,382045.36,796766.3328,0.5106000000000002,深圳,电器连锁,20100528,
002416.SZ,爱施德,20160718,15.2415,15.3691,15.707,15.0913,15.2715,0.6391,253263.38,521140.0871,0.09759999999999991,深圳,电器连锁,20100528,
002416.SZ,爱施德,20160715,15.4892,15.2715,15.6769,15.1814,15.7971,-3.3272,296216.1,607434.1579,-0.5256000000000007,深圳,电器连锁,20100528,
002416.SZ,爱施德,20160714,15.0763,15.7971,16.0523,14.9036,15.0988,4.6249,544937.8,1129976.2906,0.6982999999999997,深圳,电器连锁,20100528,
002416.SZ,爱施德,20160713,14.7534,15.0988,15.309,14.5357,14.7159,2.6019,391163.19,780248.1736,0.38290000000000113,深圳,电器连锁,20100528,
002416.SZ,爱施德,20160712,14.6408,14.7159,14.7534,14.1153,14.6408,0.513,238153.05,456763.5258,0.07509999999999906,深圳,电器连锁,20100528,
002416.SZ,爱施德,20160711,14.7009,14.6408,15.1213,14.5883,14.5808,0.4115,257573.21,510803.6474,0.0600000000000005,深圳,电器连锁,20100528,
002416.SZ,爱施德,20160708,14.5657,14.5808,14.7685,14.5132,14.5958,-0.1028,115930.49,226012.6781,-0.015000000000000568,深圳,电器连锁,20100528,
002416.SZ,爱施德,20160707,14.776,14.5958,14.8435,14.3255,14.7159,-0.8161,177771.56,345012.9789,-0.12009999999999899,深圳,电器连锁,20100528,
002416.SZ,爱施德,20160706,14.8661,14.7159,14.8661,14.6258,14.8811,-1.1101,142148.53,278598.1251,-0.16520000000000046,深圳,电器连锁,20100528,
002416.SZ,爱施德,20160705,14.9336,14.8811,15.0087,14.7309,14.8736,0.0504,160331.69,316721.6724,0.007500000000000284,深圳,电器连锁,20100528,
002416.SZ,爱施德,20160704,14.378,14.8736,15.0087,14.2879,14.6033,1.851,184989.31,365015.4989,0.2702999999999989,深圳,电器连锁,20100528,
002416.SZ,爱施德,20160701,14.9261,14.6033,15.0613,14.5432,14.9111,-2.0642,174360.64,342848.4848,-0.3077999999999985,深圳,电器连锁,20100528,
002416.SZ,爱施德,20160630,15.1514,14.9111,15.1514,14.8661,15.2189,-2.0225,179942.39,358422.0761,-0.3078000000000003,深圳,电器连锁,20100528,
002416.SZ,爱施德,20160629,15.2114,15.2189,15.3766,14.8736,15.1439,0.4952,269222.05,541014.6603,0.07499999999999929,深圳,电器连锁,20100528,
002416.SZ,爱施德,20160628,14.8135,15.1439,15.4517,14.7459,14.7459,2.6991,344286.13,695479.2141,0.3979999999999997,深圳,电器连锁,20100528,
002416.SZ,爱施德,20160627,14.2504,14.7459,14.7985,14.0927,14.4531,2.0259,230023.95,446651.6045,0.2928000000000015,深圳,电器连锁,20100528,
002416.SZ,爱施德,20160624,14.7685,14.4531,14.9787,13.9576,15.0012,-3.6537,362135.18,700057.4311,-0.5481000000000016,深圳,电器连锁,20100528,
002416.SZ,爱施德,20160623,14.3405,15.0012,15.2565,14.1903,14.4456,3.8462,422117.61,834691.9633,0.5556000000000001,深圳,电器连锁,20100528,
002416.SZ,爱施德,20160622,14.0777,14.4456,14.4681,14.0327,14.1603,2.0148,165022.87,314413.4592,0.2853000000000012,深圳,电器连锁,20100528,
002416.SZ,爱施德,20160621,14.6934,14.1603,14.7685,13.9726,14.6333,-3.2324,244539.32,469778.6288,-0.47300000000000075,深圳,电器连锁,20100528,
002416.SZ,爱施德,20160620,14.7384,14.6333,14.7835,14.1753,14.5507,0.5677,210044.62,406390.4875,0.08259999999999934,深圳,电器连锁,20100528,
002416.SZ,爱施德,20160617,14.6934,14.5507,14.9637,14.4531,14.6784,-0.87,227107.9,444305.8879,-0.12769999999999904,深圳,电器连锁,20100528,
002416.SZ,爱施德,20160616,14.7159,14.6784,15.1514,14.5282,14.7159,-0.2548,255903.48,505165.7167,-0.037499999999999645,深圳,电器连锁,20100528,
002416.SZ,爱施德,20160615,13.9501,14.7159,14.9562,13.875,14.1753,3.8137,275585.98,536708.2918,0.5405999999999995,深圳,电器连锁,20100528,
002416.SZ,爱施德,20160614,14.2654,14.1753,14.4756,13.89,14.3855,-1.4612,244984.78,463126.4839,-0.2102000000000004,深圳,电器连锁,20100528,
002416.SZ,爱施德,20160613,15.5418,14.3855,15.9022,14.3855,15.9848,-10.0051,327949.87,664694.9522,-1.5992999999999995,深圳,电器连锁,20100528,
002416.SZ,爱施德,20160608,16.2025,15.9848,16.3301,15.9322,16.3452,-2.2049,268752.98,577314.4852,-0.3603999999999985,深圳,电器连锁,20100528,
002416.SZ,爱施德,20160607,16.3677,16.3452,16.4428,16.0448,16.3452,0.0,271222.42,585606.6635,0.0,深圳,电器连锁,20100528,
002416.SZ,爱施德,20160606,16.4428,16.3452,16.5779,16.0073,16.2551,0.5543,346521.55,752632.5121,0.09009999999999962,深圳,电器连锁,20100528,
002416.SZ,爱施德,20160603,16.4052,16.2551,16.5329,16.0073,16.5929,-2.0358,492765.09,1065517.2184,-0.33780000000000143,深圳,电器连锁,20100528,
002416.SZ,爱施德,20160602,15.3391,16.5929,16.7581,15.3015,15.4517,7.3856,661666.18,1419537.419,1.1411999999999995,深圳,电器连锁,20100528,
002416.SZ,爱施德,20160601,15.4517,15.4517,16.0974,15.3166,15.4292,0.1458,486140.07,1013559.6769,0.022500000000000853,深圳,电器连锁,20100528,
002416.SZ,爱施德,20160531,14.7384,15.4292,15.6019,14.7384,14.6709,5.1687,487640.32,990054.5641,0.7583000000000002,深圳,电器连锁,20100528,
002416.SZ,爱施德,20160530,14.6408,14.6709,15.1514,14.4606,15.0087,-2.2507,282769.87,555748.0149,-0.33779999999999966,深圳,电器连锁,20100528,
002416.SZ,爱施德,20160527,14.5958,15.0087,15.5718,14.4306,14.6258,2.618,578499.99,1163363.4029,0.38289999999999935,深圳,电器连锁,20100528,
002416.SZ,爱施德,20160526,14.1453,14.6258,14.6408,13.6948,14.3255,2.0963,315846.71,596637.1128,0.3003,深圳,电器连锁,20100528,
002416.SZ,爱施德,20160525,14.8285,14.3255,14.9261,14.2654,14.5958,-1.8519,278923.27,541193.095,-0.27030000000000065,深圳,电器连锁,20100528,
002416.SZ,爱施德,20160524,14.6033,14.5958,14.6183,14.1228,14.5808,0.1029,285929.26,546835.642,0.015000000000000568,深圳,电器连锁,20100528,
002416.SZ,爱施德,20160523,14.4081,14.5808,14.8886,14.4081,14.378,1.4105,380001.44,740769.1087,0.20279999999999987,深圳,电器连锁,20100528,
002416.SZ,爱施德,20160520,13.7323,14.378,14.5282,13.6272,14.1378,1.699,370524.81,699733.0163,0.24019999999999975,深圳,电器连锁,20100528,
002416.SZ,爱施德,20160519,13.7699,14.1378,14.8435,13.7248,13.6272,3.7469,477861.91,912445.3706,0.5106000000000002,深圳,电器连锁,20100528,
002416.SZ,爱施德,20160518,14.1678,13.6272,14.2279,13.2819,14.5132,-6.1048,358633.59,658794.8298,-0.8859999999999992,深圳,电器连锁,20100528,
002416.SZ,爱施德,20160517,14.761,14.5132,14.8661,14.1753,14.6934,-1.2264,490860.39,950550.8153,-0.18020000000000103,深圳,电器连锁,20100528,
002416.SZ,爱施德,20160516,13.7549,14.6934,14.6934,13.6723,13.3569,10.0061,482772.66,908581.9461,1.336500000000001,深圳,电器连锁,20100528,
002416.SZ,爱施德,20160513,13.6573,13.3569,14.0327,13.1467,13.8074,-3.2627,317832.54,576394.3452,-0.4504999999999999,深圳,电器连锁,20100528,
002416.SZ,爱施德,20160512,13.6798,13.8074,14.0252,13.0566,14.0402,-1.6581,345203.14,621546.0048,-0.232800000000001,深圳,电器连锁,20100528,
002416.SZ,爱施德,20160511,15.0312,14.0402,15.0988,13.89,14.8961,-5.7458,407531.72,774940.6491,-0.8559000000000001,深圳,电器连锁,20100528,
002416.SZ,爱施德,20160510,14.8661,14.8961,15.249,14.7159,14.8435,0.3544,288090.72,575849.5662,0.05259999999999998,深圳,电器连锁,20100528,
002416.SZ,爱施德,20160509,15.3166,14.8435,15.4517,14.5582,15.6769,-5.3161,370394.8,745024.7608,-0.8333999999999993,深圳,电器连锁,20100528,
002416.SZ,爱施德,20160506,17.2236,15.6769,17.2236,15.4667,17.156,-8.6215,615068.47,1350014.0375,-1.479099999999999,深圳,电器连锁,20100528,
002416.SZ,爱施德,20160505,16.8407,17.156,17.1786,16.6305,16.7431,2.4661,505056.52,1138285.79,0.4129000000000005,深圳,电器连锁,20100528,
002416.SZ,爱施德,20160504,16.5179,16.7431,17.2311,16.3677,16.5929,0.9052,650092.84,1464111.1795,0.1501999999999981,深圳,电器连锁,20100528,
002416.SZ,爱施德,20160503,15.4517,16.5929,16.6079,15.3241,15.4442,7.4377,615841.41,1320140.4043,1.1486999999999998,深圳,电器连锁,20100528,
002416.SZ,爱施德,20160429,15.9172,15.4442,15.9623,15.4142,16.1199,-4.1917,482757.98,1009381.1071,-0.6757000000000009,深圳,电器连锁,20100528,
002416.SZ,爱施德,20160428,16.18,16.1199,16.2551,15.4292,16.3076,-1.151,458309.64,970165.0399,-0.18769999999999953,深圳,电器连锁,20100528,
002416.SZ,爱施德,20160427,17.3437,16.3076,17.4564,16.2701,17.2987,-5.7293,455127.5,1023770.5953,-0.9910999999999994,深圳,电器连锁,20100528,
002416.SZ,爱施德,20160426,16.9758,17.2987,17.3813,16.653,17.0284,1.5873,377916.97,860025.1661,0.2702999999999989,深圳,电器连锁,20100528,
002416.SZ,爱施德,20160425,17.1936,17.0284,17.2311,16.6455,17.2687,-1.3915,299734.41,677666.7047,-0.24029999999999774,深圳,电器连锁,20100528,
002416.SZ,爱施德,20160422,16.7056,17.2687,17.4188,16.7056,16.9233,2.041,399870.87,911740.3116,0.34539999999999793,深圳,电器连锁,20100528,
002416.SZ,爱施德,20160421,17.3963,16.9233,17.8468,16.7806,17.5314,-3.4686,516925.58,1192123.1447,-0.6081000000000003,深圳,电器连锁,20100528,
002416.SZ,爱施德,20160420,18.1922,17.5314,18.3949,16.8933,18.5751,-5.6188,759394.24,1792597.9626,-1.0436999999999976,深圳,电器连锁,20100528,
002416.SZ,爱施德,20160419,18.7628,18.5751,19.3709,18.545,18.7703,-1.0399,653655.19,1646581.9574,-0.19519999999999982,深圳,电器连锁,20100528,
002416.SZ,爱施德,20160418,18.2447,18.7703,19.2959,17.8618,18.6426,0.685,648248.6,1598873.8342,0.12769999999999726,深圳,电器连锁,20100528,
002416.SZ,爱施德,20160415,18.7327,18.6426,19.6187,18.4099,18.9204,-1.4683,858004.88,2163193.2217,-0.27779999999999916,深圳,电器连锁,20100528,
002416.SZ,爱施德,20160414,17.2687,18.9204,19.0556,17.2086,17.4188,8.6206,868451.54,2082883.3617,1.5015999999999998,深圳,电器连锁,20100528,
002416.SZ,爱施德,20160413,16.5103,17.4188,18.0645,16.3602,16.4202,6.0815,991547.37,2313310.4843,0.9985999999999997,深圳,电器连锁,20100528,
002416.SZ,爱施德,20160412,17.0434,16.4202,17.1861,15.767,16.8707,-2.6703,822302.5,1813029.947,-0.4504999999999981,深圳,电器连锁,20100528,
002416.SZ,爱施德,20160411,15.4066,16.8707,16.8707,15.3015,15.3391,9.9849,577753.04,1269546.2582,1.5315999999999992,深圳,电器连锁,20100528,
002416.SZ,爱施德,20160408,15.0162,15.3391,15.7821,14.8736,15.2415,0.6404,508196.67,1039912.7043,0.09759999999999991,深圳,电器连锁,20100528,
002416.SZ,爱施德,20160407,15.9848,15.2415,16.3301,15.2415,16.1575,-5.6692,576914.36,1210203.6251,-0.9159999999999986,深圳,电器连锁,20100528,
002416.SZ,爱施德,20160406,16.0448,16.1575,16.5179,15.9022,16.0674,0.5608,773434.21,1665710.2172,0.09009999999999962,深圳,电器连锁,20100528,
002416.SZ,爱施德,20160405,14.6033,16.0674,16.0674,14.3555,14.6033,10.0258,708610.47,1453630.8947,1.4640999999999984,深圳,电器连锁,20100528,
002416.SZ,爱施德,20160401,15.3391,14.6033,15.3541,14.1153,15.4817,-5.6738,541424.68,1061037.3426,-0.8783999999999992,深圳,电器连锁,20100528,
002416.SZ,爱施德,20160331,15.3916,15.4817,15.767,15.1288,15.6544,-1.1032,674947.24,1384726.5434,-0.17270000000000074,深圳,电器连锁,20100528,
002416.SZ,爱施德,20160330,14.9411,15.6544,15.737,14.6483,14.791,5.8373,686411.7,1392068.5628,0.8634000000000004,深圳,电器连锁,20100528,
002416.SZ,爱施德,20160329,14.2879,14.791,15.0763,14.0477,14.5507,1.6515,537229.81,1046096.3549,0.24029999999999951,深圳,电器连锁,20100528,
002416.SZ,爱施德,20160328,15.2039,14.5507,15.6169,14.3555,15.1664,-4.0596,671837.01,1339731.6724,-0.6156999999999986,深圳,电器连锁,20100528,
002416.SZ,爱施德,20160325,14.4907,15.1664,15.4292,14.1678,14.5057,4.5548,761499.94,1518526.2907,0.6607000000000003,深圳,电器连锁,20100528,
002416.SZ,爱施德,20160324,14.7159,14.5057,15.6094,14.4606,14.821,-2.1274,807056.28,1618127.7189,-0.3153000000000006,深圳,电器连锁,20100528,
002416.SZ,爱施德,20160323,14.1753,14.821,15.1514,14.1528,14.1528,4.7213,840401.6,1646403.5025,0.6682000000000006,深圳,电器连锁,20100528,
002416.SZ,爱施德,20160322,14.2804,14.1528,14.821,14.1002,14.4531,-2.0778,838679.05,1614460.316,-0.3003,深圳,电器连锁,20100528,
002416.SZ,爱施德,20160321,13.4095,14.4531,14.4531,13.0116,13.1392,9.9998,909308.54,1687018.8222,1.3138999999999985,深圳,电器连锁,20100528,
002416.SZ,爱施德,20160318,12.6962,13.1392,13.2668,12.5986,12.6362,3.9806,793683.84,1367019.9081,0.5030000000000001,深圳,电器连锁,20100528,
002416.SZ,爱施德,20160317,11.8478,12.6362,12.8839,11.8478,11.9304,5.916,684970.16,1131908.9872,0.7058,深圳,电器连锁,20100528,
002416.SZ,爱施德,20160316,12.5686,11.9304,12.6887,11.8628,12.6286,-5.5287,551713.36,898762.0691,-0.6981999999999999,深圳,电器连锁,20100528,
002416.SZ,爱施德,20160315,12.2758,12.6286,13.0641,12.0881,12.471,1.2637,569688.95,953788.6054,0.1576000000000004,深圳,电器连锁,20100528,
002416.SZ,爱施德,20160314,12.1782,12.471,12.8088,12.0881,11.9304,4.5313,388003.08,647783.3571,0.5405999999999995,深圳,电器连锁,20100528,
002416.SZ,爱施德,20160311,11.4724,11.9304,12.2007,11.3973,11.7727,1.3395,319893.87,509087.5313,0.15770000000000017,深圳,电器连锁,20100528,
002416.SZ,爱施德,20160310,12.4635,11.7727,12.8239,11.6376,12.6587,-6.9991,432347.5,700812.3013,-0.8859999999999992,深圳,电器连锁,20100528,
002416.SZ,爱施德,20160309,13.1017,12.6587,13.8149,12.5761,13.6047,-6.9535,470219.75,825589.5806,-0.9459999999999997,深圳,电器连锁,20100528,
002416.SZ,爱施德,20160308,13.845,13.6047,13.8525,12.7788,14.1528,-3.8727,489600.62,875840.5302,-0.5480999999999998,深圳,电器连锁,20100528,
002416.SZ,爱施德,20160307,13.7999,14.1528,14.776,13.6422,13.6422,3.7428,505223.81,955103.5773,0.5105999999999984,深圳,电器连锁,20100528,
002416.SZ,爱施德,20160304,14.1828,13.6422,14.6408,13.0641,14.4156,-5.365,682320.08,1270670.9284,-0.7733999999999988,深圳,电器连锁,20100528,
002416.SZ,爱施德,20160303,13.5371,14.4156,15.0613,13.4095,13.6948,5.2633,807864.73,1560608.8381,0.7207999999999988,深圳,电器连锁,20100528,
002416.SZ,爱施德,20160302,12.8013,13.6948,13.875,12.8013,13.3419,2.6451,613294.83,1092570.3833,0.3529,深圳,电器连锁,20100528,
002416.SZ,爱施德,20160301,11.7877,13.3419,13.89,11.555,12.8389,3.9178,724431.56,1179534.7522,0.5030000000000001,深圳,电器连锁,20100528,
002416.SZ,爱施德,20160229,13.7398,12.8389,13.7398,12.8389,14.2654,-9.9997,144147.45,252035.9107,-1.426499999999999,深圳,电器连锁,20100528,
002416.SZ,爱施德,20160226,14.4756,14.2654,15.0162,13.7999,14.2279,0.2636,630783.93,1221920.0195,0.037499999999999645,深圳,电器连锁,20100528,
002416.SZ,爱施德,20160225,14.6483,14.2279,15.2715,13.8299,14.7159,-3.3161,742557.85,1443128.4649,-0.48799999999999955,深圳,电器连锁,20100528,
002416.SZ,爱施德,20160224,14.8736,14.7159,15.234,14.4006,15.3916,-4.3901,505177.16,999560.2256,-0.6757000000000009,深圳,电器连锁,20100528,
002416.SZ,爱施德,20160223,14.4907,15.3916,16.3001,14.2654,14.821,3.8499,785767.87,1586977.335,0.5706000000000007,深圳,电器连锁,20100528,
002416.SZ,爱施德,20160222,14.6033,14.821,15.3766,14.2054,14.6408,1.2308,705287.16,1387347.592,0.18019999999999925,深圳,电器连锁,20100528,
002416.SZ,爱施德,20160219,14.0552,14.6408,15.7295,13.9651,14.3405,2.0941,810136.5,1585466.3915,0.3003,深圳,电器连锁,20100528,
002416.SZ,爱施德,20160218,13.8074,14.3405,14.6258,13.432,13.2969,7.8484,914260.14,1721226.0458,1.0435999999999996,深圳,电器连锁,20100528,
002416.SZ,爱施德,20160217,11.9454,13.2969,13.2969,11.6376,12.0881,9.9999,516267.52,849530.1515,1.2088,深圳,电器连锁,20100528,
002416.SZ,爱施德,20160216,11.8628,12.0881,12.3358,11.5099,11.8403,2.0929,466766.83,744572.9128,0.24780000000000157,深圳,电器连锁,20100528,
002416.SZ,爱施德,20160215,11.0369,11.8403,12.1256,10.9393,11.4123,3.7503,384822.19,594532.0607,0.42799999999999905,深圳,电器连锁,20100528,
002416.SZ,爱施德,20160205,11.7652,11.4123,12.0806,11.0069,12.2307,-6.6914,430952.14,663106.8592,-0.8184000000000005,深圳,电器连锁,20100528,
002416.SZ,爱施德,20160204,11.7952,12.2307,12.6587,11.7952,12.6061,-2.9779,560593.04,908525.4571,-0.37539999999999907,深圳,电器连锁,20100528,
002416.SZ,爱施德,20160203,12.0205,12.6061,13.2819,11.8628,12.4184,1.5115,552881.68,928044.6058,0.18769999999999953,深圳,电器连锁,20100528,
002416.SZ,爱施德,20160202,11.7727,12.4184,12.9515,11.2697,11.8703,4.6174,633886.32,1021324.6411,0.5480999999999998,深圳,电器连锁,20100528,
002416.SZ,爱施德,20160201,10.7967,11.8703,11.8703,10.7366,10.7892,10.0202,668142.81,1044081.5984,1.081100000000001,深圳,电器连锁,20100528,
002416.SZ,爱施德,20160129,10.3237,10.7892,11.3373,10.0233,10.8793,-0.8282,446245.93,636608.2919,-0.0901000000000014,深圳,电器连锁,20100528,
002416.SZ,爱施德,20160128,11.3448,10.8793,11.5174,10.8793,12.0881,-9.9999,491377.15,721945.0518,-1.2088,深圳,电器连锁,20100528,
002416.SZ,爱施德,20160127,11.1721,12.0881,12.2307,10.5564,11.6376,3.8711,727817.29,1104511.9878,0.4504999999999999,深圳,电器连锁,20100528,
002416.SZ,爱施德,20160126,11.6376,11.6376,11.9754,11.4349,10.8868,6.8964,790770.44,1243920.9097,0.7508000000000017,深圳,电器连锁,20100528,
002416.SZ,爱施德,20160125,10.8868,10.8868,10.8868,10.8868,9.8957,10.0155,22408.73,32492.6585,0.9910999999999994,深圳,电器连锁,20100528,
002416.SZ,爱施德,20160122,9.3776,9.8957,9.8957,9.1599,8.9947,10.017,149617.94,193294.056,0.9009999999999998,深圳,电器连锁,20100528,
002416.SZ,爱施德,20160121,9.753,8.9947,10.1209,8.9722,9.9483,-9.5856,199211.29,256639.7399,-0.9535999999999998,深圳,电器连锁,20100528,
002416.SZ,爱施德,20160120,9.7605,9.9483,10.2786,9.5879,9.8957,0.5315,246501.52,325800.8279,0.05259999999999998,深圳,电器连锁,20100528,
002416.SZ,爱施德,20160119,9.6629,9.8957,10.0984,9.295,9.5128,4.0251,295075.43,380465.6639,0.38289999999999935,深圳,电器连锁,20100528,
002416.SZ,爱施德,20160118,8.747,9.5128,9.5128,8.4992,8.6493,9.9835,214480.41,262908.9826,0.8635000000000002,深圳,电器连锁,20100528,
002416.SZ,爱施德,20160115,8.7995,8.6493,9.1599,8.4541,8.8821,-2.621,173605.13,204939.9069,-0.23279999999999923,深圳,电器连锁,20100528,
002416.SZ,爱施德,20160114,7.9736,8.8821,8.9572,7.8985,8.3115,6.8652,149160.54,169111.7013,0.5705999999999989,深圳,电器连锁,20100528,
002416.SZ,爱施德,20160113,9.1149,8.3115,9.1974,8.1914,8.9797,-7.4412,151818.22,178670.9245,-0.6681999999999988,深圳,电器连锁,20100528,
002416.SZ,爱施德,20160112,8.8596,8.9797,9.1674,8.5968,8.7545,2.5724,152568.14,181543.6221,0.22519999999999918,深圳,电器连锁,20100528,
002416.SZ,爱施德,20160111,9.4227,8.7545,9.4903,8.7545,9.723,-9.9609,128738.98,155008.7844,-0.9685000000000006,深圳,电器连锁,20100528,
002416.SZ,爱施德,20160108,10.3612,9.723,10.5114,9.1674,10.1134,-3.8602,171835.84,225999.1323,-0.39039999999999964,深圳,电器连锁,20100528,
002416.SZ,爱施德,20160107,10.9618,10.1134,10.9618,10.1134,11.2396,-10.0199,39164.0,54107.0805,-1.126199999999999,深圳,电器连锁,20100528,
002416.SZ,爱施德,20160106,11.3373,11.2396,11.3898,10.5639,11.097,1.285,162465.75,238602.6427,0.14259999999999984,深圳,电器连锁,20100528,
002416.SZ,爱施德,20160105,10.8192,11.097,11.9229,10.6465,11.8253,-6.1588,172667.93,255687.7633,-0.7283000000000008,深圳,电器连锁,20100528,
002416.SZ,爱施德,20160104,13.1767,11.8253,13.3194,11.8253,13.1392,-9.9998,120137.71,197708.0911,-1.3139000000000003,深圳,电器连锁,20100528,
002416.SZ,爱施德,20151231,13.8675,13.1392,13.8675,13.1392,13.8675,-5.2518,177823.49,319420.8523,-0.7282999999999991,深圳,电器连锁,20100528,
002416.SZ,爱施德,20151230,13.4771,13.8675,14.0252,13.2969,13.2368,4.7647,300258.69,547216.0988,0.6306999999999992,深圳,电器连锁,20100528,
002416.SZ,爱施德,20151229,12.9515,13.2368,13.4395,12.7037,12.959,2.1437,128504.88,224060.3622,0.27780000000000094,深圳,电器连锁,20100528,
002416.SZ,爱施德,20151228,13.4395,12.959,13.875,12.9515,13.387,-3.1971,197166.13,353716.0364,-0.4280000000000008,深圳,电器连锁,20100528,
002416.SZ,爱施德,20151225,13.2068,13.387,13.6798,13.0716,13.1167,2.0607,174044.55,311266.211,0.27030000000000065,深圳,电器连锁,20100528,
002416.SZ,爱施德,20151224,13.1993,13.1167,13.2894,12.6887,13.0266,0.6917,124831.55,215955.423,0.09009999999999962,深圳,电器连锁,20100528,
002416.SZ,爱施德,20151223,13.6272,13.0266,13.6347,12.9215,13.6047,-4.2493,190133.02,335228.5315,-0.5780999999999992,深圳,电器连锁,20100528,
002416.SZ,爱施德,20151222,13.5146,13.6047,13.845,13.4395,13.1993,3.0714,255546.66,464346.9979,0.4054000000000002,深圳,电器连锁,20100528,
002416.SZ,爱施德,20151221,13.2518,13.1993,13.3494,12.8614,13.3419,-1.0688,174174.1,303494.955,-0.14260000000000161,深圳,电器连锁,20100528,
002416.SZ,爱施德,20151218,13.402,13.3419,13.7173,13.2894,13.4996,-1.1682,224635.91,403237.9859,-0.1576999999999984,深圳,电器连锁,20100528,
002416.SZ,爱施德,20151217,13.3644,13.4996,13.4996,13.0716,13.0866,3.1559,242534.31,429992.9097,0.4129999999999985,深圳,电器连锁,20100528,
002416.SZ,爱施德,20151216,12.9515,13.0866,13.6272,12.8989,12.8314,1.9889,277491.9,490435.8736,0.2552000000000003,深圳,电器连锁,20100528,
002416.SZ,爱施德,20151215,12.7638,12.8314,13.1242,12.6887,12.7413,0.7071,167377.32,286966.1322,0.09009999999999962,深圳,电器连锁,20100528,
002416.SZ,爱施德,20151214,12.4935,12.7413,12.7563,12.1631,12.3884,2.8486,137622.61,230509.103,0.3529,深圳,电器连锁,20100528,
002416.SZ,爱施德,20151211,13.3494,12.3884,13.3644,12.2983,13.5747,-8.7391,301681.17,516091.2241,-1.1862999999999992,深圳,电器连锁,20100528,
002416.SZ,爱施德,20151210,13.6498,13.5747,14.4531,13.3119,13.5296,0.3333,356561.32,659137.8331,0.045099999999999696,深圳,电器连锁,20100528,
002416.SZ,爱施德,20151209,13.8825,13.5296,13.8825,13.3269,13.9651,-3.1185,208026.64,375313.0541,-0.43549999999999933,深圳,电器连锁,20100528,
002416.SZ,爱施德,20151208,13.7248,13.9651,14.1002,13.2218,13.8149,1.0872,356111.09,653302.6795,0.1501999999999999,深圳,电器连锁,20100528,
002416.SZ,爱施德,20151207,13.5221,13.8149,14.0252,13.5221,13.5146,2.222,291989.19,535930.7563,0.3003,深圳,电器连锁,20100528,
002416.SZ,爱施德,20151204,13.7398,13.5146,14.1753,13.432,13.89,-2.7027,323448.11,591315.4271,-0.37540000000000084,深圳,电器连锁,20100528,
002416.SZ,爱施德,20151203,13.5146,13.89,13.89,13.3644,13.5071,2.8348,302843.15,550740.3779,0.38290000000000113,深圳,电器连锁,20100528,
002416.SZ,爱施德,20151202,13.7999,13.5071,13.8825,12.6887,13.6498,-1.0454,343521.84,608949.2558,-0.14270000000000138,深圳,电器连锁,20100528,
002416.SZ,爱施德,20151201,14.6333,13.6498,14.6934,13.5521,15.0613,-9.3717,512986.67,956524.9098,-1.4114999999999984,深圳,电器连锁,20100528,
002416.SZ,爱施德,20151130,14.4982,15.0613,15.6169,14.2354,14.2354,5.8017,584705.16,1161463.0653,0.825899999999999,深圳,电器连锁,20100528,
002416.SZ,爱施德,20151127,15.0913,14.2354,15.6544,13.7549,15.2265,-6.509,477826.19,942960.1841,-0.9910999999999994,深圳,电器连锁,20100528,
002416.SZ,爱施德,20151126,15.9397,15.2265,15.9397,15.1063,15.9397,-4.4744,623029.59,1282237.6404,-0.7132000000000005,深圳,电器连锁,20100528,
002416.SZ,爱施德,20151125,14.5207,15.9397,15.9397,14.303,14.4907,9.9995,653077.15,1312788.3752,1.4489999999999998,深圳,电器连锁,20100528,
002416.SZ,爱施德,20151124,14.6408,14.4907,15.4517,13.7098,14.2504,1.6863,756966.11,1471940.5518,0.24029999999999951,深圳,电器连锁,20100528,
002416.SZ,爱施德,20151123,12.7638,14.2504,14.2504,12.2908,12.9515,10.029,652363.16,1175539.0133,1.2989000000000015,深圳,电器连锁,20100528,
002416.SZ,爱施德,20151120,12.9515,12.9515,12.9515,12.3959,11.7727,10.013,665779.83,1141429.9037,1.178799999999999,深圳,电器连锁,20100528,
002416.SZ,爱施德,20151119,10.8492,11.7727,11.7727,10.8042,10.6991,10.0345,258093.99,395067.2802,1.0736000000000008,深圳,电器连锁,20100528,
002416.SZ,爱施德,20151118,10.3387,10.6991,11.1721,10.196,10.2561,4.3194,369357.9,527577.3587,0.4429999999999996,深圳,电器连锁,20100528,
002416.SZ,爱施德,20151117,10.136,10.2561,10.8342,10.136,9.8506,4.1165,339164.96,477810.8869,0.40549999999999997,深圳,电器连锁,20100528,
002416.SZ,爱施德,20151116,9.265,9.8506,9.8957,9.265,9.6029,2.5794,175275.27,224917.7177,0.24770000000000003,深圳,电器连锁,20100528,
002416.SZ,爱施德,20151113,9.8957,9.6029,10.0008,9.5278,9.9182,-3.179,196096.45,254817.9431,-0.3153000000000006,深圳,电器连锁,20100528,
002416.SZ,爱施德,20151112,10.5039,9.9182,10.5039,9.6479,9.6254,3.042,425284.1,568692.4685,0.2927999999999997,深圳,电器连锁,20100528,
002416.SZ,爱施德,20151111,8.8596,9.6254,9.6254,8.7244,8.747,10.0423,211479.78,261633.7795,0.878400000000001,深圳,电器连锁,20100528,
002416.SZ,爱施德,20151110,8.747,8.747,8.9422,8.5818,8.8371,-1.0196,160022.12,187211.712,-0.09009999999999962,深圳,电器连锁,20100528,
002416.SZ,爱施德,20151109,8.5217,8.8371,8.8521,8.4091,8.6343,2.3488,198842.84,229325.2062,0.20279999999999987,深圳,电器连锁,20100528,
002416.SZ,爱施德,20151106,8.2965,8.6343,8.6869,8.1463,8.2589,4.5454,202296.91,227843.1565,0.37539999999999907,深圳,电器连锁,20100528,
002416.SZ,爱施德,20151105,8.289,8.2589,8.5217,8.1463,8.2589,0.0,197808.94,219200.9387,0.0,深圳,电器连锁,20100528,
002416.SZ,爱施德,20151104,7.846,8.2589,8.2739,7.8159,7.7859,6.0751,155077.64,166990.6739,0.47300000000000075,深圳,电器连锁,20100528,
002416.SZ,爱施德,20151103,7.7484,7.7859,7.9361,7.6583,7.7334,0.6789,83879.47,87156.1131,0.05250000000000021,深圳,电器连锁,20100528,
002416.SZ,爱施德,20151102,7.7409,7.7334,8.0862,7.6358,7.9511,-2.738,83216.87,87103.7665,-0.21770000000000067,深圳,电器连锁,20100528,
002416.SZ,爱施德,20151030,8.0036,7.9511,8.1238,7.846,8.0262,-0.9357,84407.95,89992.1087,-0.07509999999999906,深圳,电器连锁,20100528,
002416.SZ,爱施德,20151029,8.1088,8.0262,8.2214,7.861,8.0262,0.0,121763.8,130549.2124,0.0,深圳,电器连锁,20100528,
002416.SZ,爱施德,20151028,8.6869,8.0262,8.7169,7.9961,8.3715,-4.1247,233470.1,262300.0372,-0.34529999999999994,深圳,电器连锁,20100528,
002416.SZ,爱施德,20151027,8.1088,8.3715,8.5367,7.7334,8.2214,1.8257,181536.74,197086.4351,0.15010000000000012,深圳,电器连锁,20100528,
002416.SZ,爱施德,20151026,8.1688,8.2214,8.2589,7.9361,8.1163,1.2949,208743.26,225639.7087,0.10509999999999842,深圳,电器连锁,20100528,
002416.SZ,爱施德,20151023,7.5982,8.1163,8.2364,7.5231,7.5907,6.9243,206274.71,216434.647,0.5256000000000007,深圳,电器连锁,20100528,
002416.SZ,爱施德,20151022,7.3354,7.5907,7.6132,7.2228,7.3354,3.4804,136349.89,135407.6338,0.2553000000000001,深圳,电器连锁,20100528,
002416.SZ,爱施德,20151021,8.2739,7.3354,8.3265,7.3354,8.1463,-9.9542,213831.98,222686.7002,-0.8109000000000002,深圳,电器连锁,20100528,
002416.SZ,爱施德,20151020,7.861,8.1463,8.2214,7.7784,7.861,3.6293,154051.32,164549.311,0.28530000000000033,深圳,电器连锁,20100528,
002416.SZ,爱施德,20151019,8.1538,7.861,8.1613,7.7409,8.1538,-3.591,154510.02,163546.1373,-0.2928000000000006,深圳,电器连锁,20100528,
002416.SZ,爱施德,20151016,7.9136,8.1538,8.2364,7.7334,7.906,3.1343,202705.56,216102.2554,0.2478000000000007,深圳,电器连锁,20100528,
002416.SZ,爱施德,20151015,7.4931,7.906,7.9211,7.448,7.4931,5.5104,154518.42,158902.8637,0.4128999999999996,深圳,电器连锁,20100528,
002416.SZ,爱施德,20151014,7.6433,7.4931,7.8084,7.4405,7.6658,-2.2529,117412.05,118299.3601,-0.17269999999999985,深圳,电器连锁,20100528,
002416.SZ,爱施德,20151013,7.433,7.6658,7.6958,7.373,7.5457,1.5916,146730.97,148473.2162,0.12009999999999987,深圳,电器连锁,20100528,
002416.SZ,爱施德,20151012,7.2078,7.5457,7.5757,7.1853,7.1102,6.125,145556.69,144018.8444,0.4355000000000002,深圳,电器连锁,20100528,
002416.SZ,爱施德,20151009,7.0576,7.1102,7.1778,6.9675,7.0726,0.5316,85179.9,80170.39,0.03759999999999941,深圳,电器连锁,20100528,
002416.SZ,爱施德,20151008,6.93,7.0726,7.2303,6.9075,6.7273,5.1328,102576.18,96498.8245,0.34530000000000083,深圳,电器连锁,20100528,
002416.SZ,爱施德,20150930,6.7798,6.7273,6.8174,6.6146,6.7198,0.1116,48795.99,43641.1565,0.007499999999999396,深圳,电器连锁,20100528,
002416.SZ,爱施德,20150929,6.5921,6.7198,6.8549,6.5246,6.7047,0.2252,87278.5,78001.2037,0.015100000000000335,深圳,电器连锁,20100528,
002416.SZ,爱施德,20150928,6.5621,6.7047,6.7573,6.4945,6.5621,2.1731,46372.99,41082.3618,0.14259999999999984,深圳,电器连锁,20100528,
002416.SZ,爱施德,20150925,6.96,6.5621,7.0051,6.4194,6.975,-5.9197,93822.19,84229.0955,-0.4128999999999996,深圳,电器连锁,20100528,
002416.SZ,爱施德,20150924,6.9375,6.975,7.0802,6.9075,6.8699,1.5299,68618.99,63881.5656,0.1050999999999993,深圳,电器连锁,20100528,
002416.SZ,爱施德,20150923,6.7723,6.8699,7.0952,6.7723,7.0201,-2.1396,72438.7,66874.0508,-0.1501999999999999,深圳,电器连锁,20100528,
002416.SZ,爱施德,20150922,7.1928,7.0201,7.1928,6.9075,7.1027,-1.1629,126763.96,119380.1003,-0.08259999999999934,深圳,电器连锁,20100528,
002416.SZ,爱施德,20150921,6.9225,7.1027,7.1177,6.7648,6.8399,3.8422,104835.61,97176.1561,0.2627999999999995,深圳,电器连锁,20100528,
002416.SZ,爱施德,20150918,7.0501,6.8399,7.2228,6.6897,7.0576,-3.0846,117829.18,107734.1373,-0.21769999999999978,深圳,电器连锁,20100528,
002416.SZ,爱施德,20150917,7.5757,7.0576,7.6508,7.0576,7.8385,-9.9624,233348.03,230184.8374,-0.7808999999999999,深圳,电器连锁,20100528,
002416.SZ,爱施德,20150916,6.5621,7.8385,7.9586,6.5621,7.2904,7.5181,262239.26,248095.2718,0.5480999999999998,深圳,电器连锁,20100528,
002416.SZ,爱施德,20150911,7.3279,7.2904,7.5607,7.1327,7.358,-0.9187,173141.01,168046.2253,-0.06759999999999966,深圳,电器连锁,20100528,
002416.SZ,爱施德,20150910,6.9825,7.358,7.7784,6.7423,7.0726,4.0353,278525.43,273899.6198,0.2853999999999992,深圳,电器连锁,20100528,
002416.SZ,爱施德,20150909,6.6897,7.0726,7.0802,6.6146,6.6071,7.0455,182667.53,166092.5315,0.46550000000000047,深圳,电器连锁,20100528,
002416.SZ,爱施德,20150908,6.1567,6.6071,6.7198,6.044,6.1567,7.3156,128000.35,107116.0311,0.45040000000000013,深圳,电器连锁,20100528,
002416.SZ,爱施德,20150907,5.8638,6.1567,6.2693,5.8638,5.6987,8.0369,154358.18,125508.7885,0.4580000000000002,深圳,电器连锁,20100528,
002416.SZ,爱施德,20150902,5.8638,5.6987,6.4194,5.6161,6.2167,-8.3324,163286.5,128596.5486,-0.5180000000000007,深圳,电器连锁,20100528,
002416.SZ,爱施德,20150901,6.8174,6.2167,6.9075,6.2167,6.9075,-10.0007,112055.61,96081.3123,-0.6907999999999994,深圳,电器连锁,20100528,
002416.SZ,爱施德,20150831,7.3279,6.9075,7.3279,6.9075,7.3279,-5.737,88390.36,83458.051,-0.4203999999999999,深圳,电器连锁,20100528,
002416.SZ,爱施德,20150828,6.9976,7.3279,7.3955,6.9075,6.7573,8.4442,128241.97,121522.2497,0.5705999999999998,深圳,电器连锁,20100528,
002416.SZ,爱施德,20150827,6.9,6.7573,7.1928,6.2317,6.8474,-1.3158,138970.52,124607.4405,-0.09010000000000051,深圳,电器连锁,20100528,
002416.SZ,爱施德,20150826,7.6733,6.8474,7.7709,6.8474,7.6057,-9.9702,167196.83,160497.4593,-0.7582999999999993,深圳,电器连锁,20100528,
002416.SZ,爱施德,20150825,7.6057,7.6057,7.7334,7.6057,8.4466,-9.9555,78224.0,79296.7387,-0.8409000000000004,深圳,电器连锁,20100528,
002416.SZ,爱施德,20150824,9.0097,8.4466,9.0097,8.4466,9.3851,-9.9999,59240.74,67326.7787,-0.9384999999999994,深圳,电器连锁,20100528,
002416.SZ,爱施德,20150821,9.678,9.3851,9.8056,8.9347,9.8281,-4.5075,96999.06,121228.0776,-0.4429999999999996,深圳,电器连锁,20100528,
002416.SZ,爱施德,20150820,10.181,9.8281,10.3312,9.7981,10.3237,-4.8006,86742.52,116101.4339,-0.4956000000000014,深圳,电器连锁,20100528,
002416.SZ,爱施德,20150819,9.7681,10.3237,10.3612,9.3927,10.0534,2.6886,157326.2,207788.3787,0.27030000000000065,深圳,电器连锁,20100528,
002416.SZ,爱施德,20150818,11.2171,10.0534,11.3823,10.0534,11.1721,-10.0133,177024.75,255285.0214,-1.1187000000000005,深圳,电器连锁,20100528,
002416.SZ,爱施德,20150817,10.9168,11.1721,11.1721,10.8117,10.9243,2.2683,114710.96,168179.5318,0.2477999999999998,深圳,电器连锁,20100528,
002416.SZ,爱施德,20150814,11.0895,10.9243,11.1646,10.8567,11.0745,-1.3563,129599.99,190089.5536,-0.1501999999999999,深圳,电器连锁,20100528,
002416.SZ,爱施德,20150813,10.7741,11.0745,11.082,10.6015,10.9018,1.5841,124980.39,180976.039,0.17270000000000074,深圳,电器连锁,20100528,
002416.SZ,爱施德,20150812,10.9844,10.9018,11.4048,10.8868,11.2171,-2.8109,162731.89,240509.4959,-0.3153000000000006,深圳,电器连锁,20100528,
002416.SZ,爱施德,20150811,10.9318,11.2171,11.4273,10.9318,10.8868,3.0339,236072.4,352875.2582,0.33030000000000115,深圳,电器连锁,20100528,
002416.SZ,爱施德,20150810,10.4363,10.8868,11.1045,10.4363,10.2861,5.8399,200558.07,288082.8655,0.6006999999999998,深圳,电器连锁,20100528,
002416.SZ,爱施德,20150807,10.211,10.2861,10.3687,10.1435,10.0534,2.3146,133874.44,183007.6156,0.23269999999999946,深圳,电器连锁,20100528,
002416.SZ,爱施德,20150806,9.7681,10.0534,10.3312,9.6705,10.0609,-0.0745,97512.36,130709.581,-0.007500000000000284,深圳,电器连锁,20100528,
002416.SZ,爱施德,20150805,10.4888,10.0609,10.7366,10.0083,10.7967,-6.815,215592.14,298478.7636,-0.7357999999999993,深圳,电器连锁,20100528,
002416.SZ,爱施德,20150804,10.136,10.7967,10.8417,9.5653,10.2035,5.8137,290827.73,396830.1345,0.5931999999999995,深圳,电器连锁,20100528,
002416.SZ,爱施德,20150803,10.181,10.2035,11.3072,10.181,11.3147,-9.8209,366958.95,505238.9278,-1.1112000000000002,深圳,电器连锁,20100528,
002416.SZ,爱施德,20150731,11.3147,11.3147,11.3147,11.3147,12.5686,-9.9764,25451.0,38354.657,-1.2538999999999998,深圳,电器连锁,20100528,
002416.SZ,爱施德,20150730,12.5686,12.5686,12.5686,12.5686,13.9651,-9.9999,64936.0,108702.864,-1.3964999999999996,深圳,电器连锁,20100528,
002416.SZ,爱施德,20150729,13.9651,13.9651,13.9651,13.9651,15.5193,-10.0146,18668.0,34722.48,-1.5541999999999998,深圳,电器连锁,20100528,
002416.SZ,爱施德,20150504,14.7234,15.5193,15.5193,14.6784,14.776,5.0305,191436.49,385072.4398,0.7432999999999996,深圳,电器连锁,20100528,
002416.SZ,爱施德,20150430,14.6483,14.776,15.1664,14.6408,14.5582,1.4961,125535.74,249880.1606,0.21780000000000044,深圳,电器连锁,20100528,
002416.SZ,爱施德,20150429,14.2879,14.5582,14.6709,14.2654,14.2879,1.8918,87780.78,169865.44,0.2702999999999989,深圳,电器连锁,20100528,
002416.SZ,爱施德,20150428,15.0012,14.2879,15.0012,14.2579,14.9186,-4.2276,114997.31,222496.3073,-0.6306999999999992,深圳,电器连锁,20100528,
002416.SZ,爱施德,20150427,14.761,14.9186,15.1964,14.761,14.761,1.0677,144070.41,287178.56,0.1576000000000004,深圳,电器连锁,20100528,
002416.SZ,爱施德,20150424,14.9261,14.761,14.9862,14.4006,15.0763,-2.0914,156598.56,307431.4468,-0.3153000000000006,深圳,电器连锁,20100528,
002416.SZ,爱施德,20150423,15.1664,15.0763,15.3166,14.8135,15.0162,0.4002,204057.05,408458.6077,0.060100000000000264,深圳,电器连锁,20100528,
002416.SZ,爱施德,20150422,15.0538,15.0162,15.4217,14.9036,14.9937,0.1501,198320.63,398288.362,0.022499999999999076,深圳,电器连锁,20100528,
002416.SZ,爱施德,20150421,14.6333,14.9937,15.0162,14.4156,14.6408,2.4104,136163.67,268294.2491,0.3529,深圳,电器连锁,20100528,
002416.SZ,爱施德,20150420,15.4592,14.6408,15.4592,14.4081,15.5268,-5.7063,162962.03,323530.4933,-0.8859999999999992,深圳,电器连锁,20100528,
002416.SZ,爱施德,20150417,15.2265,15.5268,15.8872,15.1664,15.1364,2.5792,161567.72,332637.9757,0.39039999999999964,深圳,电器连锁,20100528,
002416.SZ,爱施德,20150416,14.9111,15.1364,15.3616,14.4681,15.2265,-0.5917,163012.43,324919.0276,-0.09009999999999962,深圳,电器连锁,20100528,
002416.SZ,爱施德,20150415,16.7281,15.2265,16.7281,15.1063,16.7806,-9.2613,171266.37,361437.1708,-1.5541,深圳,电器连锁,20100528,
002416.SZ,爱施德,20150414,16.2926,16.7806,17.2086,15.6544,16.3226,2.8059,239921.22,538619.8937,0.4579999999999984,深圳,电器连锁,20100528,
002416.SZ,爱施德,20150413,15.8421,16.3226,16.5179,15.6169,15.767,3.5238,201769.91,433647.106,0.5556000000000019,深圳,电器连锁,20100528,
002416.SZ,爱施德,20150410,14.348,15.767,15.9247,14.2804,14.5808,8.1354,180627.04,368256.7557,1.1861999999999995,深圳,电器连锁,20100528,
002416.SZ,爱施德,20150409,14.9787,14.5808,15.0087,13.5822,15.0913,-3.3827,184675.15,352465.831,-0.5105000000000004,深圳,电器连锁,20100528,
002416.SZ,爱施德,20150408,15.7821,15.0913,16.3377,14.9261,15.7821,-4.3771,193303.26,400473.7216,-0.6907999999999994,深圳,电器连锁,20100528,
002416.SZ,爱施德,20150407,14.9411,15.7821,16.1349,14.7534,14.9787,5.3636,170620.42,355699.7011,0.8033999999999999,深圳,电器连锁,20100528,
002416.SZ,爱施德,20150403,14.9411,14.9787,15.2865,14.6408,15.0312,-0.3493,174524.88,345851.4334,-0.05250000000000021,深圳,电器连锁,20100528,
002416.SZ,爱施德,20150402,14.3705,15.0312,15.0312,14.333,14.2429,5.5347,214397.42,418520.494,0.7882999999999996,深圳,电器连锁,20100528,
002416.SZ,爱施德,20150401,13.6498,14.2429,14.5282,13.6498,13.6047,4.691,216776.46,407994.1606,0.6382000000000012,深圳,电器连锁,20100528,
002416.SZ,爱施德,20150331,13.4095,13.6047,13.875,13.2293,13.4095,1.4557,175680.11,315561.4372,0.19519999999999982,深圳,电器连锁,20100528,
002416.SZ,爱施德,20150330,13.4996,13.4095,13.8074,13.2143,13.4996,-0.6674,133227.87,238571.6235,-0.09009999999999962,深圳,电器连锁,20100528,
002416.SZ,爱施德,20150327,13.1392,13.4996,13.6197,13.0716,13.1918,2.3333,172840.44,308772.2219,0.3077999999999985,深圳,电器连锁,20100528,
002416.SZ,爱施德,20150326,13.0641,13.1918,13.5146,12.8989,13.2819,-0.6784,195743.61,342902.6378,-0.09009999999999962,深圳,电器连锁,20100528,
002416.SZ,爱施德,20150325,13.4395,13.2819,13.4395,12.7938,13.5371,-1.8852,287309.12,504895.8829,-0.2552000000000003,深圳,电器连锁,20100528,
002416.SZ,爱施德,20150324,13.8825,13.5371,13.8825,13.0491,13.7474,-1.5297,256944.22,461701.7672,-0.21030000000000015,深圳,电器连锁,20100528,
002416.SZ,爱施德,20150323,13.462,13.7474,13.7474,13.1767,13.6723,0.5493,448844.25,806227.0421,0.07510000000000083,深圳,电器连锁,20100528,
002416.SZ,爱施德,20150320,12.4259,13.6723,13.6723,12.1481,12.4259,10.0307,373103.41,634458.2444,1.2463999999999995,深圳,电器连锁,20100528,
002416.SZ,爱施德,20150319,12.8839,12.4259,12.8839,12.3584,12.914,-3.7796,221203.71,369362.1471,-0.4880999999999993,深圳,电器连锁,20100528,
002416.SZ,爱施德,20150318,12.7488,12.914,12.9515,12.501,12.8389,0.5849,188247.26,317843.5471,0.07509999999999906,深圳,电器连锁,20100528,
002416.SZ,爱施德,20150317,13.3494,12.8389,13.6047,12.6061,13.3269,-3.6618,229253.2,399614.7649,-0.48799999999999955,深圳,电器连锁,20100528,
002416.SZ,爱施德,20150316,13.0942,13.3269,13.402,12.9365,12.9365,3.0178,147607.21,260149.374,0.39039999999999964,深圳,电器连锁,20100528,
002416.SZ,爱施德,20150313,12.5986,12.9365,13.1392,12.531,12.531,3.236,208965.13,358131.8259,0.40549999999999997,深圳,电器连锁,20100528,
002416.SZ,爱施德,20150312,11.7502,12.531,12.5911,11.5625,11.7652,6.509,185194.83,298940.5372,0.7658000000000005,深圳,电器连锁,20100528,
002416.SZ,爱施德,20150311,12.0055,11.7652,12.1256,11.6451,11.9229,-1.3227,133608.21,211871.5819,-0.15770000000000017,深圳,电器连锁,20100528,
002416.SZ,爱施德,20150310,11.6376,11.9229,12.3133,11.5625,11.6751,2.1225,141184.34,226878.1689,0.2477999999999998,深圳,电器连锁,20100528,
002416.SZ,爱施德,20150309,11.5625,11.6751,11.8628,10.8868,11.8028,-1.0819,126629.58,192043.8492,-0.12769999999999904,深圳,电器连锁,20100528,
002416.SZ,爱施德,20150306,12.1631,11.8028,12.3809,11.5625,11.8853,-0.6941,208010.03,333911.7846,-0.08250000000000135,深圳,电器连锁,20100528,
002416.SZ,爱施德,20150305,11.7127,11.8853,12.1556,11.4123,11.525,3.1262,224367.52,352437.6245,0.3603000000000005,深圳,电器连锁,20100528,
002416.SZ,爱施德,20150304,10.8868,11.525,11.6,10.8868,10.7366,7.3431,279405.6,422728.8684,0.7884000000000011,深圳,电器连锁,20100528,
002416.SZ,爱施德,20150303,10.2861,10.7366,11.1721,10.166,10.3462,3.7734,267512.31,381189.5196,0.39039999999999964,深圳,电器连锁,20100528,
002416.SZ,爱施德,20150302,10.1885,10.3462,10.3462,10.0759,10.1885,1.5478,98990.32,134362.8548,0.15770000000000017,深圳,电器连锁,20100528,
002416.SZ,爱施德,20150227,10.2561,10.1885,10.5039,10.1735,10.3161,-1.2369,100586.96,138213.1255,-0.12760000000000105,深圳,电器连锁,20100528,
002416.SZ,爱施德,20150226,10.2936,10.3161,10.3537,10.136,10.3387,-0.2186,78866.64,107543.7491,-0.022599999999998843,深圳,电器连锁,20100528,
002416.SZ,爱施德,20150225,10.624,10.3387,10.639,10.2185,10.624,-2.6854,127099.63,175725.677,-0.2853000000000012,深圳,电器连锁,20100528,
002416.SZ,爱施德,20150217,9.9407,10.624,10.669,9.9107,10.0233,5.993,213267.38,293839.2726,0.6006999999999998,深圳,电器连锁,20100528,
002416.SZ,爱施德,20150216,9.6179,10.0233,10.0534,9.6104,9.6629,3.7297,133537.93,176462.6462,0.3604000000000003,深圳,电器连锁,20100528,
002416.SZ,爱施德,20150213,9.5428,9.6629,9.7305,9.5353,9.7005,-0.3876,136055.23,174830.9713,-0.03759999999999941,深圳,电器连锁,20100528,
002416.SZ,爱施德,20150212,9.2725,9.7005,9.9107,9.1899,9.2575,4.7853,175656.16,224129.6546,0.4429999999999996,深圳,电器连锁,20100528,
002416.SZ,爱施德,20150211,9.0773,9.2575,9.3326,9.0773,9.0698,2.0695,58155.62,71562.2895,0.18769999999999953,深圳,电器连锁,20100528,
002416.SZ,爱施德,20150210,9.1374,9.0698,9.1449,8.9572,9.1149,-0.4948,30647.22,36922.3891,-0.045099999999999696,深圳,电器连锁,20100528,
002416.SZ,爱施德,20150209,9.0398,9.1149,9.2049,8.9647,9.0398,0.8308,43053.7,52339.2174,0.07510000000000083,深圳,电器连锁,20100528,
002416.SZ,爱施德,20150206,8.9647,9.0398,9.1299,8.9196,9.0248,0.1662,42035.03,50481.7107,0.014999999999998792,深圳,电器连锁,20100528,
002416.SZ,爱施德,20150205,9.0998,9.0248,9.2725,8.9497,9.0773,-0.5784,67786.06,82556.3201,-0.05249999999999844,深圳,电器连锁,20100528,
002416.SZ,爱施德,20150204,9.235,9.0773,9.2875,9.0548,9.2875,-2.2633,48412.83,59082.6177,-0.2102000000000004,深圳,电器连锁,20100528,
002416.SZ,爱施德,20150203,9.0848,9.2875,9.3326,8.9947,9.0773,2.3157,71135.6,87158.2086,0.2102000000000004,深圳,电器连锁,20100528,
002416.SZ,爱施德,20150202,8.8446,9.0773,9.0773,8.8145,8.9872,1.0025,31044.08,37107.1783,0.09009999999999962,深圳,电器连锁,20100528,
002416.SZ,爱施德,20150130,8.9872,8.9872,9.0998,8.8971,8.9872,0.0,33535.61,40263.6411,0.0,深圳,电器连锁,20100528,
002416.SZ,爱施德,20150129,9.0773,8.9872,9.0773,8.9196,9.1149,-1.401,46775.07,56058.7906,-0.1277000000000008,深圳,电器连锁,20100528,
002416.SZ,爱施德,20150128,9.235,9.1149,9.235,9.0323,9.265,-1.6201,58753.57,71244.5817,-0.15010000000000012,深圳,电器连锁,20100528,
002416.SZ,爱施德,20150127,9.2425,9.265,9.4302,9.0998,9.25,0.1622,65072.83,80194.3926,0.015000000000000568,深圳,电器连锁,20100528,
002416.SZ,爱施德,20150126,9.0248,9.25,9.295,9.0172,9.0773,1.9025,50745.05,62165.8995,0.17270000000000074,深圳,电器连锁,20100528,
002416.SZ,爱施德,20150123,9.22,9.0773,9.3101,9.0172,9.22,-1.5477,53936.88,65757.6543,-0.14270000000000138,深圳,电器连锁,20100528,
002416.SZ,爱施德,20150122,9.1524,9.22,9.2725,9.0698,9.1524,0.7386,60926.69,74590.3361,0.06760000000000055,深圳,电器连锁,20100528,
002416.SZ,爱施德,20150121,8.8295,9.1524,9.1974,8.7169,8.8295,3.6571,86763.01,104830.7328,0.32290000000000063,深圳,电器连锁,20100528,
002416.SZ,爱施德,20150120,8.4541,8.8295,8.8971,8.4541,8.4241,4.8124,72278.17,83999.6528,0.4054000000000002,深圳,电器连锁,20100528,
002416.SZ,爱施德,20150119,8.5893,8.4241,8.8671,8.3565,8.7094,-3.2758,55972.11,64318.9558,-0.2853000000000012,深圳,电器连锁,20100528,
002416.SZ,爱施德,20150116,8.4992,8.7094,8.762,8.4992,8.5592,1.7548,50024.21,57673.5156,0.1501999999999999,深圳,电器连锁,20100528,
002416.SZ,爱施德,20150115,8.4992,8.5592,8.6043,8.4316,8.4917,0.7949,36169.7,41037.6386,0.06750000000000078,深圳,电器连锁,20100528,
002416.SZ,爱施德,20150114,8.5818,8.4917,8.6794,8.4767,8.5893,-1.1363,33843.25,38676.6133,-0.09759999999999991,深圳,电器连锁,20100528,
002416.SZ,爱施德,20150113,8.4391,8.5893,8.6118,8.4241,8.4166,2.0519,44392.37,50487.3098,0.17269999999999897,深圳,电器连锁,20100528,
002416.SZ,爱施德,20150112,8.4466,8.4166,8.5292,8.2739,8.4466,-0.3552,33503.1,37461.5309,-0.02999999999999936,深圳,电器连锁,20100528,
002416.SZ,爱施德,20150109,8.5292,8.4466,8.6719,8.4316,8.5292,-0.9684,51423.49,58766.0652,-0.08259999999999934,深圳,电器连锁,20100528,
002416.SZ,爱施德,20150108,8.5292,8.5292,8.6043,8.4241,8.5217,0.088,34575.99,39322.4129,0.007500000000000284,深圳,电器连锁,20100528,
002416.SZ,爱施德,20150107,8.5592,8.5217,8.5743,8.4016,8.5517,-0.3508,49484.53,55911.2692,-0.030000000000001137,深圳,电器连锁,20100528,
002416.SZ,爱施德,20150106,8.2514,8.5517,8.5968,8.1688,8.319,2.7972,80427.61,90639.2725,0.23269999999999946,深圳,电器连锁,20100528,
002416.SZ,爱施德,20150105,8.1388,8.319,8.349,7.8835,8.1538,2.026,66327.66,71798.8444,0.16520000000000046,深圳,电器连锁,20100528,
002416.SZ,爱施德,20141231,7.9586,8.1538,8.1688,7.7784,7.9511,2.5493,52742.83,56375.7299,0.2027000000000001,深圳,电器连锁,20100528,
002416.SZ,爱施德,20141230,8.4466,7.9511,8.4466,7.9436,8.4091,-5.4465,77838.35,84264.1984,-0.4580000000000002,深圳,电器连锁,20100528,
002416.SZ,爱施德,20141229,9.0097,8.4091,9.0172,8.3115,9.1674,-8.2717,96741.37,110522.7215,-0.7583000000000002,深圳,电器连锁,20100528,
002416.SZ,爱施德,20141226,9.1149,9.1674,9.1974,9.0848,9.1073,0.6599,31099.1,37880.1017,0.060100000000000264,深圳,电器连锁,20100528,
002416.SZ,爱施德,20141225,9.0923,9.1073,9.1899,9.0022,9.0623,0.4966,29360.26,35603.7793,0.04499999999999993,深圳,电器连锁,20100528,
002416.SZ,爱施德,20141224,8.9347,9.0623,9.1374,8.9347,8.9121,1.6853,30818.79,37057.0156,0.1501999999999999,深圳,电器连锁,20100528,
002416.SZ,爱施德,20141223,8.8896,8.9121,9.1374,8.8896,8.8896,0.2531,35768.12,42926.2228,0.022500000000000853,深圳,电器连锁,20100528,
002416.SZ,爱施德,20141222,9.5428,8.8896,9.5428,8.8896,9.6104,-7.5002,64202.43,77846.6395,-0.7208000000000006,深圳,电器连锁,20100528,
002416.SZ,爱施德,20141219,9.9107,9.6104,9.9182,9.5278,9.9107,-3.0301,59022.05,76099.0577,-0.3003,深圳,电器连锁,20100528,
002416.SZ,爱施德,20141218,9.9483,9.9107,10.0383,9.9107,9.9483,-0.378,39484.65,52409.2074,-0.03759999999999941,深圳,电器连锁,20100528,
002416.SZ,爱施德,20141217,10.1435,9.9483,10.151,9.8131,10.196,-2.4294,52548.95,69731.4018,-0.24770000000000003,深圳,电器连锁,20100528,
002416.SZ,爱施德,20141216,10.3011,10.196,10.3237,10.151,10.2786,-0.8036,44845.36,60983.0061,-0.08260000000000112,深圳,电器连锁,20100528,
002416.SZ,爱施德,20141215,10.166,10.2786,10.3011,10.0534,10.151,1.257,55241.15,74935.3559,0.12760000000000105,深圳,电器连锁,20100528,
002416.SZ,爱施德,20141212,10.0459,10.151,10.181,9.9558,10.0083,1.4258,60122.88,80619.714,0.1426999999999996,深圳,电器连锁,20100528,
002416.SZ,爱施德,20141211,10.1435,10.0083,10.1435,9.9332,10.0984,-0.8922,50166.48,66808.6552,-0.09009999999999962,深圳,电器连锁,20100528,
002416.SZ,爱施德,20141210,9.8056,10.0984,10.136,9.8056,9.7906,3.1438,53433.91,71162.6927,0.3078000000000003,深圳,电器连锁,20100528,
002416.SZ,爱施德,20141209,10.0759,9.7906,10.0759,9.7831,10.151,-3.5504,79017.02,104260.5453,-0.3604000000000003,深圳,电器连锁,20100528,
002416.SZ,爱施德,20141208,10.4363,10.151,10.4363,10.1134,10.3612,-2.0287,60750.55,82515.5369,-0.2102000000000004,深圳,电器连锁,20100528,
002416.SZ,爱施德,20141205,10.7516,10.3612,10.7741,9.9858,10.7741,-3.8323,87960.76,121934.3735,-0.4129000000000005,深圳,电器连锁,20100528,
002416.SZ,爱施德,20141204,10.7366,10.7741,10.9093,10.6991,10.8117,-0.3478,78631.91,113178.8135,-0.03759999999999941,深圳,电器连锁,20100528,
002416.SZ,爱施德,20141203,10.8868,10.8117,10.9618,10.5714,11.0369,-2.0404,110851.86,158530.6568,-0.22519999999999918,深圳,电器连锁,20100528,
002416.SZ,爱施德,20141202,11.555,11.0369,11.6,10.9618,11.0519,-0.1357,159623.05,238984.5332,-0.015000000000000568,深圳,电器连锁,20100528,
002416.SZ,爱施德,20141201,10.8117,11.0519,11.1045,10.624,10.5714,4.5453,128374.2,186452.7589,0.48049999999999926,深圳,电器连锁,20100528,
002416.SZ,爱施德,20141128,10.7817,10.5714,10.8642,10.4888,10.6991,-1.1936,96685.74,137630.2052,-0.12769999999999904,深圳,电器连锁,20100528,
002416.SZ,爱施德,20141127,10.2636,10.6991,10.7066,10.2636,10.2636,4.2432,87531.51,122146.1844,0.43549999999999933,深圳,电器连锁,20100528,
002416.SZ,爱施德,20141126,10.3762,10.2636,10.3762,10.1885,10.3537,-0.8702,38999.41,53344.6954,-0.09009999999999962,深圳,电器连锁,20100528,
002416.SZ,爱施德,20141125,10.211,10.3537,10.3612,10.151,10.211,1.3975,32165.2,44207.7733,0.1426999999999996,深圳,电器连锁,20100528,
002416.SZ,爱施德,20141124,10.0909,10.211,10.3161,10.0909,10.0909,1.1902,41809.8,56871.3408,0.12010000000000076,深圳,电器连锁,20100528,
002416.SZ,爱施德,20141121,10.0158,10.0909,10.1209,9.9933,10.0308,0.5992,26829.05,35972.756,0.060100000000000264,深圳,电器连锁,20100528,
002416.SZ,爱施德,20141120,10.151,10.0308,10.1735,10.0233,10.1284,-0.9636,20524.57,27504.7831,-0.09759999999999991,深圳,电器连锁,20100528,
002416.SZ,爱施德,20141119,10.0534,10.1284,10.1435,9.9633,10.0609,0.6709,29863.3,40025.9249,0.067499999999999,深圳,电器连锁,20100528,
002416.SZ,爱施德,20141118,10.0834,10.0609,10.0984,9.9708,10.0834,-0.2231,19524.71,26082.9015,-0.022499999999999076,深圳,电器连锁,20100528,
002416.SZ,爱施德,20141117,9.9182,10.0834,10.1134,9.9182,9.9182,1.6656,26102.0,34915.7496,0.16519999999999868,深圳,电器连锁,20100528,
002416.SZ,爱施德,20141114,9.8431,9.9182,10.0008,9.7831,9.8431,0.763,27993.5,36953.9707,0.07510000000000083,深圳,电器连锁,20100528,
002416.SZ,爱施德,20141113,10.1435,9.8431,10.2035,9.8356,10.136,-2.8897,37914.34,50246.9654,-0.2928999999999995,深圳,电器连锁,20100528,
002416.SZ,爱施德,20141112,9.9858,10.136,10.136,9.9107,10.0008,1.3519,24077.18,32229.9688,0.13519999999999932,深圳,电器连锁,20100528,
002416.SZ,爱施德,20141111,10.5189,10.0008,10.5639,9.8882,10.5189,-4.9254,54041.67,73426.389,-0.5181000000000004,深圳,电器连锁,20100528,
002416.SZ,爱施德,20141110,10.684,10.5189,10.684,10.4663,10.624,-0.9893,39777.62,55780.8415,-0.1051000000000002,深圳,电器连锁,20100528,
002416.SZ,爱施德,20141107,10.8042,10.624,10.8717,10.624,10.8042,-1.6679,36241.16,51785.78,-0.18019999999999925,深圳,电器连锁,20100528,
002416.SZ,爱施德,20141106,10.6991,10.8042,10.8267,10.6465,10.6991,0.9823,26644.36,38118.0801,0.1051000000000002,深圳,电器连锁,20100528,
002416.SZ,爱施德,20141105,10.6916,10.6991,10.7366,10.6015,10.6615,0.3527,24775.83,35174.457,0.03759999999999941,深圳,电器连锁,20100528,
002416.SZ,爱施德,20141104,10.8717,10.6615,10.8717,10.6015,10.9093,-2.2715,41461.52,59048.191,-0.2477999999999998,深圳,电器连锁,20100528,
002416.SZ,爱施德,20141103,10.8117,10.9093,10.9919,10.8042,10.8042,0.9728,38106.46,55329.8658,0.1051000000000002,深圳,电器连锁,20100528,
002416.SZ,爱施德,20141031,10.9168,10.8042,10.9618,10.6615,10.8868,-0.7587,36139.36,51813.8524,-0.08259999999999934,深圳,电器连锁,20100528,
002416.SZ,爱施德,20141030,11.0294,10.8868,11.0895,10.8117,11.0369,-1.36,34286.21,50047.484,-0.15010000000000012,深圳,电器连锁,20100528,
002416.SZ,爱施德,20141029,11.0219,11.0369,11.0895,10.9243,10.9543,0.754,30070.18,44079.2653,0.08259999999999934,深圳,电器连锁,20100528,
002416.SZ,爱施德,20141028,10.7291,10.9543,10.9769,10.7066,10.8042,1.3893,29913.46,43428.8804,0.15010000000000012,深圳,电器连锁,20100528,
002416.SZ,爱施德,20141027,10.7441,10.8042,10.8793,10.4513,10.7441,0.5594,24603.52,35043.4321,0.060100000000000264,深圳,电器连锁,20100528,
002416.SZ,爱施德,20141024,10.9618,10.7441,10.9994,10.6991,10.9393,-1.7844,33570.18,48240.5074,-0.19519999999999982,深圳,电器连锁,20100528,
002416.SZ,爱施德,20141023,11.2622,10.9393,11.4574,10.9318,11.4649,-4.5844,47126.62,69722.764,-0.5256000000000007,深圳,电器连锁,20100528,
002416.SZ,爱施德,20141022,12.013,11.4649,12.2683,11.3898,11.2396,2.0045,81186.54,126708.1707,0.22530000000000072,深圳,电器连锁,20100528,
002416.SZ,爱施德,20141020,11.112,11.2396,11.2547,11.1045,11.1045,1.2166,27193.83,40584.787,0.13509999999999955,深圳,电器连锁,20100528,
002416.SZ,爱施德,20141017,11.4198,11.1045,11.4499,10.9618,11.4123,-2.6971,50365.3,74813.6589,-0.3078000000000003,深圳,电器连锁,20100528,
002416.SZ,爱施德,20141016,11.57,11.4123,11.6676,11.4123,11.6,-1.6181,38161.72,58708.031,-0.18769999999999953,深圳,电器连锁,20100528,
002416.SZ,爱施德,20141015,11.555,11.6,11.6451,11.3523,11.6075,-0.0646,52659.17,80467.7449,-0.007500000000000284,深圳,电器连锁,20100528,
002416.SZ,爱施德,20141014,11.6075,11.6075,11.7652,11.57,11.6826,-0.6428,26915.46,41824.6212,-0.07510000000000083,深圳,电器连锁,20100528,
002416.SZ,爱施德,20141013,11.8253,11.6826,11.8253,11.5024,11.8253,-1.2067,42629.94,66036.157,-0.1426999999999996,深圳,电器连锁,20100528,
002416.SZ,爱施德,20141010,12.1031,11.8253,12.1181,11.7877,12.0806,-2.1133,55827.49,88547.2609,-0.2553000000000001,深圳,电器连锁,20100528,
002416.SZ,爱施德,20141009,12.1481,12.0806,12.2307,12.0205,12.1181,-0.3095,72238.12,116561.5613,-0.037499999999999645,深圳,电器连锁,20100528,
002416.SZ,爱施德,20141008,12.058,12.1181,12.2382,12.0205,12.0505,0.561,51929.76,83720.174,0.06760000000000055,深圳,电器连锁,20100528,
002416.SZ,爱施德,20140930,12.1106,12.0505,12.1106,11.9079,11.9529,0.8165,52032.23,83338.1086,0.09759999999999991,深圳,电器连锁,20100528,
002416.SZ,爱施德,20140929,11.8178,11.9529,12.0505,11.8178,11.8628,0.7595,56505.74,90078.5852,0.09009999999999962,深圳,电器连锁,20100528,
002416.SZ,爱施德,20140926,11.7877,11.8628,11.9454,11.7127,11.9529,-0.7538,46451.88,73101.1652,-0.09009999999999962,深圳,电器连锁,20100528,
002416.SZ,爱施德,20140925,12.058,11.9529,12.1556,11.8253,12.0505,-0.8099,57931.47,92275.9755,-0.09759999999999991,深圳,电器连锁,20100528,
002416.SZ,爱施德,20140924,11.7802,12.0505,12.0806,11.7051,11.7727,2.3597,76220.15,121709.6135,0.27779999999999916,深圳,电器连锁,20100528,
002416.SZ,爱施德,20140923,11.54,11.7727,11.7877,11.4874,11.4349,2.9541,38632.12,59962.2905,0.33779999999999966,深圳,电器连锁,20100528,
002416.SZ,爱施德,20140922,11.7427,11.4349,11.7427,11.4349,11.7577,-2.7454,43135.05,66544.9808,-0.3227999999999991,深圳,电器连锁,20100528,
002416.SZ,爱施德,20140919,11.6526,11.7577,11.7802,11.5625,11.6826,0.6428,41137.84,64062.616,0.07509999999999906,深圳,电器连锁,20100528,
002416.SZ,爱施德,20140918,11.5325,11.6826,11.7202,11.4574,11.525,1.3675,41852.44,64488.2827,0.1576000000000004,深圳,电器连锁,20100528,
002416.SZ,爱施德,20140917,11.4949,11.525,11.6451,11.3448,11.5024,0.1965,47013.57,71887.7525,0.02260000000000062,深圳,电器连锁,20100528,
002416.SZ,爱施德,20140916,12.2082,11.5024,12.2382,11.4724,12.1256,-5.1395,86258.88,136354.6349,-0.6232000000000006,深圳,电器连锁,20100528,
002416.SZ,爱施德,20140915,11.9379,12.1256,12.1631,11.9229,12.013,0.9373,65948.64,105829.7139,0.11260000000000048,深圳,电器连锁,20100528,
002416.SZ,爱施德,20140912,11.8478,12.013,12.0655,11.7202,11.8929,1.0098,67137.08,106869.2661,0.12010000000000076,深圳,电器连锁,20100528,
002416.SZ,爱施德,20140911,12.3283,11.8929,12.5911,11.8553,12.2082,-2.5827,140792.56,228269.9884,-0.3153000000000006,深圳,电器连锁,20100528,
002416.SZ,爱施德,20140910,12.2382,12.2082,12.3358,12.0655,12.3734,-1.3351,110134.0,178937.7863,-0.16520000000000046,深圳,电器连锁,20100528,
002416.SZ,爱施德,20140909,11.9154,12.3734,12.3809,11.7202,11.9154,3.8438,167259.04,270370.7731,0.4580000000000002,深圳,电器连锁,20100528,
002416.SZ,爱施德,20140905,11.6151,11.9154,11.998,11.6151,11.6301,2.4531,143318.78,226431.3023,0.28529999999999944,深圳,电器连锁,20100528,
002416.SZ,爱施德,20140904,11.7127,11.6301,11.7877,11.5325,11.8253,-1.6507,144079.82,223233.8929,-0.19519999999999982,深圳,电器连锁,20100528,
002416.SZ,爱施德,20140903,11.7127,11.8253,12.3734,11.7127,11.2472,5.1399,265827.38,424117.4174,0.578100000000001,深圳,电器连锁,20100528,
002416.SZ,爱施德,20140902,11.1946,11.2472,11.3297,11.097,11.1646,0.7398,87923.5,131301.2873,0.08259999999999934,深圳,电器连锁,20100528,
002416.SZ,爱施德,20140901,10.9769,11.1646,11.1646,10.9618,10.9769,1.71,57989.15,85732.7047,0.18769999999999953,深圳,电器连锁,20100528,
002416.SZ,爱施德,20140829,10.8717,10.9769,11.0519,10.7141,10.8868,0.8276,51088.2,73999.209,0.0901000000000014,深圳,电器连锁,20100528,
002416.SZ,爱施德,20140828,11.3297,10.8868,11.3297,10.8868,11.3297,-3.9092,78299.65,115195.0093,-0.4429000000000016,深圳,电器连锁,20100528,
002416.SZ,爱施德,20140827,11.097,11.3297,11.3973,11.0294,11.0895,2.166,124386.48,186162.3979,0.24020000000000152,深圳,电器连锁,20100528,
002416.SZ,爱施德,20140826,10.7817,11.0895,11.142,10.7817,10.8492,2.2149,105849.34,155223.3852,0.24029999999999951,深圳,电器连锁,20100528,
002416.SZ,爱施德,20140825,11.0369,10.8492,11.142,10.7441,11.0219,-1.5669,60049.46,87176.3282,-0.17270000000000074,深圳,电器连锁,20100528,
002416.SZ,爱施德,20140822,10.9093,11.0219,11.142,10.9093,10.9769,0.41,82753.27,121551.7843,0.04499999999999993,深圳,电器连锁,20100528,
002416.SZ,爱施德,20140821,10.8117,10.9769,10.9844,10.669,10.7817,1.8105,64311.13,92420.2736,0.19519999999999982,深圳,电器连锁,20100528,
002416.SZ,爱施德,20140820,10.9468,10.7817,10.9919,10.7366,10.9168,-1.2375,73239.89,105390.7002,-0.13509999999999955,深圳,电器连锁,20100528,
002416.SZ,爱施德,20140819,10.8117,10.9168,10.9994,10.7591,10.8342,0.7624,86399.76,125413.9281,0.08260000000000112,深圳,电器连锁,20100528,
002416.SZ,爱施德,20140818,10.7291,10.8342,10.8642,10.6315,10.6015,2.195,97920.44,140616.5132,0.23269999999999946,深圳,电器连锁,20100528,
002416.SZ,爱施德,20140815,10.3011,10.6015,10.609,10.3011,10.3011,2.9162,55538.14,77578.0718,0.3003999999999998,深圳,电器连锁,20100528,
002416.SZ,爱施德,20140814,10.3237,10.3011,10.4438,10.2261,10.3237,-0.2189,41847.6,57776.698,-0.02260000000000062,深圳,电器连锁,20100528,
002416.SZ,爱施德,20140813,10.4513,10.3237,10.4738,10.1735,10.4663,-1.3625,55600.86,76232.8017,-0.14259999999999984,深圳,电器连锁,20100528,
002416.SZ,爱施德,20140812,10.5414,10.4663,10.5414,10.3462,10.639,-1.6233,65351.48,90833.9324,-0.17269999999999897,深圳,电器连锁,20100528,
002416.SZ,爱施德,20140811,10.5189,10.639,10.669,10.5189,10.4963,1.3595,38583.57,54511.561,0.1426999999999996,深圳,电器连锁,20100528,
002416.SZ,爱施德,20140808,10.5039,10.4963,10.5939,10.4438,10.4438,0.5027,27781.35,38948.7914,0.05250000000000021,深圳,电器连锁,20100528,
002416.SZ,爱施德,20140807,10.7291,10.4438,10.7291,10.4438,10.7366,-2.7271,45910.66,64587.9643,-0.2927999999999997,深圳,电器连锁,20100528,
002416.SZ,爱施德,20140806,10.7366,10.7366,10.8192,10.5114,10.6615,0.7044,58077.6,82570.798,0.07509999999999906,深圳,电器连锁,20100528,
002416.SZ,爱施德,20140805,10.4813,10.6615,10.6916,10.3537,10.4288,2.2313,47201.39,66214.5321,0.23269999999999946,深圳,电器连锁,20100528,
002416.SZ,爱施德,20140804,10.2636,10.4288,10.4288,10.2411,10.2561,1.6839,32631.18,45095.233,0.17270000000000074,深圳,电器连锁,20100528,
002416.SZ,爱施德,20140801,10.4288,10.2561,10.4288,10.2261,10.4438,-1.7972,32947.82,45359.0579,-0.18769999999999953,深圳,电器连锁,20100528,
002416.SZ,爱施德,20140731,10.2786,10.4438,10.4588,10.2035,10.3237,1.1633,40043.94,55157.1654,0.12009999999999899,深圳,电器连锁,20100528,
002416.SZ,爱施德,20140730,10.2786,10.3237,10.3612,10.2185,10.3312,-0.0726,33194.45,45502.8272,-0.007500000000000284,深圳,电器连锁,20100528,
002416.SZ,爱施德,20140729,10.1885,10.3312,10.4213,10.1585,10.2261,1.0278,43542.22,59835.992,0.1051000000000002,深圳,电器连锁,20100528,
002416.SZ,爱施德,20140728,10.1134,10.2261,10.2561,10.0609,10.1059,1.1894,43666.93,59127.6087,0.12020000000000053,深圳,电器连锁,20100528,
002416.SZ,爱施德,20140725,10.0459,10.1059,10.1735,9.9858,10.0158,0.8996,30250.98,40672.7524,0.09009999999999962,深圳,电器连锁,20100528,
002416.SZ,爱施德,20140724,10.3687,10.0158,10.4213,9.8431,10.4363,-4.0292,70171.12,94136.4165,-0.42049999999999876,深圳,电器连锁,20100528,
002416.SZ,爱施德,20140723,10.8943,10.4363,10.9018,10.3612,11.0369,-5.4417,81078.22,114430.4387,-0.6006,深圳,电器连锁,20100528,
002416.SZ,爱施德,20140722,11.097,11.0369,11.5325,10.8117,11.082,-0.407,115243.12,168877.3356,-0.04510000000000147,深圳,电器连锁,20100528,
002416.SZ,爱施德,20140721,10.6015,11.082,11.4499,10.5339,10.5039,5.5037,119781.01,174810.2765,0.578100000000001,深圳,电器连锁,20100528,
002416.SZ,爱施德,20140718,10.136,10.5039,10.5639,10.1284,10.181,3.1716,55678.53,77344.5877,0.32290000000000063,深圳,电器连锁,20100528,
002416.SZ,爱施德,20140717,10.0308,10.181,10.2786,10.0233,10.0008,1.8019,29126.26,39412.5792,0.18019999999999925,深圳,电器连锁,20100528,
002416.SZ,爱施德,20140716,10.3011,10.0008,10.3987,9.9708,10.2936,-2.8445,47405.76,64188.4364,-0.2927999999999997,深圳,电器连锁,20100528,
002416.SZ,爱施德,20140715,10.5339,10.2936,10.5489,10.2936,10.4813,-1.7908,31769.1,43917.3357,-0.18769999999999953,深圳,电器连锁,20100528,
002416.SZ,爱施德,20140714,10.43,10.482,10.482,10.1031,10.3854,0.9302,43996.8,60816.9784,0.09659999999999869,深圳,电器连锁,20100528,
002416.SZ,爱施德,20140711,10.7049,10.3854,10.7346,10.3483,10.7569,-3.4536,54227.19,76965.8192,-0.3714999999999993,深圳,电器连锁,20100528,
002416.SZ,爱施德,20140710,10.7717,10.7569,10.9129,10.6974,10.8312,-0.686,28745.32,41748.925,-0.07430000000000092,深圳,电器连锁,20100528,
002416.SZ,爱施德,20140709,10.6826,10.8312,11.0466,10.638,10.69,1.3209,58062.27,85134.4371,0.14120000000000132,深圳,电器连锁,20100528,
002416.SZ,爱施德,20140708,10.5786,10.69,10.7346,10.5637,10.586,0.9824,30568.18,43864.7703,0.1039999999999992,深圳,电器连锁,20100528,
002416.SZ,爱施德,20140707,10.8832,10.586,10.8832,10.5489,10.8683,-2.5975,41609.96,59815.0335,-0.28229999999999933,深圳,电器连锁,20100528,
002416.SZ,爱施德,20140704,11.1655,10.8683,11.1655,10.8609,11.1432,-2.467,37957.2,55871.5625,-0.2749000000000006,深圳,电器连锁,20100528,
002416.SZ,爱施德,20140703,11.1209,11.1432,11.2026,10.9649,11.0689,0.6713,34973.8,52177.6165,0.07430000000000092,深圳,电器连锁,20100528,
002416.SZ,爱施德,20140702,11.1729,11.0689,11.1729,10.9129,11.1432,-0.6668,29816.49,44282.7566,-0.07430000000000092,深圳,电器连锁,20100528,
002416.SZ,爱施德,20140701,11.106,11.1432,11.3363,10.9574,11.0317,1.0107,48202.83,72158.01,0.11149999999999949,深圳,电器连锁,20100528,
002416.SZ,爱施德,20140630,11.21,11.0317,11.21,10.9054,11.2992,-2.3674,52483.66,77989.7791,-0.26750000000000007,深圳,电器连锁,20100528,
002416.SZ,爱施德,20140627,11.3437,11.2992,11.4032,11.054,11.4403,-1.2334,55159.75,83404.0696,-0.14109999999999978,深圳,电器连锁,20100528,
002416.SZ,爱施德,20140626,11.2546,11.4403,11.7375,11.1432,11.002,3.9838,107951.99,166785.6453,0.4382999999999999,深圳,电器连锁,20100528,
002416.SZ,爱施德,20140625,10.6603,11.002,11.2917,10.6306,10.7643,2.2082,82462.03,122544.0345,0.23770000000000024,深圳,电器连锁,20100528,
002416.SZ,爱施德,20140624,10.8237,10.7643,10.8237,10.6454,10.7123,0.4854,46094.28,66594.688,0.0519999999999996,深圳,电器连锁,20100528,
002416.SZ,爱施德,20140623,10.2146,10.7123,10.7792,10.2146,10.1626,5.409,68207.09,97535.8566,0.5497000000000014,深圳,电器连锁,20100528,
002416.SZ,爱施德,20140620,9.7986,10.1626,10.17,9.7986,9.9174,2.4724,34233.51,46294.8469,0.24519999999999875,深圳,电器连锁,20100528,
002416.SZ,爱施德,20140619,10.5786,9.9174,10.7494,9.8803,10.5191,-5.7201,60030.0,83177.4152,-0.6016999999999992,深圳,电器连锁,20100528,
002416.SZ,爱施德,20140618,10.6232,10.5191,10.742,10.5117,10.6752,-1.4623,50835.37,72796.4764,-0.15610000000000035,深圳,电器连锁,20100528,
002416.SZ,爱施德,20140617,10.5934,10.6752,10.8312,10.5043,10.6009,0.7009,99873.54,143995.9,0.07430000000000092,深圳,电器连锁,20100528,
002416.SZ,爱施德,20140616,10.482,10.6009,10.6232,10.2889,10.4523,1.4217,91061.17,127693.1135,0.14860000000000007,深圳,电器连锁,20100528,
002416.SZ,爱施德,20140613,10.222,10.4523,10.586,10.222,10.2443,2.0304,101318.8,141901.4719,0.2079999999999984,深圳,电器连锁,20100528,
002416.SZ,爱施德,20140612,10.1774,10.2443,10.2443,10.0288,10.274,-0.2891,42352.27,57654.4591,-0.029699999999998283,深圳,电器连锁,20100528,
002416.SZ,爱施德,20140611,10.1031,10.274,10.3631,10.0809,10.1031,1.6916,59463.87,81868.0841,0.1708999999999996,深圳,电器连锁,20100528,
002416.SZ,爱施德,20140610,10.1477,10.1031,10.1477,9.9397,10.0883,0.1467,48346.62,65439.1633,0.014799999999999258,深圳,电器连锁,20100528,
002416.SZ,爱施德,20140609,10.1403,10.0883,10.2443,10.0288,10.1774,-0.8755,38441.85,52316.8128,-0.08910000000000018,深圳,电器连锁,20100528,
002416.SZ,爱施德,20140606,10.2963,10.1774,10.3631,10.0437,10.2814,-1.0115,32075.09,44005.1926,-0.1039999999999992,深圳,电器连锁,20100528,
002416.SZ,爱施德,20140605,10.1031,10.2814,10.3037,10.0066,10.17,1.0954,39468.97,53940.8434,0.11139999999999972,深圳,电器连锁,20100528,
002416.SZ,爱施德,20140604,10.4077,10.17,10.4226,10.066,10.4003,-2.2144,49450.92,67641.077,-0.23029999999999973,深圳,电器连锁,20100528,
002416.SZ,爱施德,20140603,10.326,10.4003,10.4597,10.1477,10.4077,-0.0711,51526.08,71574.0856,-0.007400000000000517,深圳,电器连锁,20100528,
002416.SZ,爱施德,20140530,10.0734,10.4077,10.4671,9.8654,9.9323,4.7864,116588.66,160174.0468,0.4754000000000005,深圳,电器连锁,20100528,
002416.SZ,爱施德,20140529,10.0734,9.9323,10.0883,9.754,10.066,-1.3282,52070.95,69253.4659,-0.13370000000000104,深圳,电器连锁,20100528,
002416.SZ,爱施德,20140528,9.8877,10.066,10.0883,9.7837,9.8877,1.8033,60364.41,80773.3499,0.17830000000000013,深圳,电器连锁,20100528,
002416.SZ,爱施德,20140527,9.9397,9.8877,10.2294,9.7911,9.9174,-0.2995,69145.49,93227.1415,-0.02970000000000006,深圳,电器连锁,20100528,
002416.SZ,爱施德,20140523,9.6351,9.9174,9.9471,9.5906,9.65,2.771,46222.52,60914.2432,0.2674000000000003,深圳,电器连锁,20100528,
002416.SZ,爱施德,20140522,9.7688,9.65,9.8951,9.65,9.7614,-1.1412,42569.64,55838.326,-0.11139999999999972,深圳,电器连锁,20100528,
002416.SZ,爱施德,20140521,9.4345,9.7614,9.7911,9.286,9.4123,3.709,46933.86,60810.2676,0.34909999999999997,深圳,电器连锁,20100528,
002416.SZ,爱施德,20140520,9.2785,9.4123,9.6648,9.2785,9.234,1.9309,38756.61,49733.0782,0.17830000000000013,深圳,电器连锁,20100528,
002416.SZ,爱施德,20140519,9.2488,9.234,9.3528,9.1745,9.3603,-1.3493,19323.39,24068.597,-0.12630000000000052,深圳,电器连锁,20100528,
002416.SZ,爱施德,20140516,9.4643,9.3603,9.5683,9.13,9.5088,-1.5617,39880.96,49931.3818,-0.1485000000000003,深圳,电器连锁,20100528,
002416.SZ,爱施德,20140515,9.6723,9.5088,9.754,9.2043,9.7243,-2.2161,42220.75,53855.4488,-0.2154999999999987,深圳,电器连锁,20100528,
002416.SZ,爱施德,20140514,9.7986,9.7243,9.8506,9.7094,9.806,-0.8332,25748.76,33850.8779,-0.08169999999999966,深圳,电器连锁,20100528,
002416.SZ,爱施德,20140513,9.8357,9.806,9.8803,9.702,9.7911,0.1522,40511.98,53377.4292,0.014899999999999025,深圳,电器连锁,20100528,
002416.SZ,爱施德,20140512,9.2711,9.7911,9.7911,9.2711,9.2414,5.9482,55260.92,71343.387,0.5496999999999996,深圳,电器连锁,20100528,
002416.SZ,爱施德,20140509,9.4717,9.2414,9.546,9.0631,9.4345,-2.0467,37052.29,46110.0753,-0.19309999999999938,深圳,电器连锁,20100528,
002416.SZ,爱施德,20140508,9.5831,9.4345,9.7168,9.3974,9.5683,-1.3984,46718.8,60340.2188,-0.1338000000000008,深圳,电器连锁,20100528,
002416.SZ,爱施德,20140507,9.8803,9.5683,9.8803,9.546,9.9991,-4.3084,53810.47,70487.3998,-0.4307999999999996,深圳,电器连锁,20100528,
002416.SZ,爱施德,20140506,9.65,9.9991,10.3186,9.5163,9.5088,5.1563,106746.18,143392.6957,0.4902999999999995,深圳,电器连锁,20100528,
002416.SZ,爱施德,20140505,9.3603,9.5088,9.6277,9.3008,9.3603,1.5865,39219.37,49921.1718,0.1485000000000003,深圳,电器连锁,20100528,
002416.SZ,爱施德,20140430,9.2043,9.3603,9.4643,9.1523,9.1671,2.1075,37446.8,46949.5913,0.19320000000000093,深圳,电器连锁,20100528,
002416.SZ,爱施德,20140429,8.9591,9.1671,9.2117,8.9517,8.9665,2.2372,41318.64,50618.3828,0.20059999999999967,深圳,电器连锁,20100528,
002416.SZ,爱施德,20140428,9.6871,8.9665,9.6871,8.9517,9.8506,-8.9751,63625.95,79343.6544,-0.8841000000000001,深圳,电器连锁,20100528,
002416.SZ,爱施德,20140425,10.0511,9.8506,10.0957,9.8357,10.0066,-1.559,34750.44,46626.7902,-0.15600000000000058,深圳,电器连锁,20100528,
002416.SZ,爱施德,20140424,10.0363,10.0066,10.1031,9.9026,10.0437,-0.3694,36838.52,49598.4636,-0.0370999999999988,深圳,电器连锁,20100528,
002416.SZ,爱施德,20140423,10.6083,10.0437,10.6157,10.014,10.6083,-5.3222,85994.51,118370.7195,-0.5646000000000004,深圳,电器连锁,20100528,
002416.SZ,爱施德,20140422,10.8163,10.6083,10.8757,10.4374,10.7866,-1.653,36524.61,52119.2931,-0.17830000000000013,深圳,电器连锁,20100528,
002416.SZ,爱施德,20140421,10.8683,10.7866,10.9054,10.7049,10.9872,-1.8258,38420.9,55985.8115,-0.20059999999999967,深圳,电器连锁,20100528,
002416.SZ,爱施德,20140418,10.9203,10.9872,11.0392,10.8534,10.9797,0.0683,20430.84,30205.1731,0.007500000000000284,深圳,电器连锁,20100528,
002416.SZ,爱施德,20140417,11.002,10.9797,11.106,10.9574,11.0317,-0.4714,32788.57,48710.2545,-0.05200000000000138,深圳,电器连锁,20100528,
002416.SZ,爱施德,20140416,11.1803,11.0317,11.2546,11.0094,11.1803,-1.3291,35016.53,52420.6026,-0.14860000000000007,深圳,电器连锁,20100528,
002416.SZ,爱施德,20140415,11.2992,11.1803,11.418,11.158,11.3066,-1.117,41358.51,62639.1789,-0.12629999999999875,深圳,电器连锁,20100528,
002416.SZ,爱施德,20140414,11.21,11.3066,11.4997,11.1432,11.21,0.8617,45012.87,68463.5718,0.09659999999999869,深圳,电器连锁,20100528,
002416.SZ,爱施德,20140411,11.2397,11.21,11.2472,11.0094,11.2992,-0.7894,52254.74,78439.7313,-0.08919999999999995,深圳,电器连锁,20100528,
002416.SZ,爱施德,20140410,11.2695,11.2992,11.4997,11.2175,11.2472,0.4623,65886.73,100803.8426,0.05200000000000138,深圳,电器连锁,20100528,
002416.SZ,爱施德,20140409,10.9649,11.2472,11.3363,10.9426,11.0094,2.16,70289.14,106001.2689,0.2378,深圳,电器连锁,20100528,
002416.SZ,爱施德,20140408,10.95,11.0094,11.0317,10.7049,10.9054,0.9537,75814.6,111475.3742,0.1039999999999992,深圳,电器连锁,20100528,
002416.SZ,爱施德,20140404,10.8089,10.9054,11.0169,10.7717,10.846,0.5477,52713.55,77422.7463,0.05940000000000012,深圳,电器连锁,20100528,
002416.SZ,爱施德,20140403,10.69,10.846,11.0763,10.6083,10.6826,1.5296,52414.05,76584.9624,0.16339999999999932,深圳,电器连锁,20100528,
002416.SZ,爱施德,20140402,10.9426,10.6826,11.0243,10.4746,10.9426,-2.376,59417.87,85999.99,-0.2599999999999998,深圳,电器连锁,20100528,
002416.SZ,爱施德,20140401,10.7866,10.9426,11.1209,10.4003,11.0094,-0.6068,82952.45,120314.1701,-0.06679999999999886,深圳,电器连锁,20100528,
002416.SZ,爱施德,20140331,11.7078,11.0094,11.9529,11.0094,12.2352,-10.0186,109385.61,164029.6027,-1.2258000000000013,深圳,电器连锁,20100528,
002416.SZ,爱施德,20140328,12.8146,12.2352,13.0746,11.9678,12.8964,-5.127,47195.61,78846.2029,-0.6611999999999991,深圳,电器连锁,20100528,
002416.SZ,爱施德,20140327,13.3198,12.8964,13.4461,12.8964,13.3198,-3.1787,51400.64,91050.0898,-0.4234000000000009,深圳,电器连锁,20100528,
002416.SZ,爱施德,20140326,13.1415,13.3198,13.4832,12.9484,13.1489,1.2997,88774.95,158441.9657,0.17090000000000138,深圳,电器连锁,20100528,
002416.SZ,爱施德,20140325,12.7404,13.1489,13.2455,12.4209,12.7404,3.2063,96582.95,167525.5269,0.4085000000000001,深圳,电器连锁,20100528,
002416.SZ,爱施德,20140321,12.1163,12.7404,12.8221,11.3883,12.1906,4.51,96826.26,158149.4083,0.5497999999999994,深圳,电器连锁,20100528,
002416.SZ,爱施德,20140320,12.5546,12.1906,12.8964,12.1386,12.4655,-2.2053,63358.37,107649.9315,-0.2749000000000006,深圳,电器连锁,20100528,
002416.SZ,爱施德,20140319,12.7626,12.4655,12.7775,12.4135,12.7775,-2.4418,38304.16,64554.1435,-0.3119999999999994,深圳,电器连锁,20100528,
002416.SZ,爱施德,20140318,12.6364,12.7775,12.9558,12.6289,12.7329,0.3503,50521.07,87095.9945,0.044599999999999085,深圳,电器连锁,20100528,
002416.SZ,爱施德,20140317,12.0346,12.7329,12.7775,12.0346,12.3541,3.0662,51044.07,85584.4467,0.3788,深圳,电器连锁,20100528,
002416.SZ,爱施德,20140314,12.4506,12.3541,12.5472,12.1906,12.4432,-0.7161,24918.31,41528.2248,-0.0890999999999984,深圳,电器连锁,20100528,
002416.SZ,爱施德,20140313,12.4358,12.4432,12.5918,12.3243,12.4655,-0.1789,30005.62,50267.8881,-0.02230000000000132,深圳,电器连锁,20100528,
002416.SZ,爱施德,20140312,12.1238,12.4655,12.5101,12.1015,12.0866,3.1349,40173.85,66637.4422,0.3788999999999998,深圳,电器连锁,20100528,
002416.SZ,爱施德,20140311,12.2501,12.0866,12.4061,12.0346,12.2501,-1.3347,32805.53,53978.2126,-0.1634999999999991,深圳,电器连锁,20100528,
002416.SZ,爱施德,20140310,12.5546,12.2501,12.6661,12.2278,12.8072,-4.3499,51542.15,86224.3493,-0.5571000000000002,深圳,电器连锁,20100528,
002416.SZ,爱施德,20140307,13.2975,12.8072,13.3198,12.7775,13.2381,-3.255,44479.19,78131.4654,-0.4308999999999994,深圳,电器连锁,20100528,
002416.SZ,爱施德,20140306,13.2529,13.2381,13.5575,12.9781,13.2529,-0.1117,50072.99,89509.021,-0.014800000000001035,深圳,电器连锁,20100528,
002416.SZ,爱施德,20140305,13.1341,13.2529,13.3347,13.0598,13.1861,0.5066,51059.9,90995.301,0.06680000000000064,深圳,电器连锁,20100528,
002416.SZ,爱施德,20140304,12.8518,13.1861,13.2529,12.6364,12.9409,1.8948,74379.96,130739.74,0.24520000000000053,深圳,电器连锁,20100528,
002416.SZ,爱施德,20140303,12.5918,12.9409,12.9558,12.5398,12.5546,3.077,73910.48,126812.351,0.38629999999999853,深圳,电器连锁,20100528,
002416.SZ,爱施德,20140228,12.9261,12.5546,13.0524,12.2575,12.9261,-2.874,120067.01,203751.6756,-0.3714999999999993,深圳,电器连锁,20100528,
002416.SZ,爱施德,20140227,13.5798,12.9261,13.7581,12.8444,13.5055,-4.2901,77578.65,139592.4943,-0.5793999999999997,深圳,电器连锁,20100528,
002416.SZ,爱施德,20140226,13.8175,13.5055,13.8175,13.0746,14.0255,-3.7075,71981.14,129532.405,-0.5199999999999996,深圳,电器连锁,20100528,
002416.SZ,爱施德,20140225,15.2141,14.0255,15.593,13.6912,15.2141,-7.8125,119079.95,238241.0359,-1.188600000000001,深圳,电器连锁,20100528,
002416.SZ,爱施德,20140224,15.4221,15.2141,15.4296,14.8204,15.3404,-0.8233,59169.91,120000.2908,-0.12630000000000052,深圳,电器连锁,20100528,
002416.SZ,爱施德,20140221,15.2959,15.3404,15.4816,15.0804,15.333,0.0483,55132.44,113707.8661,0.007400000000000517,深圳,电器连锁,20100528,
002416.SZ,爱施德,20140220,15.8976,15.333,15.9347,15.0878,15.9867,-4.089,99569.57,205820.2626,-0.6537000000000006,深圳,电器连锁,20100528,
002416.SZ,爱施德,20140219,16.5067,15.9867,16.6999,15.7564,16.5439,-3.368,77726.46,168178.5038,-0.5571999999999999,深圳,电器连锁,20100528,
002416.SZ,爱施德,20140218,16.8559,16.5439,17.1605,16.4102,16.945,-2.3671,66777.12,149705.1658,-0.40109999999999957,深圳,电器连锁,20100528,
002416.SZ,爱施德,20140217,16.6256,16.945,16.9748,16.269,16.4102,3.2589,74114.29,166171.2945,0.5348000000000006,深圳,电器连锁,20100528,
002416.SZ,爱施德,20140214,16.2839,16.4102,16.6033,16.1947,16.269,0.8679,55702.82,122981.0804,0.14120000000000132,深圳,电器连锁,20100528,
002416.SZ,爱施德,20140213,16.9525,16.269,16.9525,16.269,17.0862,-4.7828,81023.34,179895.7173,-0.8172000000000033,深圳,电器连锁,20100528,
002416.SZ,爱施德,20140212,17.8291,17.0862,17.8588,16.4176,17.8662,-4.3658,117778.61,269798.2537,-0.7799999999999976,深圳,电器连锁,20100528,
002416.SZ,爱施德,20140211,17.9851,17.8662,18.4977,17.5319,18.2376,-2.0365,69525.42,168095.9568,-0.3714000000000013,深圳,电器连锁,20100528,
002416.SZ,爱施德,20140210,17.8662,18.2376,18.8394,17.6211,17.8291,2.2912,84223.64,206709.2655,0.4085000000000001,深圳,电器连锁,20100528,
002416.SZ,爱施德,20140207,16.789,17.8291,18.0371,16.4399,17.1456,3.9864,57735.97,134560.7545,0.6834999999999987,深圳,电器连锁,20100528,
002416.SZ,爱施德,20140130,17.9034,17.1456,18.1634,17.0119,17.7028,-3.1475,61095.04,146059.6373,-0.5571999999999981,深圳,电器连锁,20100528,
002416.SZ,爱施德,20140129,17.3536,17.7028,17.8736,17.0936,17.3536,2.0123,58641.74,138942.2092,0.34919999999999973,深圳,电器连锁,20100528,
002416.SZ,爱施德,20140128,17.5616,17.3536,17.7845,16.8262,17.5022,-0.849,48536.39,112409.0262,-0.1485999999999983,深圳,电器连锁,20100528,
002416.SZ,爱施德,20140127,17.8291,17.5022,18.2376,17.2719,17.7473,-1.3811,83111.11,197950.764,-0.24510000000000076,深圳,电器连锁,20100528,
002416.SZ,爱施德,20140124,16.4176,17.7473,18.2005,16.3879,16.6405,6.6512,167069.15,395029.4609,1.1067999999999998,深圳,电器连锁,20100528,
002416.SZ,爱施德,20140123,15.2439,16.6405,16.789,15.1621,15.385,8.1605,143076.86,306629.3919,1.2554999999999996,深圳,电器连锁,20100528,
002416.SZ,爱施德,20140122,14.4193,15.385,15.6301,14.3821,14.3821,6.9733,104149.6,212994.165,1.0029000000000003,深圳,电器连锁,20100528,
002416.SZ,爱施德,20140121,14.0032,14.3821,14.3895,14.0032,14.0032,2.7058,28860.47,55390.4498,0.3788999999999998,深圳,电器连锁,20100528,
002416.SZ,爱施德,20140120,14.4415,14.0032,14.4861,13.877,14.4415,-3.035,25788.38,49053.1965,-0.4382999999999999,深圳,电器连锁,20100528,
002416.SZ,爱施德,20140117,14.3673,14.4415,14.709,14.1147,14.3673,0.5165,33619.22,65552.1609,0.07419999999999938,深圳,电器连锁,20100528,
002416.SZ,爱施德,20140116,14.5827,14.3673,14.8947,14.3375,14.6347,-1.8272,40820.41,80316.1266,-0.2674000000000003,深圳,电器连锁,20100528,
002416.SZ,爱施德,20140115,14.1147,14.6347,14.6347,14.0552,14.137,3.5205,51792.55,100479.179,0.49770000000000003,深圳,电器连锁,20100528,
002416.SZ,爱施德,20140114,14.1592,14.137,14.2038,13.6169,14.2187,-0.5746,47216.56,88227.6399,-0.08169999999999966,深圳,电器连锁,20100528,
002416.SZ,爱施德,20140113,14.8947,14.2187,14.9244,14.0478,14.9541,-4.9177,59322.76,114700.424,-0.7354000000000003,深圳,电器连锁,20100528,
002416.SZ,爱施德,20140110,14.9318,14.9541,15.4221,14.6124,15.1398,-1.2266,51816.28,104095.4738,-0.18569999999999887,深圳,电器连锁,20100528,
002416.SZ,爱施德,20140109,14.709,15.1398,15.6376,14.6198,14.865,1.8486,88914.15,183296.1728,0.27479999999999905,深圳,电器连锁,20100528,
002416.SZ,爱施德,20140108,14.3004,14.865,14.9987,14.3004,14.397,3.2507,66413.21,131518.1083,0.46799999999999997,深圳,电器连锁,20100528,
002416.SZ,爱施德,20140107,14.3227,14.397,14.5975,14.2261,14.397,0.0,26122.52,50839.4557,0.0,深圳,电器连锁,20100528,
002416.SZ,爱施德,20140106,14.7758,14.397,14.7981,14.189,14.7758,-2.5637,40180.47,78227.6398,-0.3788,深圳,电器连锁,20100528,
002416.SZ,爱施德,20140103,14.2484,14.7758,14.9467,14.2038,14.293,3.3779,83655.24,164109.426,0.482800000000001,深圳,电器连锁,20100528,
002416.SZ,爱施德,20140102,14.1444,14.293,14.3821,13.9661,14.0404,1.7991,31009.82,59514.629,0.25259999999999927,深圳,电器连锁,20100528,
002416.SZ,爱施德,20131231,14.0255,14.0404,14.1518,13.8844,14.1072,-0.4735,24875.93,46938.4006,-0.06680000000000064,深圳,电器连锁,20100528,
002416.SZ,爱施德,20131230,14.4193,14.1072,14.4787,13.8695,14.3524,-1.7084,54655.37,103620.757,-0.24519999999999875,深圳,电器连锁,20100528,
002416.SZ,爱施德,20131227,13.9215,14.3524,14.4713,13.669,14.345,0.0516,61854.1,117484.8755,0.007399999999998741,深圳,电器连锁,20100528,
002416.SZ,爱施德,20131226,14.6347,14.345,15.073,14.1964,14.6198,-1.8796,81779.7,160785.6547,-0.27479999999999905,深圳,电器连锁,20100528,
002416.SZ,爱施德,20131225,13.9364,14.6198,14.7016,13.7804,13.7804,6.0913,57955.64,110582.8934,0.8393999999999995,深圳,电器连锁,20100528,
002416.SZ,爱施德,20131224,13.5649,13.7804,14.0775,13.5649,13.5575,1.6441,42546.4,79122.9597,0.222900000000001,深圳,电器连锁,20100528,
002416.SZ,爱施德,20131223,14.1295,13.5575,14.2261,13.3718,14.1295,-4.0483,37993.76,69672.3924,-0.572000000000001,深圳,电器连锁,20100528,
002416.SZ,爱施德,20131220,14.6867,14.1295,14.6867,14.0107,14.4861,-2.4617,32309.71,61732.4858,-0.35660000000000025,深圳,电器连锁,20100528,
002416.SZ,爱施德,20131219,14.7536,14.4861,14.9838,14.4193,14.6124,-0.8643,31758.6,62887.8122,-0.12629999999999875,深圳,电器连锁,20100528,
002416.SZ,爱施德,20131218,14.709,14.6124,14.7833,14.3895,14.5307,0.5623,27111.89,53456.7685,0.08169999999999966,深圳,电器连锁,20100528,
002416.SZ,爱施德,20131217,14.6421,14.5307,14.8056,14.0775,14.5233,0.051,41720.53,81004.4215,0.007399999999998741,深圳,电器连锁,20100528,
002416.SZ,爱施德,20131216,15.2364,14.5233,15.5113,14.4861,15.2884,-5.0044,55607.6,111644.7592,-0.7650999999999986,深圳,电器连锁,20100528,
002416.SZ,爱施德,20131213,15.3701,15.2884,15.593,15.1027,15.593,-1.9534,43364.79,89243.5837,-0.30460000000000065,深圳,电器连锁,20100528,
002416.SZ,爱施德,20131212,15.0804,15.593,15.7342,15.0804,15.1696,2.7911,50455.06,105498.8268,0.4233999999999991,深圳,电器连锁,20100528,
002416.SZ,爱施德,20131211,15.8456,15.1696,15.8456,14.8724,15.8976,-4.5793,83554.15,171860.7674,-0.7279999999999998,深圳,电器连锁,20100528,
002416.SZ,爱施德,20131210,16.1204,15.8976,16.4325,15.8307,16.1947,-1.8346,53552.45,116201.0869,-0.29710000000000036,深圳,电器连锁,20100528,
002416.SZ,爱施德,20131209,16.0907,16.1947,16.3136,15.5336,16.0833,0.6926,62992.99,136145.3802,0.11139999999999972,深圳,电器连锁,20100528,
002416.SZ,爱施德,20131206,15.8902,16.0833,16.2839,15.4667,15.9719,0.6975,65169.25,139143.3784,0.1114000000000015,深圳,电器连锁,20100528,
002416.SZ,爱施德,20131205,16.3507,15.9719,16.6479,15.9719,16.6479,-4.0606,92526.75,202245.9763,-0.6760000000000002,深圳,电器连锁,20100528,
002416.SZ,爱施德,20131204,16.581,16.6479,17.2496,16.529,16.2913,2.1889,143880.86,327137.1471,0.35660000000000025,深圳,电器连锁,20100528,
002416.SZ,爱施德,20131203,14.189,16.2913,16.2913,14.189,14.813,9.9797,116189.52,244963.5093,1.478299999999999,深圳,电器连锁,20100528,
002416.SZ,爱施德,20131202,16.0907,14.813,16.1576,14.813,16.4547,-9.9771,107873.69,223315.2192,-1.6416999999999984,深圳,电器连锁,20100528,
002416.SZ,爱施德,20131129,16.6107,16.4547,16.8633,16.2393,16.1353,1.9795,122775.87,272964.8932,0.31939999999999813,深圳,电器连锁,20100528,
002416.SZ,爱施德,20131128,14.9541,16.1353,16.2765,14.813,14.7981,9.0363,120582.64,253785.7338,1.337200000000001,深圳,电器连锁,20100528,
002416.SZ,爱施德,20131127,14.2633,14.7981,14.9541,14.2633,14.1072,4.8975,70077.66,138464.9827,0.6908999999999992,深圳,电器连锁,20100528,
002416.SZ,爱施德,20131126,14.813,14.1072,14.917,14.0775,14.813,-4.7647,63096.84,121956.2106,-0.7058,深圳,电器连锁,20100528,
002416.SZ,爱施德,20131125,14.8353,14.813,15.3627,14.5975,15.0061,-1.2868,59602.12,120615.1745,-0.19309999999999938,深圳,电器连锁,20100528,
002416.SZ,爱施德,20131122,14.9318,15.0061,15.2959,14.5975,14.8576,0.9995,82055.28,165307.1386,0.1485000000000003,深圳,电器连锁,20100528,
002416.SZ,爱施德,20131121,14.0404,14.8576,14.9318,13.8547,14.1815,4.7675,95869.24,186865.1422,0.6760999999999999,深圳,电器连锁,20100528,
002416.SZ,爱施德,20131120,14.2187,14.1815,14.397,13.7507,14.2781,-0.6766,51992.47,98379.5627,-0.09660000000000046,深圳,电器连锁,20100528,
002416.SZ,爱施德,20131119,14.2781,14.2781,14.5604,14.0775,14.2781,0.0,50132.69,96416.341,0.0,深圳,电器连锁,20100528,
002416.SZ,爱施德,20131118,14.1221,14.2781,14.4713,13.8547,13.9512,2.3432,64347.82,123140.3415,0.3269000000000002,深圳,电器连锁,20100528,
002416.SZ,爱施德,20131115,13.2307,13.9512,14.0998,13.2307,13.3718,4.333,118462.64,220420.3579,0.5793999999999997,深圳,电器连锁,20100528,
002416.SZ,爱施德,20131114,12.8072,13.3718,13.4758,12.2946,12.9261,3.4481,117796.6,205801.6203,0.44570000000000043,深圳,电器连锁,20100528,
002416.SZ,爱施德,20131113,13.4387,12.9261,13.5427,12.9112,13.4387,-3.8144,46798.78,83760.7582,-0.5126000000000008,深圳,电器连锁,20100528,
002416.SZ,爱施德,20131112,13.4832,13.4387,13.7358,13.2381,13.5575,-0.8763,55836.2,101564.6557,-0.11879999999999846,深圳,电器连锁,20100528,
002416.SZ,爱施德,20131111,13.3347,13.5575,13.7432,13.0152,13.3198,1.7846,35334.88,63893.8657,0.23769999999999847,深圳,电器连锁,20100528,
002416.SZ,爱施德,20131108,13.5501,13.3198,13.8175,13.1861,13.8844,-4.0664,47538.7,86506.4389,-0.5645999999999987,深圳,电器连锁,20100528,
002416.SZ,爱施德,20131107,13.9661,13.8844,14.4713,13.5427,14.1295,-1.7347,47827.32,89827.1379,-0.24510000000000076,深圳,电器连锁,20100528,
002416.SZ,爱施德,20131106,14.6273,14.1295,14.9467,14.0404,14.7833,-4.4226,71908.81,140086.5762,-0.6538000000000004,深圳,电器连锁,20100528,
002416.SZ,爱施德,20131105,13.6838,14.7833,14.969,13.5278,13.721,7.7421,74156.03,142356.7384,1.0623000000000005,深圳,电器连锁,20100528,
002416.SZ,爱施德,20131104,13.721,13.721,13.9884,13.6318,13.7061,0.1087,52476.29,97600.8943,0.014900000000000801,深圳,电器连锁,20100528,
002416.SZ,爱施德,20131101,14.5233,13.7061,14.5381,13.4164,14.9096,-8.072,106080.16,197552.0522,-1.2035,深圳,电器连锁,20100528,
002416.SZ,爱施德,20131031,16.3879,14.9096,16.4176,14.9096,16.5662,-9.9999,78912.64,160869.7895,-1.6565999999999992,深圳,电器连锁,20100528,
002416.SZ,爱施德,20131030,16.633,16.5662,17.0862,16.269,16.7147,-0.8884,58064.83,130548.0584,-0.14850000000000207,深圳,电器连锁,20100528,
002416.SZ,爱施德,20131029,16.0239,16.7147,17.0788,15.9793,15.9124,5.042,99173.32,219744.9255,0.8023000000000007,深圳,电器连锁,20100528,
002416.SZ,爱施德,20131028,15.9199,15.9124,16.5662,15.5707,15.9124,0.0,69706.52,150670.427,0.0,深圳,电器连锁,20100528,
002416.SZ,爱施德,20131025,17.5096,15.9124,17.6731,15.9124,17.6805,-10.0003,94689.63,207399.3371,-1.7680999999999987,深圳,电器连锁,20100528,
002416.SZ,爱施德,20131024,16.9748,17.6805,17.9108,16.3285,17.5542,0.7195,67553.61,155311.23,0.12629999999999697,深圳,电器连锁,20100528,
002416.SZ,爱施德,20131023,18.8171,17.5542,18.8171,17.5542,19.508,-10.0154,102557.11,247415.6914,-1.9537999999999975,深圳,电器连锁,20100528,
002416.SZ,爱施德,20131022,20.8749,19.508,21.6029,18.9508,20.3474,-4.1253,118587.15,325896.374,-0.8394000000000013,深圳,电器连锁,20100528,
002416.SZ,爱施德,20131021,18.884,20.3474,20.3474,18.8617,18.4977,9.9996,88252.76,233333.8266,1.8497000000000021,深圳,电器连锁,20100528,
002416.SZ,爱施德,20131018,19.7457,18.4977,20.1171,18.3491,20.028,-7.6408,87422.77,222253.8095,-1.5303000000000004,深圳,电器连锁,20100528,
002416.SZ,爱施德,20131017,19.6937,20.028,20.9417,19.6937,20.0503,-0.1112,72185.28,197635.8139,-0.02230000000000132,深圳,电器连锁,20100528,
002416.SZ,爱施德,20131016,20.0948,20.0503,21.1646,18.5719,20.0577,-0.0369,98483.33,268575.7237,-0.007400000000000517,深圳,电器连锁,20100528,
002416.SZ,爱施德,20131015,20.0651,20.0577,20.4143,19.6194,20.3474,-1.4238,82375.9,221291.1546,-0.28969999999999985,深圳,电器连锁,20100528,
002416.SZ,爱施德,20131014,20.8674,20.3474,20.9863,19.6863,20.2583,0.4398,76621.67,210457.7286,0.08910000000000196,深圳,电器连锁,20100528,
002416.SZ,爱施德,20131011,18.2376,20.2583,20.2583,18.2376,18.4159,10.0044,139440.73,366557.1368,1.8423999999999978,深圳,电器连锁,20100528,
002416.SZ,爱施德,20131010,18.7205,18.4159,19.2405,18.2599,18.832,-2.2095,91908.26,231743.2037,-0.41610000000000014,深圳,电器连锁,20100528,
002416.SZ,爱施德,20131009,18.7205,18.832,19.612,18.4902,19.2405,-2.1231,125008.07,317408.761,-0.4085000000000001,深圳,电器连锁,20100528,
002416.SZ,爱施德,20131008,18.5571,19.2405,19.6863,17.9702,17.8959,7.5135,138525.83,350958.4644,1.3445999999999998,深圳,电器连锁,20100528,
002416.SZ,爱施德,20130930,16.2616,17.8959,17.8959,15.8976,16.269,10.0,134460.16,311130.9461,1.6269000000000027,深圳,电器连锁,20100528,
002416.SZ,爱施德,20130927,16.4919,16.269,16.9005,15.9124,15.4519,5.288,148363.07,326589.8347,0.8170999999999982,深圳,电器连锁,20100528,
002416.SZ,爱施德,20130926,14.6347,15.4519,15.8084,14.4118,14.6718,5.317,186013.48,382128.6358,0.7801000000000009,深圳,电器连锁,20100528,
002416.SZ,爱施德,20130925,15.0581,14.6718,15.0581,14.189,13.6912,7.1623,201953.09,401152.5288,0.980599999999999,深圳,电器连锁,20100528,
002416.SZ,爱施德,20130924,13.6912,13.6912,13.6912,13.6912,12.4432,10.0296,8193.04,15099.7727,1.248000000000001,深圳,电器连锁,20100528,
002416.SZ,爱施德,20130913,12.3838,12.4432,12.5546,12.1758,12.3986,0.3597,41788.17,69617.0407,0.044599999999999085,深圳,电器连锁,20100528,
002416.SZ,爱施德,20130912,12.2055,12.3986,12.6215,12.0792,12.1163,2.3299,51834.58,86584.4534,0.28229999999999933,深圳,电器连锁,20100528,
002416.SZ,爱施德,20130911,12.5249,12.1163,12.5472,11.9529,12.6289,-4.0589,83210.69,136623.4983,-0.5125999999999991,深圳,电器连锁,20100528,
002416.SZ,爱施德,20130910,13.0301,12.6289,13.2827,12.5769,13.0375,-3.134,85978.82,149398.6768,-0.40859999999999985,深圳,电器连锁,20100528,
002416.SZ,爱施德,20130909,13.2604,13.0375,13.8101,12.6809,13.4461,-3.0388,73858.96,130788.2626,-0.40859999999999985,深圳,电器连锁,20100528,
002416.SZ,爱施德,20130906,13.0746,13.4461,13.8844,12.8518,13.2678,1.3439,92340.08,166113.1237,0.17830000000000013,深圳,电器连锁,20100528,
002416.SZ,爱施德,20130905,13.2827,13.2678,14.0775,13.0449,13.4461,-1.326,111312.35,203579.355,-0.17830000000000013,深圳,电器连锁,20100528,
002416.SZ,爱施德,20130904,12.7775,13.4461,13.6467,12.6661,13.0672,2.8996,124546.05,219991.9263,0.3788999999999998,深圳,电器连锁,20100528,
002416.SZ,爱施德,20130903,12.6066,13.0672,13.2752,12.2946,12.1386,7.65,146100.33,249818.8077,0.9285999999999994,深圳,电器连锁,20100528,
002416.SZ,爱施德,20130902,10.8832,12.1386,12.1386,10.6232,11.0317,10.0338,132446.21,208045.6464,1.1068999999999996,深圳,电器连锁,20100528,
002416.SZ,爱施德,20130830,11.4255,11.0317,11.7672,10.7272,11.4403,-3.5716,120604.88,180877.2598,-0.40859999999999985,深圳,电器连锁,20100528,
002416.SZ,爱施德,20130829,11.262,11.4403,11.8118,11.0317,11.262,1.5832,117098.71,179902.678,0.17830000000000013,深圳,电器连锁,20100528,
002416.SZ,爱施德,20130828,10.7197,11.262,11.6558,10.482,10.8163,4.1206,126905.07,192519.3945,0.44570000000000043,深圳,电器连锁,20100528,
002416.SZ,爱施德,20130827,10.3409,10.8163,11.2175,10.1774,10.2666,5.3543,114724.39,165192.0189,0.5496999999999996,深圳,电器连锁,20100528,
002416.SZ,爱施德,20130826,9.8431,10.2666,10.3186,9.7688,9.8431,4.3025,87900.38,118463.4815,0.42350000000000065,深圳,电器连锁,20100528,
002416.SZ,爱施德,20130823,9.7168,9.8431,9.8654,9.5683,9.702,1.4543,91175.92,119613.234,0.14109999999999978,深圳,电器连锁,20100528,
002416.SZ,爱施德,20130822,9.4197,9.702,9.7688,9.3454,9.442,2.7537,73970.59,95431.7129,0.2599999999999998,深圳,电器连锁,20100528,
002416.SZ,爱施德,20130821,9.442,9.442,9.5088,9.286,9.442,0.0,41301.36,52193.0133,0.0,深圳,电器连锁,20100528,
002416.SZ,爱施德,20130820,9.2711,9.442,9.5608,9.2711,9.2711,1.8434,54401.49,69033.518,0.1708999999999996,深圳,电器连锁,20100528,
002416.SZ,爱施德,20130819,8.8848,9.2711,9.3825,8.8402,9.0631,2.295,48909.32,60528.7557,0.20800000000000018,深圳,电器连锁,20100528,
002416.SZ,爱施德,20130816,9.3528,9.0631,9.6128,9.0408,9.4717,-4.3139,83972.39,105475.8938,-0.40859999999999985,深圳,电器连锁,20100528,
002416.SZ,爱施德,20130815,8.9591,9.4717,9.6277,8.9442,8.9368,5.9854,110134.85,138950.4448,0.5349000000000004,深圳,电器连锁,20100528,
002416.SZ,爱施德,20130814,9.0557,8.9368,9.0705,8.8774,9.0408,-1.1503,41504.1,50000.4721,-0.10400000000000098,深圳,电器连锁,20100528,
002416.SZ,爱施德,20130813,9.0185,9.0408,9.078,8.8031,9.0557,-0.1645,50218.63,60427.3365,-0.014899999999999025,深圳,电器连锁,20100528,
002416.SZ,爱施德,20130812,9.3751,9.0557,9.5088,8.8774,9.3454,-3.0999,84129.95,103224.0718,-0.28969999999999985,深圳,电器连锁,20100528,
002416.SZ,爱施德,20130809,9.5163,9.3454,9.7911,9.3157,9.5163,-1.7959,78686.59,100954.7094,-0.1708999999999996,深圳,电器连锁,20100528,
002416.SZ,爱施德,20130808,9.442,9.5163,9.6426,9.3603,9.5534,-0.3883,57312.57,73159.6707,-0.03710000000000058,深圳,电器连锁,20100528,
002416.SZ,爱施德,20130807,9.546,9.5534,9.7243,9.286,9.546,0.0775,88840.99,113683.1773,0.007400000000000517,深圳,电器连锁,20100528,
002416.SZ,爱施德,20130806,9.9917,9.546,10.1031,9.3603,9.2488,3.2134,153640.67,199663.1306,0.29720000000000013,深圳,电器连锁,20100528,
002416.SZ,爱施德,20130805,9.0111,9.2488,9.2488,8.8402,8.922,3.6629,67663.18,82301.75,0.32679999999999865,深圳,电器连锁,20100528,
002416.SZ,爱施德,20130802,9.026,8.922,9.2488,8.8031,8.9665,-0.4963,72479.23,88060.3696,-0.04449999999999932,深圳,电器连锁,20100528,
002416.SZ,爱施德,20130801,8.558,8.9665,9.0705,8.5208,8.558,4.7733,87050.59,103566.9894,0.4085000000000001,深圳,电器连锁,20100528,
002416.SZ,爱施德,20130731,8.7362,8.558,9.026,8.4094,8.8922,-3.7584,99237.47,115823.035,-0.33420000000000094,深圳,电器连锁,20100528,
002416.SZ,爱施德,20130730,9.8803,8.8922,10.0437,8.8922,9.8803,-10.0007,162486.17,198838.5708,-0.9880999999999993,深圳,电器连锁,20100528,
002416.SZ,爱施德,20130729,10.1031,9.8803,10.2814,9.65,10.1403,-2.564,116739.86,156016.4265,-0.2599999999999998,深圳,电器连锁,20100528,
002416.SZ,爱施德,20130726,9.1597,10.1403,10.1403,9.1597,9.2191,9.9923,117652.34,153923.881,0.9212000000000007,深圳,电器连锁,20100528,
002416.SZ,爱施德,20130725,9.6723,9.2191,9.754,9.1745,9.702,-4.9773,73936.58,93659.6059,-0.4829000000000008,深圳,电器连锁,20100528,
002416.SZ,爱施德,20130724,9.4345,9.702,9.8283,9.2414,9.3083,4.2296,113185.66,146563.388,0.3937000000000008,深圳,电器连锁,20100528,
002416.SZ,爱施德,20130723,8.8031,9.3083,9.4345,8.8031,8.7808,6.0074,142055.86,174705.3149,0.5274999999999999,深圳,电器连锁,20100528,
002416.SZ,爱施德,20130722,8.0602,8.7808,8.7808,8.0379,8.3871,4.6941,71653.14,82221.5218,0.39369999999999905,深圳,电器连锁,20100528,
002416.SZ,爱施德,20130719,8.4762,8.3871,8.8848,8.3797,8.4762,-1.0512,88635.31,103172.0447,-0.08910000000000018,深圳,电器连锁,20100528,
002416.SZ,爱施德,20130718,8.4317,8.4762,8.7362,8.2608,8.4539,0.2638,83888.14,95984.9968,0.022299999999999542,深圳,电器连锁,20100528,
002416.SZ,爱施德,20130717,8.3648,8.4539,8.7585,8.1865,8.4242,0.3526,116108.9,132772.3498,0.02970000000000006,深圳,电器连锁,20100528,
002416.SZ,爱施德,20130716,7.7779,8.4242,8.4391,7.7705,7.7631,8.5159,117304.61,128135.0256,0.6611000000000011,深圳,电器连锁,20100528,
002416.SZ,爱施德,20130715,7.9636,7.7631,8.2237,7.7259,7.8819,-1.5073,90714.33,97059.0249,-0.11880000000000024,深圳,电器连锁,20100528,
002416.SZ,爱施德,20130712,7.9339,7.8819,8.2905,7.8002,7.9265,-0.5627,87276.84,95321.4644,-0.04459999999999997,深圳,电器连锁,20100528,
002416.SZ,爱施德,20130711,7.6739,7.9265,8.0825,7.5774,7.7631,2.1048,101282.57,107448.5171,0.1634000000000002,深圳,电器连锁,20100528,
002416.SZ,爱施德,20130710,7.6219,7.7631,8.2385,7.5625,7.7408,0.2881,143846.47,153427.8509,0.022299999999999542,深圳,电器连锁,20100528,
002416.SZ,爱施德,20130709,7.3173,7.7408,7.7482,7.2133,7.3322,5.5727,104992.97,106950.8763,0.40859999999999985,深圳,电器连锁,20100528,
002416.SZ,爱施德,20130708,7.5254,7.3322,7.7928,7.2059,7.6739,-4.4528,114639.54,115394.4117,-0.34169999999999945,深圳,电器连锁,20100528,
002416.SZ,爱施德,20130705,7.7928,7.6739,7.9711,7.6665,7.7854,-1.4322,156163.29,164428.1347,-0.11150000000000038,深圳,电器连锁,20100528,
002416.SZ,爱施德,20130704,6.9831,7.7854,7.7854,6.9088,7.0796,9.9695,213684.46,215506.6177,0.7058,深圳,电器连锁,20100528,
002416.SZ,爱施德,20130703,6.9385,7.0796,7.1688,6.6116,6.931,2.144,112668.65,104615.0412,0.14860000000000007,深圳,电器连锁,20100528,
002416.SZ,爱施德,20130702,6.7008,6.931,7.0573,6.6488,6.7528,2.6389,105859.17,98897.9969,0.17820000000000036,深圳,电器连锁,20100528,
002416.SZ,爱施德,20130701,6.3219,6.7528,6.7528,6.2105,6.2847,7.4482,52571.93,45979.6017,0.46809999999999974,深圳,电器连锁,20100528,
002416.SZ,爱施德,20130628,6.2625,6.2847,6.4853,5.943,6.3367,-0.8206,59066.57,49752.7791,-0.05200000000000049,深圳,电器连锁,20100528,
002416.SZ,爱施德,20130627,6.723,6.3367,7.0202,6.3219,6.7602,-6.2646,98643.71,89633.9814,-0.42349999999999977,深圳,电器连锁,20100528,
002416.SZ,爱施德,20130626,6.4482,6.7602,6.775,6.359,6.463,4.5985,94407.34,84570.7778,0.29720000000000013,深圳,电器连锁,20100528,
002416.SZ,爱施德,20130625,6.1882,6.463,6.4853,5.7499,6.3887,1.163,100798.59,82537.8331,0.07430000000000003,深圳,电器连锁,20100528,
002416.SZ,爱施德,20130624,6.7453,6.3887,6.8196,6.3219,6.7453,-5.2866,76157.66,67562.8643,-0.35660000000000025,深圳,电器连锁,20100528,
002416.SZ,爱施德,20130621,6.4779,6.7453,6.7825,6.3145,6.6933,0.7769,55968.77,49660.2221,0.05200000000000049,深圳,电器连锁,20100528,
002416.SZ,爱施德,20130620,6.7899,6.6933,6.8939,6.4853,6.8939,-2.9098,81045.98,72666.76,-0.20060000000000056,深圳,电器连锁,20100528,
002416.SZ,爱施德,20130619,6.9459,6.8939,7.0351,6.7528,7.0276,-1.9025,80491.9,74515.4217,-0.13369999999999926,深圳,电器连锁,20100528,
002416.SZ,爱施德,20130618,6.7602,7.0276,7.0945,6.6413,6.8196,3.05,161591.68,150640.7572,0.2079999999999993,深圳,电器连锁,20100528,
002416.SZ,爱施德,20130617,6.3219,6.8196,6.9459,6.3145,6.3145,7.999,152707.69,136271.9568,0.5051000000000005,深圳,电器连锁,20100528,
002416.SZ,爱施德,20130614,6.2179,6.3145,6.4333,6.1807,6.1585,2.5331,83829.96,71228.8118,0.1559999999999997,深圳,电器连锁,20100528,
002416.SZ,爱施德,20130613,6.203,6.1585,6.2253,5.6384,6.2625,-1.6607,56694.54,46243.3607,-0.10400000000000009,深圳,电器连锁,20100528,
002416.SZ,爱施德,20130607,5.9802,6.2625,6.3145,5.9802,5.9876,4.5912,75421.35,62827.9434,0.2749000000000006,深圳,电器连锁,20100528,
002416.SZ,爱施德,20130606,5.8613,5.9876,6.099,5.8613,5.9356,0.8761,24807.03,20017.9824,0.0519999999999996,深圳,电器连锁,20100528,
002416.SZ,爱施德,20130605,5.9727,5.9356,6.0767,5.8687,6.0025,-1.1145,24630.81,19774.4383,-0.0669000000000004,深圳,电器连锁,20100528,
002416.SZ,爱施德,20130604,6.1733,6.0025,6.203,5.9727,6.1659,-2.6501,44076.82,35962.1093,-0.16339999999999932,深圳,电器连锁,20100528,
002416.SZ,爱施德,20130603,6.1807,6.1659,6.3442,6.1585,6.1659,0.0,36996.65,31116.8162,0.0,深圳,电器连锁,20100528,
002416.SZ,爱施德,20130531,6.3962,6.1659,6.4853,6.1362,6.3665,-3.1509,54980.18,46783.1148,-0.20060000000000056,深圳,电器连锁,20100528,
002416.SZ,爱施德,20130530,6.2253,6.3665,6.411,6.1585,6.2476,1.9031,60869.84,51708.3058,0.1189,深圳,电器连锁,20100528,
002416.SZ,爱施德,20130529,6.1287,6.2476,6.2996,6.0619,6.1139,2.1868,52871.91,44201.6626,0.13370000000000015,深圳,电器连锁,20100528,
002416.SZ,爱施德,20130528,6.2476,6.1139,6.3367,6.0247,6.2996,-2.9478,67266.04,55456.7114,-0.18569999999999975,深圳,电器连锁,20100528,
002416.SZ,爱施德,20130527,6.3145,6.2996,6.5448,6.1956,6.2625,0.5924,119175.51,102395.0259,0.03709999999999969,深圳,电器连锁,20100528,
002416.SZ,爱施德,20130524,6.1436,6.2625,6.3665,6.1436,6.2179,0.7173,67033.73,56249.3974,0.04459999999999997,深圳,电器连锁,20100528,
002416.SZ,爱施德,20130523,6.2773,6.2179,6.4408,6.1882,6.2625,-0.7122,71330.39,60548.3529,-0.04459999999999997,深圳,电器连锁,20100528,
002416.SZ,爱施德,20130522,6.5745,6.2625,6.5745,6.2402,6.5893,-4.9596,92371.67,79264.3586,-0.32679999999999954,深圳,电器连锁,20100528,
002416.SZ,爱施德,20130521,6.5596,6.5893,6.6265,6.411,6.6562,-1.0051,102916.82,90294.0192,-0.0669000000000004,深圳,电器连锁,20100528,
002416.SZ,爱施德,20130520,6.5373,6.6562,6.7899,6.3813,6.515,2.1673,142142.37,125746.7294,0.14120000000000044,深圳,电器连锁,20100528,
002416.SZ,爱施德,20130517,6.2476,6.515,6.671,6.1065,6.2402,4.4037,134938.98,116047.8346,0.27479999999999993,深圳,电器连锁,20100528,
002416.SZ,爱施德,20130516,5.9133,6.2402,6.4259,5.891,5.943,5.0008,125877.75,105205.2401,0.29720000000000013,深圳,电器连锁,20100528,
002416.SZ,爱施德,20130515,5.7796,5.943,5.9653,5.7647,5.8242,2.0398,76877.51,60800.1232,0.11879999999999935,深圳,电器连锁,20100528,
002416.SZ,爱施德,20130514,5.6459,5.8242,5.839,5.475,5.6607,2.8883,62550.56,47596.8036,0.16349999999999998,深圳,电器连锁,20100528,
002416.SZ,爱施德,20130513,5.683,5.6607,5.9282,5.6162,5.735,-1.2956,67361.51,52224.4697,-0.07430000000000003,深圳,电器连锁,20100528,
002416.SZ,爱施德,20130510,5.5939,5.735,5.787,5.5939,5.6533,1.4452,56722.7,43668.693,0.08170000000000055,深圳,电器连锁,20100528,
002416.SZ,爱施德,20130509,5.7499,5.6533,5.7499,5.5196,5.7202,-1.1695,58051.58,43832.4295,-0.0669000000000004,深圳,电器连锁,20100528,
002416.SZ,爱施德,20130508,5.6384,5.7202,5.8316,5.631,5.6459,1.316,71094.15,54713.9792,0.07430000000000003,深圳,电器连锁,20100528,
002416.SZ,爱施德,20130507,5.6087,5.6459,5.7944,5.5493,5.6533,-0.1309,69582.32,53095.7586,-0.007399999999999629,深圳,电器连锁,20100528,
002416.SZ,爱施德,20130506,5.5716,5.6533,5.787,5.5567,5.6384,0.2643,117523.31,89718.4922,0.014899999999999913,深圳,电器连锁,20100528,
002416.SZ,爱施德,20130503,5.2373,5.6384,5.7202,5.215,5.2001,8.4287,158717.08,119780.2538,0.4382999999999999,深圳,电器连锁,20100528,
002416.SZ,爱施德,20130502,5.0813,5.2001,5.215,5.0516,5.1407,1.1555,24181.42,16771.3413,0.05940000000000012,深圳,电器连锁,20100528,
002416.SZ,爱施德,20130426,5.3487,5.1407,5.3933,5.1184,5.3487,-3.8888,43800.94,30976.9706,-0.20800000000000018,深圳,电器连锁,20100528,
002416.SZ,爱施德,20130425,5.3413,5.3487,5.527,5.267,5.3487,0.0,68197.81,49769.7833,0.0,深圳,电器连锁,20100528,
002416.SZ,爱施德,20130424,5.111,5.3487,5.3784,5.0961,5.111,4.6508,45301.36,31994.7892,0.23770000000000024,深圳,电器连锁,20100528,
002416.SZ,爱施德,20130423,5.2893,5.111,5.3041,5.0887,5.267,-2.9618,34181.96,23740.6007,-0.15600000000000058,深圳,电器连锁,20100528,
002416.SZ,爱施德,20130422,5.3487,5.267,5.4453,5.2521,5.3859,-2.2076,51572.62,37027.5582,-0.1189,深圳,电器连锁,20100528,
002416.SZ,爱施德,20130419,5.2819,5.3859,5.3933,5.2001,5.3041,1.5422,54117.14,38969.5812,0.08180000000000032,深圳,电器连锁,20100528,
002416.SZ,爱施德,20130418,5.3487,5.3041,5.3487,5.2447,5.3636,-1.1093,44726.0,31885.9836,-0.059499999999999886,深圳,电器连锁,20100528,
002416.SZ,爱施德,20130417,5.2001,5.3636,5.3859,5.2001,5.2447,2.2671,68091.98,48635.0336,0.1189,深圳,电器连锁,20100528,
002416.SZ,爱施德,20130416,4.9847,5.2447,5.2521,4.9699,5.0961,2.916,53566.59,37372.893,0.14860000000000007,深圳,电器连锁,20100528,
002416.SZ,爱施德,20130415,5.163,5.0961,5.2967,5.0516,5.059,0.7333,47698.81,33179.2121,0.03709999999999969,深圳,电器连锁,20100528,
002416.SZ,爱施德,20130412,5.0516,5.059,5.1259,4.9773,5.0887,-0.5836,35944.19,24452.2707,-0.02970000000000006,深圳,电器连锁,20100528,
002416.SZ,爱施德,20130411,4.9253,5.0887,5.1556,4.9253,4.9921,1.9351,42473.17,28900.4715,0.09660000000000046,深圳,电器连锁,20100528,
002416.SZ,爱施德,20130410,4.9624,4.9921,5.3041,4.8436,4.8287,3.3839,68148.4,46692.2998,0.16339999999999932,深圳,电器连锁,20100528,
002416.SZ,爱施德,20130409,4.6727,4.8287,4.903,4.6727,4.747,1.7211,24369.62,15798.0795,0.08170000000000055,深圳,电器连锁,20100528,
002416.SZ,爱施德,20130408,4.6356,4.747,4.747,4.5538,4.7024,0.9485,24508.16,15270.9823,0.04459999999999997,深圳,电器连锁,20100528,
002416.SZ,爱施德,20130403,4.8733,4.7024,4.9179,4.6876,4.8807,-3.6532,31265.59,20003.8468,-0.17830000000000013,深圳,电器连锁,20100528,
002416.SZ,爱施德,20130402,4.9921,4.8807,5.007,4.851,4.9921,-2.2315,19363.88,12827.9991,-0.11139999999999972,深圳,电器连锁,20100528,
002416.SZ,爱施德,20130401,4.8361,4.9921,5.0293,4.799,4.8361,3.2257,29411.3,19610.8196,0.1559999999999997,深圳,电器连锁,20100528,
002416.SZ,爱施德,20130329,4.903,4.8361,4.955,4.8287,4.903,-1.3645,25564.91,16852.3577,-0.06689999999999952,深圳,电器连锁,20100528,
002416.SZ,爱施德,20130328,5.111,4.903,5.111,4.8733,5.0961,-3.7892,35550.26,23643.3562,-0.19310000000000027,深圳,电器连锁,20100528,
002416.SZ,爱施德,20130327,5.3116,5.0961,5.3264,5.0516,5.2744,-3.3805,58916.63,41176.9828,-0.17830000000000013,深圳,电器连锁,20100528,
002416.SZ,爱施德,20130326,5.1779,5.2744,5.2819,5.0887,5.1704,2.0114,64176.32,44921.1982,0.10400000000000009,深圳,电器连锁,20100528,
002416.SZ,爱施德,20130325,5.0441,5.1704,5.2744,5.0219,5.0441,2.5039,67742.52,46993.0617,0.12629999999999963,深圳,电器连锁,20100528,
002416.SZ,爱施德,20130322,5.0441,5.0441,5.1704,4.9921,5.0887,-0.8765,34910.24,23765.0716,-0.04459999999999997,深圳,电器连锁,20100528,
002416.SZ,爱施德,20130321,4.9921,5.0887,5.163,4.9253,4.9847,2.0864,53141.19,36188.6898,0.10400000000000009,深圳,电器连锁,20100528,
002416.SZ,爱施德,20130320,4.8733,4.9847,5.007,4.8658,4.8584,2.5996,41143.77,27386.7185,0.12630000000000052,深圳,电器连锁,20100528,
002416.SZ,爱施德,20130319,4.8064,4.8584,4.8584,4.7693,4.8064,1.0819,27984.59,18157.3895,0.0519999999999996,深圳,电器连锁,20100528,
002416.SZ,爱施德,20130318,4.9401,4.8064,4.9476,4.7618,4.9476,-2.8539,41194.39,26871.2755,-0.14120000000000044,深圳,电器连锁,20100528,
002416.SZ,爱施德,20130315,5.0516,4.9476,5.1184,4.9401,5.0293,-1.6245,70455.7,47855.7386,-0.08169999999999966,深圳,电器连锁,20100528,
002416.SZ,爱施德,20130314,4.8138,5.0293,5.0664,4.7841,4.8584,3.5176,58034.75,38839.4384,0.1709000000000005,深圳,电器连锁,20100528,
002416.SZ,爱施德,20130313,4.9401,4.8584,4.9476,4.7544,4.9996,-2.8242,40962.98,26753.6677,-0.14120000000000044,深圳,电器连锁,20100528,
002416.SZ,爱施德,20130312,5.2744,4.9996,5.3561,4.8733,5.2893,-5.4771,78849.19,54291.3308,-0.28969999999999985,深圳,电器连锁,20100528,
002416.SZ,爱施德,20130311,5.2521,5.2893,5.4082,5.2373,5.2521,0.7083,68335.26,49042.7332,0.037199999999999456,深圳,电器连锁,20100528,
002416.SZ,爱施德,20130308,5.2299,5.2521,5.319,5.215,5.2224,0.5687,45945.42,32532.4969,0.02970000000000006,深圳,电器连锁,20100528,
002416.SZ,爱施德,20130307,5.423,5.2224,5.423,5.1853,5.423,-3.6991,110333.5,78497.6277,-0.20059999999999967,深圳,电器连锁,20100528,
002416.SZ,爱施德,20130306,5.3561,5.423,5.4602,5.2819,5.4082,0.2737,116053.6,84319.4453,0.014800000000000146,深圳,电器连锁,20100528,
002416.SZ,爱施德,20130305,5.2224,5.4082,5.4304,5.2224,5.2819,2.3912,129884.78,93438.2152,0.12629999999999963,深圳,电器连锁,20100528,
002416.SZ,爱施德,20130304,5.6087,5.2819,5.8093,5.1853,5.7573,-8.2573,237797.29,175490.8302,-0.4753999999999996,深圳,电器连锁,20100528,
002416.SZ,爱施德,20130301,5.8316,5.7573,5.8984,5.6979,6.0396,-4.6742,315921.67,246417.2326,-0.2823000000000002,深圳,电器连锁,20100528,
002416.SZ,爱施德,20130228,5.9282,6.0396,6.0396,5.6607,5.4899,10.0129,445111.25,354610.2,0.5497000000000005,深圳,电器连锁,20100528,
002416.SZ,爱施德,20130227,5.4899,5.4899,5.4899,5.4899,4.9921,9.9718,99155.64,73276.018,0.4977999999999998,深圳,电器连锁,20100528,
002416.SZ,爱施德,20130226,5.0516,4.9921,5.1407,4.9773,5.111,-2.3264,50882.84,34580.7436,-0.1189,深圳,电器连锁,20100528,
002416.SZ,爱施德,20130225,5.3116,5.111,5.3339,5.059,5.3041,-3.6406,99687.16,68965.7248,-0.19310000000000027,深圳,电器连锁,20100528,
002416.SZ,爱施德,20130222,5.6384,5.3041,5.7796,5.2893,5.423,-2.1925,194316.36,144567.9162,-0.1189,深圳,电器连锁,20100528,
002416.SZ,爱施德,20130221,4.9253,5.423,5.423,4.8881,4.9327,9.9398,78911.63,56907.7817,0.4903000000000004,深圳,电器连锁,20100528,
002416.SZ,爱施德,20130220,4.8361,4.9327,4.9476,4.8138,4.8436,1.8395,23845.36,15687.9426,0.08909999999999929,深圳,电器连锁,20100528,
002416.SZ,爱施德,20130219,4.903,4.8436,4.9624,4.8287,4.9179,-1.5108,26039.57,17062.5993,-0.07430000000000003,深圳,电器连锁,20100528,
002416.SZ,爱施德,20130218,4.7247,4.9179,4.9476,4.695,4.7247,4.0891,44026.97,28889.9945,0.19320000000000004,深圳,电器连锁,20100528,
002416.SZ,爱施德,20130208,4.6504,4.7247,4.7396,4.6504,4.6801,0.953,15952.09,10110.1416,0.04459999999999997,深圳,电器连锁,20100528,
002416.SZ,爱施德,20130207,4.7396,4.6801,4.7396,4.643,4.7098,-0.6306,17290.89,10851.865,-0.02970000000000006,深圳,电器连锁,20100528,
002416.SZ,爱施德,20130206,4.799,4.7098,4.8064,4.7024,4.7693,-1.2476,18824.82,11986.0327,-0.059499999999999886,深圳,电器连锁,20100528,
002416.SZ,爱施德,20130205,4.7024,4.7693,4.799,4.643,4.7024,1.4227,20271.08,12927.1588,0.0669000000000004,深圳,电器连锁,20100528,
002416.SZ,爱施德,20130204,4.7321,4.7024,4.8287,4.6356,4.7321,-0.6276,24462.86,15478.4325,-0.02970000000000006,深圳,电器连锁,20100528,
002416.SZ,爱施德,20130201,4.6801,4.7321,4.7544,4.5464,4.7024,0.6316,24744.51,15564.4679,0.02970000000000006,深圳,电器连锁,20100528,
002416.SZ,爱施德,20130131,4.7767,4.7024,4.8287,4.7024,4.7916,-1.8616,23302.1,14844.0095,-0.08919999999999995,深圳,电器连锁,20100528,
002416.SZ,爱施德,20130130,4.8733,4.7916,4.903,4.6876,4.8733,-1.6765,36945.29,23831.3327,-0.08170000000000055,深圳,电器连锁,20100528,
002416.SZ,爱施德,20130129,4.6876,4.8733,4.9179,4.643,4.643,4.9602,64944.29,41977.6187,0.23030000000000062,深圳,电器连锁,20100528,
002416.SZ,爱施德,20130128,4.5464,4.643,4.643,4.5241,4.5167,2.7963,34917.01,21623.4754,0.12629999999999963,深圳,电器连锁,20100528,
002416.SZ,爱施德,20130125,4.5464,4.5167,4.6727,4.4721,4.5761,-1.298,33349.86,20510.006,-0.05940000000000012,深圳,电器连锁,20100528,
002416.SZ,爱施德,20130124,4.7916,4.5761,4.8064,4.5316,4.7618,-3.8998,74104.17,46585.6831,-0.18569999999999975,深圳,电器连锁,20100528,
002416.SZ,爱施德,20130123,4.7618,4.7618,4.903,4.6133,4.8138,-1.0802,75699.77,48462.7166,-0.0519999999999996,深圳,电器连锁,20100528,
002416.SZ,爱施德,20130122,5.111,4.8138,5.3561,4.799,5.059,-4.8468,142424.23,97699.109,-0.24520000000000053,深圳,电器连锁,20100528,
002416.SZ,爱施德,20130121,4.9847,5.059,5.0961,4.8881,4.9921,1.3401,102641.55,69049.7885,0.0669000000000004,深圳,电器连锁,20100528,
002416.SZ,爱施德,20130118,4.8287,4.9921,4.9996,4.7618,4.9104,1.6638,93508.69,61725.7139,0.08169999999999966,深圳,电器连锁,20100528,
002416.SZ,爱施德,20130117,4.8213,4.9104,5.0664,4.7544,4.8658,0.9166,84427.77,55785.5436,0.04459999999999997,深圳,电器连锁,20100528,
002416.SZ,爱施德,20130116,5.007,4.8658,5.0144,4.7767,5.0441,-3.5348,97532.4,64226.8197,-0.17830000000000013,深圳,电器连锁,20100528,
002416.SZ,爱施德,20130115,4.9401,5.0441,5.0441,4.8807,4.9996,0.8901,131216.48,87561.368,0.044500000000000206,深圳,电器连锁,20100528,
002416.SZ,爱施德,20130114,4.7544,4.9996,5.1927,4.6876,4.851,3.0633,209300.72,141452.1814,0.14860000000000007,深圳,电器连锁,20100528,
002416.SZ,爱施德,20130111,4.8138,4.851,5.0813,4.7693,4.9773,-2.5375,259793.72,172364.998,-0.12629999999999963,深圳,电器连锁,20100528,
002416.SZ,爱施德,20130110,4.9699,4.9773,4.9773,4.7173,4.5241,10.0175,302783.83,199975.8588,0.4531999999999998,深圳,电器连锁,20100528,
002416.SZ,爱施德,20130109,4.1601,4.5241,4.5241,4.1081,4.1155,9.9283,84123.9,49134.7648,0.40859999999999985,深圳,电器连锁,20100528,
002416.SZ,爱施德,20130108,3.9967,4.1155,4.227,3.9744,4.0041,2.7821,58604.15,32438.3803,0.11139999999999972,深圳,电器连锁,20100528,
002416.SZ,爱施德,20130107,3.9373,4.0041,4.0041,3.8704,3.967,0.9352,30287.95,16129.7741,0.03710000000000013,深圳,电器连锁,20100528,
002416.SZ,爱施德,20130104,4.0561,3.967,4.071,3.915,4.0338,-1.656,49694.43,26633.6328,-0.06680000000000019,深圳,电器连锁,20100528,
002416.SZ,爱施德,20121231,4.0561,4.0338,4.0635,4.0041,4.0561,-0.5498,21024.15,11420.483,-0.022299999999999542,深圳,电器连锁,20100528,
002416.SZ,爱施德,20121228,3.9744,4.0561,4.0858,3.9521,3.9744,2.0557,31472.16,17018.3098,0.08169999999999966,深圳,电器连锁,20100528,
002416.SZ,爱施德,20121227,4.0115,3.9744,4.0487,3.967,4.019,-1.1097,21930.53,11813.3515,-0.04459999999999997,深圳,电器连锁,20100528,
002416.SZ,爱施德,20121226,3.9818,4.019,4.0264,3.9373,3.9893,0.7445,21604.44,11608.0338,0.02970000000000006,深圳,电器连锁,20100528,
002416.SZ,爱施德,20121225,3.863,3.9893,4.0264,3.863,3.8555,3.4704,41314.3,22103.7859,0.13379999999999992,深圳,电器连锁,20100528,
002416.SZ,爱施德,20121224,3.8481,3.8555,3.8927,3.8332,3.8481,0.1923,12963.63,6751.0165,0.007400000000000073,深圳,电器连锁,20100528,
002416.SZ,爱施德,20121221,3.863,3.8481,3.9001,3.8481,3.863,-0.3857,16226.12,8462.2335,-0.014899999999999913,深圳,电器连锁,20100528,
002416.SZ,爱施德,20121220,3.863,3.863,3.8927,3.8035,3.8704,-0.1912,16947.63,8788.691,-0.007400000000000073,深圳,电器连锁,20100528,
002416.SZ,爱施德,20121219,3.8778,3.8704,3.9001,3.8407,3.8853,-0.3835,20817.31,10854.9341,-0.014899999999999913,深圳,电器连锁,20100528,
002416.SZ,爱施德,20121218,3.863,3.8853,3.915,3.8407,3.863,0.5773,18577.23,9685.9862,0.022299999999999986,深圳,电器连锁,20100528,
002416.SZ,爱施德,20121217,3.863,3.863,3.9075,3.8258,3.863,0.0,22310.34,11590.638,0.0,深圳,电器连锁,20100528,
002416.SZ,爱施德,20121214,3.6698,3.863,3.8778,3.6624,3.6698,5.2646,31838.49,16291.6891,0.19320000000000004,深圳,电器连锁,20100528,
002416.SZ,爱施德,20121213,3.6995,3.6698,3.7367,3.655,3.6995,-0.8028,10996.08,5473.9962,-0.02970000000000006,深圳,电器连锁,20100528,
002416.SZ,爱施德,20121212,3.7218,3.6995,3.7664,3.655,3.7292,-0.7964,21721.81,10814.2844,-0.02970000000000006,深圳,电器连锁,20100528,
002416.SZ,爱施德,20121211,3.7738,3.7292,3.8184,3.7292,3.7887,-1.5705,15691.97,7948.6076,-0.059499999999999886,深圳,电器连锁,20100528,
002416.SZ,爱施德,20121210,3.7218,3.7887,3.8184,3.6921,3.6995,2.4111,17896.45,9076.9032,0.08919999999999995,深圳,电器连锁,20100528,
002416.SZ,爱施德,20121207,3.6401,3.6995,3.7144,3.5955,3.603,2.6783,17605.76,8680.5819,0.09649999999999981,深圳,电器连锁,20100528,
002416.SZ,爱施德,20121206,3.6104,3.603,3.6624,3.603,3.6327,-0.8176,7489.96,3651.6639,-0.029699999999999616,深圳,电器连锁,20100528,
002416.SZ,爱施德,20121205,3.4915,3.6327,3.6995,3.4692,3.4915,4.0441,18996.6,9236.6297,0.1412,深圳,电器连锁,20100528,
002416.SZ,爱施德,20121204,3.4767,3.4915,3.5064,3.3652,3.4767,0.4257,11733.77,5426.6764,0.014799999999999702,深圳,电器连锁,20100528,
002416.SZ,爱施德,20121203,3.6401,3.4767,3.6475,3.4767,3.6104,-3.7032,6826.84,3289.664,-0.1336999999999997,深圳,电器连锁,20100528,
002416.SZ,爱施德,20121130,3.5955,3.6104,3.655,3.551,3.5881,0.6215,8173.1,3976.6927,0.022299999999999986,深圳,电器连锁,20100528,
002416.SZ,爱施德,20121129,3.7292,3.5881,3.7292,3.5807,3.6698,-2.2263,7831.16,3858.6219,-0.0817000000000001,深圳,电器连锁,20100528,
002416.SZ,爱施德,20121128,3.7812,3.6698,3.7812,3.6698,3.7738,-2.7558,8803.34,4388.0879,-0.10400000000000009,深圳,电器连锁,20100528,
002416.SZ,爱施德,20121127,3.9818,3.7738,3.9967,3.7738,3.9967,-5.5771,10490.81,5397.5976,-0.2229000000000001,深圳,电器连锁,20100528,
002416.SZ,爱施德,20121126,4.0561,3.9967,4.0561,3.9818,4.0561,-1.4645,6169.95,3344.0042,-0.059399999999999675,深圳,电器连锁,20100528,
002416.SZ,爱施德,20121123,4.0858,4.0561,4.0933,4.0413,4.0561,0.0,5480.73,3003.607,0.0,深圳,电器连锁,20100528,
002416.SZ,爱施德,20121122,4.0784,4.0561,4.0933,4.0115,4.0784,-0.5468,5195.0,2834.1171,-0.02230000000000043,深圳,电器连锁,20100528,
002416.SZ,爱施德,20121121,4.0858,4.0784,4.1007,3.9595,4.0561,0.5498,8403.71,4585.8303,0.02230000000000043,深圳,电器连锁,20100528,
002416.SZ,爱施德,20121120,4.0561,4.0561,4.1007,4.0115,4.0413,0.3662,8116.19,4435.0578,0.014800000000000146,深圳,电器连锁,20100528,
002416.SZ,爱施德,20121119,4.0561,4.0413,4.0635,3.9818,4.0413,0.0,6396.72,3463.6976,0.0,深圳,电器连锁,20100528,
002416.SZ,爱施德,20121116,4.0338,4.0413,4.071,3.967,4.0487,-0.1828,8569.94,4630.6024,-0.007400000000000517,深圳,电器连锁,20100528,
002416.SZ,爱施德,20121115,4.1453,4.0487,4.1675,4.0264,4.1675,-2.8506,7013.04,3875.5602,-0.11880000000000024,深圳,电器连锁,20100528,
002416.SZ,爱施德,20121114,4.2195,4.1675,4.2715,4.1007,4.2195,-1.2324,10223.52,5744.7057,-0.0519999999999996,深圳,电器连锁,20100528,
002416.SZ,爱施德,20121113,4.2864,4.2195,4.2864,4.2121,4.279,-1.3905,7012.98,3998.6695,-0.059499999999999886,深圳,电器连锁,20100528,
002416.SZ,爱施德,20121112,4.2715,4.279,4.2864,4.2418,4.2567,0.5239,6370.93,3660.4229,0.022299999999999542,深圳,电器连锁,20100528,
002416.SZ,爱施德,20121109,4.3235,4.2567,4.3384,4.2344,4.331,-1.7155,9141.81,5270.5165,-0.07430000000000003,深圳,电器连锁,20100528,
002416.SZ,爱施德,20121108,4.4647,4.331,4.4796,4.3161,4.5018,-3.794,13885.85,8243.1005,-0.17079999999999984,深圳,电器连锁,20100528,
002416.SZ,爱施德,20121107,4.5093,4.5018,4.5241,4.4647,4.5093,-0.1663,6451.61,3910.0346,-0.007499999999999396,深圳,电器连锁,20100528,
002416.SZ,爱施德,20121106,4.5836,4.5093,4.5836,4.4573,4.5836,-1.621,8640.07,5238.5883,-0.07430000000000003,深圳,电器连锁,20100528,
002416.SZ,爱施德,20121105,4.5687,4.5836,4.591,4.539,4.5836,0.0,5031.38,3098.5305,0.0,深圳,电器连锁,20100528,
002416.SZ,爱施德,20121102,4.5464,4.5836,4.5836,4.5167,4.539,0.9826,6352.73,3892.9707,0.04459999999999997,深圳,电器连锁,20100528,
002416.SZ,爱施德,20121101,4.4647,4.539,4.5613,4.4647,4.4647,1.6642,9231.17,5624.8926,0.07430000000000003,深圳,电器连锁,20100528,
002416.SZ,爱施德,20121031,4.4573,4.4647,4.4944,4.4276,4.4573,0.166,4102.6,2462.1574,0.007399999999999629,深圳,电器连锁,20100528,
002416.SZ,爱施德,20121030,4.4944,4.4573,4.539,4.4573,4.5167,-1.3151,5538.79,3349.4899,-0.05940000000000012,深圳,电器连锁,20100528,
002416.SZ,爱施德,20121029,4.4201,4.5167,4.5241,4.3978,4.4573,1.3326,10191.86,6147.2858,0.05940000000000012,深圳,电器连锁,20100528,
002416.SZ,爱施德,20121026,4.6058,4.4573,4.6281,4.4573,4.6133,-3.3815,15477.28,9438.7676,-0.1559999999999997,深圳,电器连锁,20100528,
002416.SZ,爱施德,20121025,4.643,4.6133,4.7396,4.6133,4.6504,-0.7978,13237.13,8345.2038,-0.03710000000000058,深圳,电器连锁,20100528,
002416.SZ,爱施德,20121024,4.6133,4.6504,4.6876,4.591,4.6207,0.6428,8053.74,5032.4846,0.02970000000000006,深圳,电器连锁,20100528,
002416.SZ,爱施德,20121023,4.747,4.6207,4.7618,4.6207,4.7396,-2.5087,15116.29,9552.3275,-0.1189,深圳,电器连锁,20100528,
002416.SZ,爱施德,20121022,4.7024,4.7396,4.7618,4.6801,4.7321,0.1585,11007.73,7005.9629,0.007500000000000284,深圳,电器连锁,20100528,
002416.SZ,爱施德,20121019,4.6653,4.7321,4.7618,4.643,4.6578,1.5952,16931.14,10733.6528,0.07430000000000003,深圳,电器连锁,20100528,
002416.SZ,爱施德,20121018,4.643,4.6578,4.7173,4.6356,4.5984,1.2918,14369.73,9031.5756,0.05940000000000012,深圳,电器连锁,20100528,
002416.SZ,爱施德,20121017,4.5687,4.5984,4.6356,4.539,4.5687,0.6501,7349.14,4546.4624,0.02970000000000006,深圳,电器连锁,20100528,
002416.SZ,爱施德,20121016,4.5316,4.5687,4.6281,4.5241,4.5538,0.3272,7947.1,4905.4082,0.014899999999999913,深圳,电器连锁,20100528,
002416.SZ,爱施德,20121015,4.6504,4.5538,4.6504,4.5241,4.6504,-2.0772,11549.01,7098.1739,-0.09660000000000046,深圳,电器连锁,20100528,
002416.SZ,爱施德,20121012,4.6801,4.6504,4.7173,4.6133,4.6578,-0.1589,10564.31,6626.9646,-0.007399999999999629,深圳,电器连锁,20100528,
002416.SZ,爱施德,20121011,4.7396,4.6578,4.7767,4.6504,4.7618,-2.184,15311.07,9689.1809,-0.10400000000000009,深圳,电器连锁,20100528,
002416.SZ,爱施德,20121010,4.6801,4.7618,4.7916,4.6578,4.695,1.4228,15845.11,10106.5994,0.06679999999999975,深圳,电器连锁,20100528,
002416.SZ,爱施德,20121009,4.5836,4.695,4.7024,4.5836,4.5761,2.5983,17099.27,10746.7045,0.1189,深圳,电器连锁,20100528,
002416.SZ,爱施德,20121008,4.6058,4.5761,4.6356,4.5538,4.5687,0.162,10390.56,6421.3298,0.007400000000000517,深圳,电器连锁,20100528,
002416.SZ,爱施德,20120928,4.5018,4.5687,4.5836,4.4796,4.5018,1.4861,13942.75,8535.7741,0.06689999999999952,深圳,电器连锁,20100528,
002416.SZ,爱施德,20120927,4.4424,4.5018,4.5613,4.3904,4.4424,1.3371,19048.43,11482.5967,0.05940000000000012,深圳,电器连锁,20100528,
002416.SZ,爱施德,20120926,4.5316,4.4424,4.5613,4.4276,4.5687,-2.7645,17569.94,10623.8905,-0.12629999999999963,深圳,电器连锁,20100528,
002416.SZ,爱施德,20120925,4.643,4.5687,4.6504,4.5316,4.6281,-1.2835,11059.32,6819.6537,-0.05940000000000012,深圳,电器连锁,20100528,
002416.SZ,爱施德,20120924,4.6058,4.6281,4.6727,4.5167,4.6058,0.4842,12986.08,8033.4978,0.022299999999999542,深圳,电器连锁,20100528,
002416.SZ,爱施德,20120921,4.6727,4.6058,4.7396,4.5984,4.6801,-1.5876,16852.8,10571.2827,-0.07430000000000003,深圳,电器连锁,20100528,
002416.SZ,爱施德,20120920,4.9847,4.6801,4.9921,4.6653,5.007,-6.5289,30360.26,19618.7733,-0.3268999999999993,深圳,电器连锁,20100528,
002416.SZ,爱施德,20120919,5.007,5.007,5.059,4.9624,4.9699,0.7465,14359.45,9662.6528,0.03709999999999969,深圳,电器连锁,20100528,
002416.SZ,爱施德,20120918,4.955,4.9699,5.007,4.9401,4.9476,0.4507,17767.63,11901.691,0.022299999999999542,深圳,电器连锁,20100528,
002416.SZ,爱施德,20120917,5.0367,4.9476,5.0961,4.9401,5.0367,-1.769,21781.84,14657.8386,-0.08909999999999929,深圳,电器连锁,20100528,
002416.SZ,爱施德,20120914,5.1927,5.0367,5.215,4.9624,5.1333,-1.8818,34414.74,23508.2633,-0.09660000000000046,深圳,电器连锁,20100528,
002416.SZ,爱施德,20120913,5.1704,5.1333,5.2744,5.1333,5.2299,-1.8471,25072.47,17555.5851,-0.09659999999999958,深圳,电器连锁,20100528,
002416.SZ,爱施德,20120912,5.215,5.2299,5.267,5.1556,5.1853,0.8601,29990.55,21013.6147,0.04459999999999997,深圳,电器连锁,20100528,
002416.SZ,爱施德,20120911,5.2744,5.1853,5.2744,5.1704,5.3041,-2.2398,39628.51,27757.9245,-0.11880000000000024,深圳,电器连锁,20100528,
002416.SZ,爱施德,20120910,5.3487,5.3041,5.3859,5.2447,5.3487,-0.8338,51408.23,36756.8217,-0.04459999999999997,深圳,电器连锁,20100528,
002416.SZ,爱施德,20120907,5.2373,5.3487,5.4602,5.215,5.215,2.5638,86167.72,61701.0797,0.13370000000000015,深圳,电器连锁,20100528,
002416.SZ,爱施德,20120906,5.1259,5.215,5.2373,5.0664,5.1779,0.7165,45265.64,31369.8198,0.03709999999999969,深圳,电器连锁,20100528,
002416.SZ,爱施德,20120905,5.0144,5.1779,5.3933,4.903,4.9476,4.6548,111458.63,77077.8955,0.23029999999999973,深圳,电器连锁,20100528,
002416.SZ,爱施德,20120904,4.8287,4.9476,4.9476,4.7618,4.8213,2.6196,53700.9,35009.7734,0.12630000000000052,深圳,电器连锁,20100528,
002416.SZ,爱施德,20120903,4.7618,4.8213,4.903,4.7618,4.8138,0.1558,32338.8,21070.595,0.007500000000000284,深圳,电器连锁,20100528,
002416.SZ,爱施德,20120831,4.8807,4.8138,4.8807,4.7396,4.8807,-1.3707,39578.78,25659.4937,-0.0669000000000004,深圳,电器连锁,20100528,
002416.SZ,爱施德,20120830,4.7544,4.8807,4.903,4.591,4.7544,2.6565,54213.66,34782.1587,0.12629999999999963,深圳,电器连锁,20100528,
002416.SZ,爱施德,20120829,4.6801,4.7544,4.8658,4.6504,4.7024,1.1058,35659.17,22946.8121,0.05200000000000049,深圳,电器连锁,20100528,
002416.SZ,爱施德,20120828,4.5167,4.7024,4.8881,4.4944,4.5316,3.7691,33782.01,21397.3181,0.17079999999999984,深圳,电器连锁,20100528,
002416.SZ,爱施德,20120827,4.747,4.5316,4.747,4.5316,4.7618,-4.8343,31963.18,19869.9492,-0.23019999999999996,深圳,电器连锁,20100528,
002416.SZ,爱施德,20120824,4.6876,4.7618,4.8733,4.6653,4.6801,1.7457,54462.25,35124.5221,0.08169999999999966,深圳,电器连锁,20100528,
002416.SZ,爱施德,20120823,4.5761,4.6801,4.7024,4.5538,4.5761,2.2727,21860.62,13696.0827,0.10400000000000009,深圳,电器连锁,20100528,
002416.SZ,爱施德,20120822,4.6727,4.5761,4.7024,4.5316,4.695,-2.5325,24704.97,15347.4082,-0.1189,深圳,电器连锁,20100528,
002416.SZ,爱施德,20120821,4.5613,4.695,4.9773,4.5464,4.5538,3.1007,48368.56,31006.0959,0.14120000000000044,深圳,电器连锁,20100528,
002416.SZ,爱施德,20120820,4.5464,4.5538,4.5984,4.4796,4.5687,-0.3261,14003.25,8544.3548,-0.014899999999999913,深圳,电器连锁,20100528,
002416.SZ,爱施德,20120817,4.6504,4.5687,4.6578,4.5167,4.643,-1.6003,16179.97,9974.3867,-0.07430000000000003,深圳,电器连锁,20100528,
002416.SZ,爱施德,20120816,4.643,4.643,4.7396,4.5984,4.6727,-0.6356,18167.04,11388.6036,-0.02970000000000006,深圳,电器连锁,20100528,
002416.SZ,爱施德,20120815,4.5464,4.6727,4.7396,4.4944,4.5613,2.4423,31613.51,19777.0555,0.11139999999999972,深圳,电器连锁,20100528,
002416.SZ,爱施德,20120814,4.4721,4.5613,4.5687,4.4721,4.539,0.4913,18886.97,11490.6978,0.02230000000000043,深圳,电器连锁,20100528,
002416.SZ,爱施德,20120813,4.6876,4.539,4.695,4.539,4.7098,-3.6265,22804.34,14136.7976,-0.17080000000000073,深圳,电器连锁,20100528,
002416.SZ,爱施德,20120810,4.6801,4.7098,4.7321,4.6356,4.6876,0.4736,22249.29,14022.2087,0.022200000000000664,深圳,电器连锁,20100528,
002416.SZ,爱施德,20120809,4.643,4.6876,4.7098,4.5984,4.6504,0.7999,24496.4,15353.6808,0.037199999999999456,深圳,电器连锁,20100528,
002416.SZ,爱施德,20120808,4.6801,4.6504,4.7173,4.6133,4.6801,-0.6346,20393.97,12805.6839,-0.02970000000000006,深圳,电器连锁,20100528,
002416.SZ,爱施德,20120807,4.5836,4.6801,4.6876,4.5538,4.5687,2.4383,25578.45,15937.0978,0.11140000000000061,深圳,电器连锁,20100528,
002416.SZ,爱施德,20120806,4.4944,4.5687,4.5761,4.4647,4.4796,1.989,20394.91,12472.3952,0.08910000000000018,深圳,电器连锁,20100528,
002416.SZ,爱施德,20120803,4.3904,4.4796,4.4796,4.3458,4.383,2.204,14370.78,8563.7837,0.09659999999999958,深圳,电器连锁,20100528,
002416.SZ,爱施德,20120802,4.487,4.383,4.487,4.331,4.4721,-1.9924,13335.06,7898.3035,-0.08910000000000018,深圳,电器连锁,20100528,
002416.SZ,爱施德,20120801,4.3458,4.4721,4.5093,4.3458,4.3978,1.6895,11140.87,6688.4594,0.07430000000000003,深圳,电器连锁,20100528,
002416.SZ,爱施德,20120731,4.4944,4.3978,4.5167,4.3235,4.4944,-2.1493,14391.04,8547.3287,-0.09659999999999958,深圳,电器连锁,20100528,
002416.SZ,爱施德,20120730,4.6133,4.4944,4.6653,4.4573,4.6504,-3.3546,20550.89,12564.8099,-0.15600000000000058,深圳,电器连锁,20100528,
002416.SZ,爱施德,20120727,4.5836,4.6504,4.7396,4.5836,4.5836,1.4574,28525.02,17963.9246,0.06680000000000064,深圳,电器连锁,20100528,
002416.SZ,爱施德,20120726,4.6058,4.5836,4.6801,4.5687,4.6058,-0.482,13023.95,8088.3984,-0.022200000000000664,深圳,电器连锁,20100528,
002416.SZ,爱施德,20120725,4.591,4.6058,4.6504,4.5687,4.6058,0.0,10345.0,6426.2756,0.0,深圳,电器连锁,20100528,
002416.SZ,爱施德,20120724,4.539,4.6058,4.643,4.5316,4.5538,1.1419,14517.25,8975.1892,0.05200000000000049,深圳,电器连锁,20100528,
002416.SZ,爱施德,20120723,4.591,4.5538,4.5984,4.5167,4.643,-1.9212,15134.73,9282.3075,-0.08919999999999995,深圳,电器连锁,20100528,
002416.SZ,爱施德,20120720,4.643,4.643,4.747,4.6207,4.695,-1.1076,22018.07,13863.9984,-0.05200000000000049,深圳,电器连锁,20100528,
002416.SZ,爱施德,20120719,4.5613,4.695,4.7321,4.5316,4.5538,3.1007,43405.36,27203.1123,0.14120000000000044,深圳,电器连锁,20100528,
002416.SZ,爱施德,20120718,4.4944,4.5538,4.5836,4.4647,4.5167,0.8214,20121.1,12248.6185,0.03709999999999969,深圳,电器连锁,20100528,
002416.SZ,爱施德,20120717,4.4498,4.5167,4.591,4.3087,4.4944,0.4962,26268.34,15781.6559,0.02230000000000043,深圳,电器连锁,20100528,
002416.SZ,爱施德,20120716,4.5316,4.4944,4.6801,4.4944,4.9921,-9.9698,52570.71,32240.7155,-0.49770000000000003,深圳,电器连锁,20100528,
002416.SZ,爱施德,20120713,5.0441,4.9921,5.0664,4.9773,5.059,-1.3224,20406.75,13771.7894,-0.0669000000000004,深圳,电器连锁,20100528,
002416.SZ,爱施德,20120712,4.9773,5.059,5.1259,4.9253,4.9773,1.6415,26847.67,18216.4138,0.08170000000000055,深圳,电器连锁,20100528,
002416.SZ,爱施德,20120711,4.9996,4.9773,4.9996,4.903,4.9996,-0.446,16697.49,11152.8127,-0.02230000000000043,深圳,电器连锁,20100528,
002416.SZ,爱施德,20120710,4.9476,4.9996,5.0144,4.8584,4.9476,1.051,18548.5,12368.5167,0.0519999999999996,深圳,电器连锁,20100528,
002416.SZ,爱施德,20120709,5.1481,4.9476,5.1481,4.9401,5.2299,-5.3978,33278.4,22562.6307,-0.28229999999999933,深圳,电器连锁,20100528,
002416.SZ,爱施德,20120706,5.1853,5.2299,5.267,4.8287,5.163,1.2958,33341.97,22836.5164,0.06689999999999952,深圳,电器连锁,20100528,
002416.SZ,爱施德,20120705,5.3784,5.163,5.3784,5.163,5.4082,-4.5339,25165.65,17833.1864,-0.24519999999999964,深圳,电器连锁,20100528,
002416.SZ,爱施德,20120704,5.2596,5.4082,5.527,5.1927,5.2224,3.5578,52045.3,37708.1633,0.18579999999999952,深圳,电器连锁,20100528,
002416.SZ,爱施德,20120703,5.3487,5.2224,5.371,5.2001,5.3413,-2.226,23172.03,16483.9223,-0.1189,深圳,电器连锁,20100528,
002416.SZ,爱施德,20120702,5.267,5.3413,5.423,5.2373,5.2447,1.8419,28371.9,20442.9567,0.09660000000000046,深圳,电器连锁,20100528,
002416.SZ,爱施德,20120629,5.1481,5.2447,5.267,5.0293,5.1779,1.2901,26297.98,18279.6531,0.06679999999999975,深圳,电器连锁,20100528,
002416.SZ,爱施德,20120628,5.3636,5.1779,5.4007,5.1779,5.3636,-3.4622,27114.25,19237.3231,-0.18569999999999975,深圳,电器连锁,20100528,
002416.SZ,爱施德,20120627,5.4602,5.3636,5.475,5.3487,5.4527,-1.6341,18139.06,13235.1373,-0.08910000000000018,深圳,电器连锁,20100528,
002416.SZ,爱施德,20120626,5.4676,5.4527,5.475,5.3339,5.4824,-0.5417,20737.17,15111.2783,-0.02970000000000006,深圳,电器连锁,20100528,
002416.SZ,爱施德,20120625,5.7424,5.4824,5.7647,5.4824,5.735,-4.4045,22641.65,17108.9821,-0.25260000000000016,深圳,电器连锁,20100528,
002416.SZ,爱施德,20120621,5.8539,5.735,5.8613,5.735,5.8613,-2.1548,20362.91,15813.0696,-0.12629999999999963,深圳,电器连锁,20100528,
002416.SZ,爱施德,20120620,5.8464,5.8613,5.9207,5.8464,5.8242,0.637,22246.92,17631.3242,0.03709999999999969,深圳,电器连锁,20100528,
002416.SZ,爱施德,20120619,5.9059,5.8242,5.9059,5.8093,5.9133,-1.5068,26490.86,20889.5653,-0.08909999999999929,深圳,电器连锁,20100528,
002416.SZ,爱施德,20120618,5.8762,5.9133,5.9505,5.8539,5.8464,1.1443,22685.3,18013.453,0.06689999999999952,深圳,电器连锁,20100528,
002416.SZ,爱施德,20120615,5.8539,5.8464,5.8836,5.7796,5.8242,0.3812,21891.81,17189.2936,0.022199999999999775,深圳,电器连锁,20100528,
002416.SZ,爱施德,20120614,5.8613,5.8242,5.9207,5.8019,5.8613,-0.633,24931.53,19688.1029,-0.03709999999999969,深圳,电器连锁,20100528,
002416.SZ,爱施德,20120613,5.7722,5.8613,5.8762,5.7722,5.7722,1.5436,23722.88,18608.3667,0.08910000000000018,深圳,电器连锁,20100528,
002416.SZ,爱施德,20120612,5.839,5.7722,5.839,5.7424,5.8836,-1.8934,27519.28,21427.1963,-0.11140000000000061,深圳,电器连锁,20100528,
002416.SZ,爱施德,20120611,5.9282,5.8836,5.995,5.7276,5.9727,-1.4918,42755.33,33641.8121,-0.08909999999999929,深圳,电器连锁,20100528,
002416.SZ,爱施德,20120608,6.2773,5.9727,6.2773,5.9653,6.203,-3.7127,37599.61,30882.4541,-0.23030000000000062,深圳,电器连锁,20100528,
002416.SZ,爱施德,20120607,6.2604,6.2027,6.3253,6.1666,6.2243,-0.347,23452.69,20306.5867,-0.021600000000000286,深圳,电器连锁,20100528,
002416.SZ,爱施德,20120606,6.2027,6.2243,6.2459,6.1666,6.1955,0.4649,18293.93,15743.5676,0.02880000000000038,深圳,电器连锁,20100528,
002416.SZ,爱施德,20120605,6.1378,6.1955,6.2387,6.1233,6.1378,0.9401,20662.91,17700.9491,0.05769999999999964,深圳,电器连锁,20100528,
002416.SZ,爱施德,20120604,6.3397,6.1378,6.3469,6.1089,6.4263,-4.4894,36449.7,31569.6542,-0.2885,深圳,电器连锁,20100528,
002416.SZ,爱施德,20120601,6.4551,6.4263,6.5272,6.3758,6.4695,-0.6677,34806.74,31070.201,-0.04319999999999968,深圳,电器连锁,20100528,
002416.SZ,爱施德,20120531,6.3541,6.4695,6.6138,6.3397,6.3902,1.241,64665.81,58224.091,0.07929999999999993,深圳,电器连锁,20100528,
002416.SZ,爱施德,20120530,6.3109,6.3902,6.419,6.2676,6.3181,1.1412,42146.61,37147.6582,0.07209999999999983,深圳,电器连锁,20100528,
002416.SZ,爱施德,20120529,6.2532,6.3181,6.383,6.2027,6.2387,1.2727,38906.07,34079.5657,0.07940000000000058,深圳,电器连锁,20100528,
002416.SZ,爱施德,20120528,6.2027,6.2387,6.2459,6.044,6.2099,0.4638,34707.72,29615.1122,0.028799999999999493,深圳,电器连锁,20100528,
002416.SZ,爱施德,20120525,6.4046,6.2099,6.4046,6.2027,6.3686,-2.4919,35205.71,30533.6843,-0.15869999999999962,深圳,电器连锁,20100528,
002416.SZ,爱施德,20120524,6.4623,6.3686,6.5128,6.3613,6.52,-2.3221,44411.06,39575.0884,-0.15139999999999976,深圳,电器连锁,20100528,
002416.SZ,爱施德,20120523,6.1738,6.52,6.6715,6.0945,6.2099,4.9936,90870.07,80887.562,0.3100999999999994,深圳,电器连锁,20100528,
002416.SZ,爱施德,20120522,6.1955,6.2099,6.2459,6.1594,6.1522,0.9379,22967.03,19725.6543,0.05770000000000053,深圳,电器连锁,20100528,
002416.SZ,爱施德,20120521,6.3686,6.1522,6.3758,6.1305,6.4695,-4.9046,45356.99,39142.908,-0.31730000000000036,深圳,电器连锁,20100528,
002416.SZ,爱施德,20120517,6.4767,6.4695,6.484,6.3686,6.484,-0.2236,65153.89,58040.063,-0.014499999999999957,深圳,电器连锁,20100528,
002416.SZ,爱施德,20120516,6.1955,6.484,6.6282,6.1522,6.2027,4.5351,117386.45,104783.4162,0.2812999999999999,深圳,电器连锁,20100528,
002416.SZ,爱施德,20120515,6.181,6.2027,6.2459,6.044,6.2459,-0.6917,33729.04,28784.1044,-0.04319999999999968,深圳,电器连锁,20100528,
002416.SZ,爱施德,20120514,6.2387,6.2459,6.2964,6.1594,6.2027,0.6965,30588.42,26490.9336,0.04319999999999968,深圳,电器连锁,20100528,
002416.SZ,爱施德,20120511,6.2315,6.2027,6.2892,6.1955,6.2243,-0.347,24304.2,21021.6174,-0.021600000000000286,深圳,电器连锁,20100528,
002416.SZ,爱施德,20120510,6.2099,6.2243,6.282,6.2027,6.2243,0.0,25488.52,22067.9289,0.0,深圳,电器连锁,20100528,
002416.SZ,爱施德,20120509,6.3686,6.2243,6.3686,6.2171,6.4046,-2.8152,34921.38,30425.4774,-0.1802999999999999,深圳,电器连锁,20100528,
002416.SZ,爱施德,20120508,6.4118,6.4046,6.4551,6.3181,6.4046,0.0,45379.57,40175.6239,0.0,深圳,电器连锁,20100528,
002416.SZ,爱施德,20120507,6.3109,6.4046,6.4118,6.282,6.3109,1.4847,48451.03,42637.5817,0.09370000000000012,深圳,电器连锁,20100528,
002416.SZ,爱施德,20120504,6.1882,6.3109,6.3109,6.1594,6.1882,1.9828,39780.58,34500.6321,0.12270000000000003,深圳,电器连锁,20100528,
002416.SZ,爱施德,20120503,6.2676,6.1882,6.2676,6.1233,6.282,-1.4932,45457.13,39036.7436,-0.09379999999999988,深圳,电器连锁,20100528,
002416.SZ,爱施德,20120502,6.3109,6.282,6.4335,6.282,6.282,0.0,45857.75,40379.0976,0.0,深圳,电器连锁,20100528,
002416.SZ,爱施德,20120427,6.1522,6.282,6.4046,6.1378,6.1666,1.8714,50156.52,43766.1286,0.11540000000000017,深圳,电器连锁,20100528,
002416.SZ,爱施德,20120426,6.2604,6.1666,6.2676,6.044,6.2532,-1.3849,54026.52,46153.564,-0.08659999999999979,深圳,电器连锁,20100528,
002416.SZ,爱施德,20120425,6.1233,6.2532,6.3181,6.0656,6.1378,1.8802,61892.5,53309.2548,0.11539999999999928,深圳,电器连锁,20100528,
002416.SZ,爱施德,20120424,6.5777,6.1378,6.5777,6.0079,6.6715,-7.9997,106820.48,92358.4656,-0.5336999999999996,深圳,电器连锁,20100528,
002416.SZ,爱施德,20120423,7.097,6.6715,7.1619,6.6354,7.1186,-6.2807,88248.81,84427.3261,-0.44709999999999983,深圳,电器连锁,20100528,
002416.SZ,爱施德,20120420,7.0682,7.1186,7.1403,7.0321,7.0754,0.6106,56156.72,55299.5031,0.04319999999999968,深圳,电器连锁,20100528,
002416.SZ,爱施德,20120419,7.1836,7.0754,7.2196,7.0609,7.2124,-1.8995,70485.04,69639.9823,-0.13699999999999957,深圳,电器连锁,20100528,
002416.SZ,爱施德,20120418,7.0754,7.2124,7.2413,6.8878,7.0682,2.0401,104242.62,102181.7207,0.14419999999999966,深圳,电器连锁,20100528,
002416.SZ,爱施德,20120417,7.3567,7.0682,7.3567,6.996,7.436,-4.9462,100121.25,98721.1962,-0.3677999999999999,深圳,电器连锁,20100528,
002416.SZ,爱施德,20120413,7.3206,7.436,7.7028,7.3206,7.2124,3.1002,135327.22,140088.63,0.22360000000000024,深圳,电器连锁,20100528,
002416.SZ,爱施德,20120412,6.996,7.2124,7.2124,6.9744,6.9672,3.5193,96779.72,95172.1195,0.24519999999999964,深圳,电器连锁,20100528,
002416.SZ,爱施德,20120411,6.9239,6.9672,7.0249,6.8734,7.0465,-1.1254,65849.54,63402.8585,-0.07929999999999993,深圳,电器连锁,20100528,
002416.SZ,爱施德,20120410,6.9167,7.0465,7.097,6.7941,6.96,1.2428,82476.93,79451.0482,0.08650000000000002,深圳,电器连锁,20100528,
002416.SZ,爱施德,20120409,7.2701,6.96,7.2917,6.96,7.2629,-4.1705,70389.02,69600.1765,-0.30290000000000017,深圳,电器连锁,20100528,
002416.SZ,爱施德,20120406,7.3494,7.2629,7.3494,7.1908,7.3639,-1.3716,52909.76,53278.1426,-0.10099999999999998,深圳,电器连锁,20100528,
002416.SZ,爱施德,20120405,7.2124,7.3639,7.3999,7.1403,7.3494,0.1973,63047.42,63510.8544,0.014499999999999957,深圳,电器连锁,20100528,
002416.SZ,爱施德,20120330,7.811,7.3494,7.8182,7.1763,7.8255,-6.084,53539.52,55619.9604,-0.47609999999999975,深圳,电器连锁,20100528,
002416.SZ,爱施德,20120329,7.9553,7.8255,8.0274,7.6307,7.9986,-2.1641,25566.51,27812.1705,-0.1730999999999998,深圳,电器连锁,20100528,
002416.SZ,爱施德,20120328,8.3664,7.9986,8.4241,7.9986,8.4097,-4.8884,27491.93,31252.0409,-0.41110000000000113,深圳,电器连锁,20100528,
002416.SZ,爱施德,20120327,8.6044,8.4097,8.6549,8.4097,8.6044,-2.2628,31245.68,36960.7782,-0.1946999999999992,深圳,电器连锁,20100528,
002416.SZ,爱施德,20120326,8.8424,8.6044,8.8424,8.5828,8.8568,-2.8498,21832.2,26274.5375,-0.25239999999999974,深圳,电器连锁,20100528,
002416.SZ,爱施德,20120323,8.828,8.8568,8.9073,8.6909,8.8424,0.1629,19682.1,23944.1932,0.01440000000000019,深圳,电器连锁,20100528,
002416.SZ,爱施德,20120322,8.9434,8.8424,8.9794,8.8063,8.965,-1.3675,19338.91,23851.7637,-0.12260000000000026,深圳,电器连锁,20100528,
002416.SZ,爱施德,20120321,9.0876,8.965,9.1093,8.8063,9.0371,-0.7978,25905.31,32125.7943,-0.07210000000000072,深圳,电器连锁,20100528,
002416.SZ,爱施德,20120320,9.4483,9.0371,9.4555,9.0227,9.441,-4.2781,34408.74,43817.1479,-0.40390000000000015,深圳,电器连锁,20100528,
002416.SZ,爱施德,20120319,9.5132,9.441,9.6069,9.3401,9.506,-0.6838,52330.86,68536.0778,-0.0649999999999995,深圳,电器连锁,20100528,
002416.SZ,爱施德,20120316,9.0155,9.506,9.5276,9.0011,9.3761,1.3854,56678.51,73260.0476,0.12990000000000101,深圳,电器连锁,20100528,
002416.SZ,爱施德,20120315,8.929,9.3761,9.3761,8.5106,8.9794,4.4179,48630.43,59326.0678,0.39669999999999916,深圳,电器连锁,20100528,
002416.SZ,爱施德,20120314,9.5132,8.9794,9.6286,8.7991,9.4771,-5.2516,72110.95,93250.5197,-0.49770000000000003,深圳,电器连锁,20100528,
002416.SZ,爱施德,20120313,9.3617,9.4771,9.4987,9.2752,9.3689,1.1549,43091.8,56238.9894,0.10820000000000007,深圳,电器连锁,20100528,
002416.SZ,爱施德,20120312,9.3761,9.3689,9.4555,9.2968,9.3761,-0.0768,37924.47,49330.9183,-0.007199999999999207,深圳,电器连锁,20100528,
002416.SZ,爱施德,20120309,9.304,9.3761,9.3906,9.2535,9.2679,1.1675,39522.91,51019.9747,0.10820000000000007,深圳,电器连锁,20100528,
002416.SZ,爱施德,20120308,9.2391,9.2679,9.3401,9.2175,9.1958,0.7841,35490.68,45631.1907,0.07209999999999894,深圳,电器连锁,20100528,
002416.SZ,爱施德,20120307,9.1814,9.1958,9.3184,9.1237,9.2679,-0.778,31661.44,40544.2151,-0.07209999999999894,深圳,电器连锁,20100528,
002416.SZ,爱施德,20120306,9.4843,9.2679,9.5348,9.2679,9.4915,-2.3558,39661.81,51549.7411,-0.22360000000000113,深圳,电器连锁,20100528,
002416.SZ,爱施德,20120305,9.7295,9.4915,9.7944,9.4915,9.7223,-2.3739,49552.69,66085.3802,-0.23080000000000034,深圳,电器连锁,20100528,
002416.SZ,爱施德,20120302,9.6646,9.7223,9.7223,9.5997,9.6286,0.9731,41875.94,56143.9435,0.09370000000000012,深圳,电器连锁,20100528,
002416.SZ,爱施德,20120301,9.5853,9.6286,9.7295,9.5132,9.6069,0.2259,32160.89,42922.9443,0.02170000000000094,深圳,电器连锁,20100528,
002416.SZ,爱施德,20120229,9.6069,9.6069,9.7512,9.5132,9.6069,0.0,41247.35,55099.7877,0.0,深圳,电器连锁,20100528,
002416.SZ,爱施德,20120228,9.7295,9.6069,9.7295,9.4987,9.7728,-1.6976,56387.26,74880.6876,-0.1659000000000006,深圳,电器连锁,20100528,
002416.SZ,爱施德,20120227,9.8449,9.7728,9.9531,9.6286,9.881,-1.095,80313.57,108646.4441,-0.10820000000000007,深圳,电器连锁,20100528,
002416.SZ,爱施德,20120224,9.7728,9.881,10.0252,9.7223,9.9675,-0.8678,109892.62,150089.276,-0.08649999999999913,深圳,电器连锁,20100528,
002416.SZ,爱施德,20120223,9.1453,9.9675,10.1551,9.1453,9.2391,7.8839,181553.57,242738.2113,0.7283999999999988,深圳,电器连锁,20100528,
002416.SZ,爱施德,20120222,9.0227,9.2391,9.2607,8.9794,9.0516,2.0715,70423.46,89323.8198,0.1875,深圳,电器连锁,20100528,
002416.SZ,爱施德,20120221,9.0155,9.0516,9.1093,8.8857,9.0588,-0.0795,26605.93,33203.936,-0.007199999999999207,深圳,电器连锁,20100528,
002416.SZ,爱施德,20120220,9.0011,9.0588,9.1093,8.9001,8.9073,1.7009,29022.93,36285.0498,0.1515000000000004,深圳,电器连锁,20100528,
002416.SZ,爱施德,20120217,8.9867,8.9073,9.0516,8.864,8.9867,-0.8835,23006.03,28534.2845,-0.07940000000000147,深圳,电器连锁,20100528,
002416.SZ,爱施德,20120216,9.0155,8.9867,9.1381,8.9001,9.0299,-0.4784,30869.79,38544.3378,-0.043199999999998795,深圳,电器连锁,20100528,
002416.SZ,爱施德,20120215,8.9794,9.0299,9.0444,8.8352,8.9506,0.886,31979.16,39724.5454,0.07929999999999993,深圳,电器连锁,20100528,
002416.SZ,爱施德,20120214,8.7919,8.9506,9.0155,8.7631,8.8208,1.4715,36537.83,45296.7093,0.12979999999999947,深圳,电器连锁,20100528,
002416.SZ,爱施德,20120213,8.6909,8.8208,8.864,8.6405,8.7198,1.1583,22411.98,27184.2842,0.10100000000000087,深圳,电器连锁,20100528,
002416.SZ,爱施德,20120210,8.6693,8.7198,8.828,8.6621,8.7054,0.1654,19013.14,23032.9895,0.01440000000000019,深圳,电器连锁,20100528,
002416.SZ,爱施德,20120209,8.6116,8.7054,8.7631,8.5828,8.6188,1.0048,20458.37,24703.2162,0.0865999999999989,深圳,电器连锁,20100528,
002416.SZ,爱施德,20120208,8.4746,8.6188,8.6837,8.4025,8.4746,1.7016,13193.72,15630.1748,0.14419999999999966,深圳,电器连锁,20100528,
002416.SZ,爱施德,20120207,8.6909,8.4746,8.6909,8.4674,8.7126,-2.7317,9384.47,11111.0321,-0.23799999999999955,深圳,电器连锁,20100528,
002416.SZ,爱施德,20120206,8.6332,8.7126,8.7847,8.6116,8.6332,0.9197,12280.57,14777.6098,0.07939999999999969,深圳,电器连锁,20100528,
002416.SZ,爱施德,20120203,8.5467,8.6332,8.7198,8.5106,8.626,0.0835,12068.54,14409.451,0.007200000000000983,深圳,电器连锁,20100528,
002416.SZ,爱施德,20120202,8.929,8.626,8.929,8.3736,8.4169,2.4843,7575.07,9007.7875,0.2090999999999994,深圳,电器连锁,20100528,
002416.SZ,爱施德,20120201,8.4746,8.4169,8.4962,8.3664,8.5251,-1.2692,6156.91,7198.1841,-0.10820000000000007,深圳,电器连锁,20100528,
002416.SZ,爱施德,20120131,8.5755,8.5251,8.6549,8.1717,8.7631,-2.7159,21090.38,24681.7472,-0.23799999999999955,深圳,电器连锁,20100528,
002416.SZ,爱施德,20120130,8.9362,8.7631,8.9362,8.7631,8.9434,-2.016,11671.43,14262.2355,-0.1803000000000008,深圳,电器连锁,20100528,
002416.SZ,爱施德,20120120,8.7486,8.9434,8.9939,8.7342,8.7631,2.0575,12017.94,14756.8033,0.1803000000000008,深圳,电器连锁,20100528,
002416.SZ,爱施德,20120119,8.929,8.7631,8.929,8.7126,8.8857,-1.3797,12650.51,15461.7594,-0.12260000000000026,深圳,电器连锁,20100528,
002416.SZ,爱施德,20120118,9.0732,8.8857,9.1598,8.8208,9.0732,-2.0665,9368.6,11668.6562,-0.1875,深圳,电器连锁,20100528,
002416.SZ,爱施德,20120117,8.7703,9.0732,9.1381,8.6549,8.7703,3.4537,15255.96,19013.7542,0.3028999999999993,深圳,电器连锁,20100528,
002416.SZ,爱施德,20120116,9.0011,8.7703,9.0011,8.6693,9.066,-3.2616,8568.18,10426.6203,-0.2957000000000001,深圳,电器连锁,20100528,
002416.SZ,爱施德,20120113,9.2463,9.066,9.3401,8.9722,9.3329,-2.8598,12011.05,15139.3908,-0.2668999999999997,深圳,电器连锁,20100528,
002416.SZ,爱施德,20120112,9.2824,9.3329,9.4122,9.203,9.3401,-0.0771,12832.44,16551.3072,-0.007199999999999207,深圳,电器连锁,20100528,
002416.SZ,爱施德,20120111,9.3833,9.3401,9.441,9.2319,9.4987,-1.6697,18313.02,23675.8697,-0.15859999999999985,深圳,电器连锁,20100528,
002416.SZ,爱施德,20120110,9.2319,9.4987,9.542,9.1165,9.2968,2.1717,27397.73,35655.6959,0.2019000000000002,深圳,电器连锁,20100528,
002416.SZ,爱施德,20120109,9.0804,9.2968,9.3329,8.9145,9.1237,1.8973,23036.44,29297.8066,0.1730999999999998,深圳,电器连锁,20100528,
002416.SZ,爱施德,20120106,8.5251,9.1237,9.1237,8.4385,8.5467,6.7511,21864.29,26399.5352,0.577,深圳,电器连锁,20100528,
002416.SZ,爱施德,20120105,8.7631,8.5467,8.8136,8.4385,8.8713,-3.659,8617.5,10302.8297,-0.3246000000000002,深圳,电器连锁,20100528,
002416.SZ,爱施德,20120104,9.0876,8.8713,9.0876,8.8568,9.0083,-1.5208,7069.04,8769.3793,-0.13700000000000045,深圳,电器连锁,20100528,
002416.SZ,爱施德,20111230,8.8568,9.0083,9.0083,8.8352,8.8352,1.9592,11634.61,14414.5313,0.1730999999999998,深圳,电器连锁,20100528,
002416.SZ,爱施德,20111229,8.6549,8.8352,8.8857,8.5972,8.8713,-0.4069,9126.08,11144.6634,-0.036099999999999355,深圳,电器连锁,20100528,
002416.SZ,爱施德,20111228,8.727,8.8713,8.8857,8.4457,8.8568,0.1637,13805.49,16609.5531,0.014499999999999957,深圳,电器连锁,20100528,
002416.SZ,爱施德,20111227,8.9434,8.8568,8.9506,8.7126,8.9434,-0.9683,8218.42,10046.6953,-0.08660000000000068,深圳,电器连锁,20100528,
002416.SZ,爱施德,20111226,8.9434,8.9434,8.9794,8.8496,8.9794,-0.4009,8333.93,10309.2283,-0.03599999999999959,深圳,电器连锁,20100528,
002416.SZ,爱施德,20111223,8.965,8.9794,9.0083,8.8063,8.9794,0.0,12578.21,15585.5923,0.0,深圳,电器连锁,20100528,
002416.SZ,爱施德,20111222,8.9506,8.9794,9.0588,8.6621,9.1237,-1.5816,11635.93,14324.8834,-0.14429999999999943,深圳,电器连锁,20100528,
002416.SZ,爱施德,20111221,9.2391,9.1237,9.3545,8.8785,9.2319,-1.172,12177.56,15420.9103,-0.10820000000000007,深圳,电器连锁,20100528,
002416.SZ,爱施德,20111220,9.1381,9.2319,9.2968,9.1093,9.2247,0.0781,14850.36,19013.671,0.007199999999999207,深圳,电器连锁,20100528,
002416.SZ,爱施德,20111219,9.1165,9.2247,9.2824,8.9939,9.1525,0.7889,12901.05,16314.8373,0.07220000000000049,深圳,电器连锁,20100528,
002416.SZ,爱施德,20111216,8.8713,9.1525,9.1525,8.8063,8.9506,2.2557,13497.43,16814.1172,0.2019000000000002,深圳,电器连锁,20100528,
002416.SZ,爱施德,20111215,8.8352,8.9506,8.9506,8.6765,8.9794,-0.3207,12426.21,15259.6079,-0.02880000000000038,深圳,电器连锁,20100528,
002416.SZ,爱施德,20111214,8.8063,8.9794,8.9794,8.6909,8.9073,0.8094,8559.42,10527.6247,0.07210000000000072,深圳,电器连锁,20100528,
002416.SZ,爱施德,20111213,9.0155,8.9073,9.0155,8.6116,9.0444,-1.5159,20864.63,25381.1347,-0.13710000000000022,深圳,电器连锁,20100528,
002416.SZ,爱施德,20111212,9.0588,9.0444,9.2102,9.0011,9.1453,-1.1033,4608.85,5791.8588,-0.1009000000000011,深圳,电器连锁,20100528,
002416.SZ,爱施德,20111209,9.0876,9.1453,9.1742,9.0444,9.1886,-0.4712,5061.35,6402.5435,-0.04329999999999856,深圳,电器连锁,20100528,
002416.SZ,爱施德,20111208,9.1237,9.1886,9.2896,9.0011,9.1598,0.3144,8363.51,10599.9934,0.028799999999998604,深圳,电器连锁,20100528,
002416.SZ,爱施德,20111207,9.0299,9.1598,9.1814,9.0227,9.1453,0.1586,5904.5,7456.3227,0.014499999999999957,深圳,电器连锁,20100528,
002416.SZ,爱施德,20111206,9.1886,9.1453,9.2896,8.965,9.2607,-1.2461,8605.44,10834.402,-0.11539999999999928,深圳,电器连锁,20100528,
002416.SZ,爱施德,20111205,9.6213,9.2607,9.6286,9.2391,9.6286,-3.8209,12725.03,16492.9222,-0.36790000000000056,深圳,电器连锁,20100528,
002416.SZ,爱施德,20111202,9.7728,9.6286,9.7728,9.4338,9.7872,-1.6205,10404.07,13760.3789,-0.15859999999999985,深圳,电器连锁,20100528,
002416.SZ,爱施德,20111201,9.9315,9.7872,9.9315,9.6574,9.6358,1.5712,17913.59,24324.4794,0.15140000000000065,深圳,电器连锁,20100528,
002416.SZ,爱施德,20111130,10.2777,9.6358,10.2921,9.4483,10.2705,-6.1798,19599.78,26687.967,-0.6347000000000005,深圳,电器连锁,20100528,
002416.SZ,爱施德,20111129,10.3426,10.2705,10.3787,10.1911,10.2416,0.2822,13507.09,19224.0087,0.028900000000000148,深圳,电器连锁,20100528,
002416.SZ,爱施德,20111128,10.2777,10.2416,10.3354,10.1551,10.2705,-0.2814,6453.0,9183.7868,-0.028900000000000148,深圳,电器连锁,20100528,
002416.SZ,爱施德,20111125,10.22,10.2705,10.3137,10.1767,10.2777,-0.0701,8842.14,12571.0298,-0.007199999999999207,深圳,电器连锁,20100528,
002416.SZ,爱施德,20111124,10.4508,10.2777,10.494,10.1695,10.5662,-2.7304,14780.26,21176.8095,-0.28850000000000087,深圳,电器连锁,20100528,
002416.SZ,爱施德,20111123,10.559,10.5662,10.5662,10.4075,10.595,-0.2718,9377.21,13673.7787,-0.02880000000000038,深圳,电器连锁,20100528,
002416.SZ,爱施德,20111122,10.5157,10.595,10.6239,10.3714,10.6744,-0.7438,17613.7,25619.5099,-0.07939999999999969,深圳,电器连锁,20100528,
002416.SZ,爱施德,20111121,10.7825,10.6744,10.8402,10.5517,10.7825,-1.0026,11866.55,17595.9235,-0.10810000000000031,深圳,电器连锁,20100528,
002416.SZ,爱施德,20111118,10.7032,10.7825,10.7898,10.458,10.8547,-0.6651,27202.12,40278.7134,-0.07219999999999871,深圳,电器连锁,20100528,
002416.SZ,爱施德,20111117,10.7104,10.8547,10.8547,10.6311,10.7825,0.6696,22731.12,33867.8176,0.07219999999999871,深圳,电器连锁,20100528,
002416.SZ,爱施德,20111116,11.0206,10.7825,11.1071,10.6744,11.0999,-2.8595,36499.39,54828.2286,-0.31739999999999924,深圳,电器连锁,20100528,
002416.SZ,爱施德,20111115,11.1792,11.0999,11.2369,10.9196,11.2369,-1.2192,42502.6,65151.6424,-0.13700000000000045,深圳,电器连锁,20100528,
002416.SZ,爱施德,20111114,10.8114,11.2369,11.2514,10.7537,10.7321,4.7036,67545.69,102853.8118,0.5047999999999995,深圳,电器连锁,20100528,
002416.SZ,爱施德,20111111,10.6022,10.7321,10.8763,10.5013,10.6167,1.087,40291.27,60077.2655,0.11540000000000106,深圳,电器连锁,20100528,
002416.SZ,爱施德,20111110,10.6455,10.6167,10.6599,10.4652,10.797,-1.6699,33385.04,48891.2501,-0.1803000000000008,深圳,电器连锁,20100528,
002416.SZ,爱施德,20111109,10.7176,10.797,10.8619,10.4075,10.7176,0.7408,39981.51,58992.4902,0.07940000000000147,深圳,电器连锁,20100528,
002416.SZ,爱施德,20111108,10.8258,10.7176,10.934,10.4652,10.9412,-2.0437,36624.75,54122.7829,-0.22360000000000113,深圳,电器连锁,20100528,
002416.SZ,爱施德,20111107,11.2117,10.9412,11.2153,10.8042,11.3235,-3.3762,30142.58,91620.843,-0.382299999999999,深圳,电器连锁,20100528,
002416.SZ,爱施德,20111104,10.6311,11.3235,11.5038,10.5373,10.6383,6.4409,46675.49,143065.9506,0.6852,深圳,电器连锁,20100528,
002416.SZ,爱施德,20111103,10.3859,10.6383,10.6383,10.3859,10.5229,1.0967,35467.58,103210.2703,0.11539999999999928,深圳,电器连锁,20100528,
002416.SZ,爱施德,20111102,9.9892,10.5229,10.6383,9.8918,10.0938,4.2511,28673.73,80689.1457,0.42910000000000004,深圳,电器连锁,20100528,
002416.SZ,爱施德,20111101,10.22,10.0938,10.2921,9.9531,10.1154,-0.2135,15607.05,43894.9206,-0.021599999999999397,深圳,电器连锁,20100528,
002416.SZ,爱施德,20111031,9.9892,10.1154,10.1262,9.9892,10.0577,0.5737,9175.17,25627.8838,0.05769999999999875,深圳,电器连锁,20100528,
002416.SZ,爱施德,20111028,10.0829,10.0577,10.1695,9.8738,9.9856,0.722,13562.9,37721.3878,0.07210000000000072,深圳,电器连锁,20100528,
002416.SZ,爱施德,20111027,9.9459,9.9856,10.0974,9.899,9.899,0.8748,9593.64,26554.376,0.08660000000000068,深圳,电器连锁,20100528,
002416.SZ,爱施德,20111026,9.7404,9.899,10.0252,9.7259,9.8521,0.476,8828.53,24223.905,0.046899999999999054,深圳,电器连锁,20100528,
002416.SZ,爱施德,20111025,9.7872,9.8521,9.9062,9.6682,9.7367,1.1852,8438.23,22989.8566,0.11539999999999928,深圳,电器连锁,20100528,
002416.SZ,爱施德,20111024,9.6538,9.7367,9.8089,9.4807,9.7295,0.074,5228.11,14088.3896,0.007200000000000983,深圳,电器连锁,20100528,
002416.SZ,爱施德,20111021,9.5889,9.7295,9.7295,9.4158,9.542,1.965,4029.59,10680.9611,0.1875,深圳,电器连锁,20100528,
002416.SZ,爱施德,20111020,9.6935,9.542,9.7981,9.4735,9.9098,-3.7115,5393.29,14312.4298,-0.3678000000000008,深圳,电器连锁,20100528,
002416.SZ,爱施德,20111019,9.9171,9.9098,10.0072,9.5925,9.9171,-0.0736,5562.11,15080.3413,-0.007299999999998974,深圳,电器连锁,20100528,
002416.SZ,爱施德,20111018,10.2777,9.9171,10.2777,9.9171,10.2921,-3.6436,7147.62,19921.1153,-0.375,深圳,电器连锁,20100528,
002416.SZ,爱施德,20111017,10.3498,10.2921,10.3714,10.1695,10.3678,-0.7301,9654.68,27476.5151,-0.07570000000000121,深圳,电器连锁,20100528,
002416.SZ,爱施德,20111014,9.9459,10.3678,10.4147,9.9459,10.0433,3.231,18358.33,52087.1726,0.32450000000000045,深圳,电器连锁,20100528,
002416.SZ,爱施德,20111013,10.018,10.0433,10.1442,9.9098,10.0505,-0.0716,12197.63,33994.8794,-0.007199999999999207,深圳,电器连锁,20100528,
002416.SZ,爱施德,20111012,9.4122,10.0505,10.0541,9.2175,9.5492,5.2497,12891.97,35134.8588,0.5012999999999987,深圳,电器连锁,20100528,
002416.SZ,爱施德,20111010,9.7187,9.5492,9.8017,9.3761,9.8089,-2.6476,6660.79,17653.8385,-0.2596999999999987,深圳,电器连锁,20100528,
002416.SZ,爱施德,20110930,9.4591,9.8089,9.8089,9.3329,9.5889,2.2943,8771.44,23346.7429,0.21999999999999886,深圳,电器连锁,20100528,
002416.SZ,爱施德,20110929,9.5564,9.5889,9.6069,8.9831,9.5925,-0.0375,14806.74,38104.216,-0.0035999999999987153,深圳,电器连锁,20100528,
002416.SZ,爱施德,20110928,9.8089,9.5925,9.8089,9.5781,9.7331,-1.4446,3331.6,8934.5817,-0.14060000000000095,深圳,电器连锁,20100528,
002416.SZ,爱施德,20110927,9.7187,9.7331,9.7367,9.5997,9.6646,0.7088,2575.78,6918.5336,0.06850000000000023,深圳,电器连锁,20100528,
002416.SZ,爱施德,20110926,9.7151,9.6646,9.8449,9.6322,9.8125,-1.5073,3615.37,9728.399,-0.14789999999999992,深圳,电器连锁,20100528,
002416.SZ,爱施德,20110923,9.6646,9.8125,9.8125,9.5204,9.8089,0.0367,6232.26,16704.8869,0.0036000000000004917,深圳,电器连锁,20100528,
002416.SZ,爱施德,20110922,9.9639,9.8089,10.018,9.6394,10.0433,-2.3339,7673.55,20962.8708,-0.23440000000000083,深圳,电器连锁,20100528,
002416.SZ,爱施德,20110921,9.7295,10.0433,10.0433,9.6141,9.7295,3.2252,7650.92,21022.3108,0.3138000000000005,深圳,电器连锁,20100528,
002416.SZ,爱施德,20110920,9.6286,9.7295,9.7476,9.5456,9.7367,-0.0739,3514.04,9401.3908,-0.007200000000000983,深圳,电器连锁,20100528,
002416.SZ,爱施德,20110919,9.7367,9.7367,9.7728,9.56,9.8053,-0.6996,3141.7,8416.9927,-0.0686,深圳,电器连锁,20100528,
002416.SZ,爱施德,20110916,9.8089,9.8053,9.899,9.7728,9.7692,0.3695,2579.83,7035.7988,0.03610000000000113,深圳,电器连锁,20100528,
002416.SZ,爱施德,20110915,9.8413,9.7692,9.9062,9.7692,9.8449,-0.7689,5651.78,15428.0343,-0.07570000000000121,深圳,电器连锁,20100528,
002416.SZ,爱施德,20110914,9.9531,9.8449,10.0541,9.6971,10.018,-1.7279,6529.74,17783.4617,-0.1730999999999998,深圳,电器连锁,20100528,
002416.SZ,爱施德,20110909,10.1226,10.018,10.1695,10.0108,10.1695,-1.4897,4115.05,11471.0564,-0.15149999999999864,深圳,电器连锁,20100528,
002416.SZ,爱施德,20110908,10.4868,10.1695,10.4868,10.0325,10.3426,-1.6737,6155.26,17445.0572,-0.1730999999999998,深圳,电器连锁,20100528,
002416.SZ,爱施德,20110907,10.1551,10.3426,10.3462,10.1046,10.1551,1.8464,9199.38,26019.5546,0.1875,深圳,电器连锁,20100528,
002416.SZ,爱施德,20110906,9.899,10.1551,10.2705,9.899,10.0938,0.6073,12618.73,35454.6019,0.061299999999999244,深圳,电器连锁,20100528,
002416.SZ,爱施德,20110905,10.3606,10.0938,10.3606,10.0649,10.5481,-4.3069,4950.51,13952.888,-0.4542999999999999,深圳,电器连锁,20100528,
002416.SZ,爱施德,20110902,10.458,10.5481,10.559,10.3354,10.4904,0.55,3842.68,11119.0563,0.05770000000000053,深圳,电器连锁,20100528,
002416.SZ,爱施德,20110901,10.5157,10.4904,10.595,10.4039,10.5121,-0.2064,4839.39,14097.4221,-0.02170000000000094,深圳,电器连锁,20100528,
002416.SZ,爱施德,20110831,10.9665,10.5121,11.053,10.476,11.0206,-4.6141,8326.25,24649.8009,-0.5084999999999997,深圳,电器连锁,20100528,
002416.SZ,爱施德,20110830,11.1071,11.0206,11.1684,10.9701,11.0566,-0.3256,5669.83,17340.8156,-0.03599999999999959,深圳,电器连锁,20100528,
002416.SZ,爱施德,20110829,11.2874,11.0566,11.2874,11.035,11.3595,-2.6665,6788.79,20895.009,-0.30290000000000106,深圳,电器连锁,20100528,
002416.SZ,爱施德,20110826,11.2441,11.3595,11.6408,11.2441,11.2225,1.2208,16983.99,53628.6251,0.13700000000000045,深圳,电器连锁,20100528,
002416.SZ,爱施德,20110825,11.1973,11.2225,11.2874,11.0206,11.2117,0.0963,7915.8,24454.0926,0.010799999999999699,深圳,电器连锁,20100528,
002416.SZ,爱施德,20110824,11.1792,11.2117,11.4172,11.136,11.1792,0.2907,7503.79,23404.7477,0.03250000000000064,深圳,电器连锁,20100528,
002416.SZ,爱施德,20110823,11.1828,11.1792,11.2946,11.0422,11.2766,-0.8637,8275.82,25545.1475,-0.09740000000000038,深圳,电器连锁,20100528,
002416.SZ,爱施德,20110822,12.0447,11.2766,12.0447,10.9484,10.9484,2.9977,23685.24,74928.1756,0.3282000000000007,深圳,电器连锁,20100528,
002416.SZ,爱施德,20110819,10.8186,10.9484,10.9809,10.458,10.9484,0.0,10497.48,31544.3128,0.0,深圳,电器连锁,20100528,
002416.SZ,爱施德,20110818,10.8871,10.9484,11.0386,10.7898,10.9268,0.1977,17786.06,53866.6391,0.021599999999999397,深圳,电器连锁,20100528,
002416.SZ,爱施德,20110817,10.3714,10.9268,10.9917,10.2777,10.4219,4.8446,22932.11,68542.3796,0.5048999999999992,深圳,电器连锁,20100528,
002416.SZ,爱施德,20110816,10.4616,10.4219,10.5301,10.2416,10.458,-0.3452,5203.75,14996.6777,-0.036099999999999355,深圳,电器连锁,20100528,
002416.SZ,爱施德,20110815,10.6022,10.458,10.6022,10.3137,10.5445,-0.8203,8505.05,24673.1609,-0.08649999999999913,深圳,电器连锁,20100528,
002416.SZ,爱施德,20110812,10.2921,10.5445,10.6635,10.2921,10.3137,2.2378,7871.11,22993.8137,0.23079999999999856,深圳,电器连锁,20100528,
002416.SZ,爱施德,20110811,9.881,10.3137,10.3137,9.7367,10.0252,2.8777,8890.62,25068.9495,0.28850000000000087,深圳,电器连锁,20100528,
002416.SZ,爱施德,20110810,10.1695,10.0252,10.3498,9.9964,9.9964,0.2881,8813.78,24926.822,0.02880000000000038,深圳,电器连锁,20100528,
002416.SZ,爱施德,20110809,9.7367,9.9964,10.0541,9.5023,9.9964,0.0,12420.22,33576.3343,0.0,深圳,电器连锁,20100528,
002416.SZ,爱施德,20110808,11.035,9.9964,11.035,9.9964,11.1071,-9.9999,15669.31,44565.94,-1.1107000000000014,深圳,电器连锁,20100528,
002416.SZ,爱施德,20110805,11.1792,11.1071,11.2117,10.6239,11.5398,-3.7496,10305.83,31560.1338,-0.43269999999999875,深圳,电器连锁,20100528,
002416.SZ,爱施德,20110804,11.7382,11.5398,11.8428,11.4353,11.7202,-1.5392,5767.69,18507.2637,-0.18040000000000056,深圳,电器连锁,20100528,
002416.SZ,爱施德,20110803,11.7562,11.7202,11.8644,11.6697,11.8536,-1.1254,3313.54,10830.1794,-0.13339999999999996,深圳,电器连锁,20100528,
002416.SZ,爱施德,20110802,11.8103,11.8536,11.8897,11.5471,11.868,-0.1213,4052.63,13146.1453,-0.01440000000000019,深圳,电器连锁,20100528,
002416.SZ,爱施德,20110801,12.0411,11.868,12.07,11.7995,12.0087,-1.1717,5669.91,18712.1484,-0.14069999999999894,深圳,电器连锁,20100528,
002416.SZ,爱施德,20110729,11.6372,12.0087,12.1024,11.5759,11.6444,3.1285,15038.45,49857.1796,0.36430000000000007,深圳,电器连锁,20100528,
002416.SZ,爱施德,20110728,11.6408,11.6444,11.648,11.3776,11.7057,-0.5237,5671.53,18134.0246,-0.06130000000000102,深圳,电器连锁,20100528,
002416.SZ,爱施德,20110727,11.4317,11.7057,11.7166,11.0386,11.4461,2.268,11619.95,36977.3457,0.2596000000000007,深圳,电器连锁,20100528,
002416.SZ,爱施德,20110726,11.3704,11.4461,11.4641,11.071,11.374,0.6339,4279.41,13473.4998,0.07209999999999894,深圳,电器连锁,20100528,
002416.SZ,爱施德,20110725,11.612,11.374,11.8536,11.2081,11.7706,-3.3694,10312.98,32975.838,-0.3965999999999994,深圳,电器连锁,20100528,
002416.SZ,爱施德,20110722,11.255,11.7706,11.8716,11.2477,11.255,4.5811,11423.08,36834.3731,0.5155999999999992,深圳,电器连锁,20100528,
002416.SZ,爱施德,20110721,11.6733,11.255,11.6733,11.2081,11.6769,-3.6131,9536.81,30034.3412,-0.42189999999999905,深圳,电器连锁,20100528,
002416.SZ,爱施德,20110720,11.5398,11.6769,11.6769,11.3776,11.4713,1.7923,8596.37,27508.7451,0.20560000000000045,深圳,电器连锁,20100528,
002416.SZ,爱施德,20110719,11.8103,11.4713,11.9005,11.4677,11.951,-4.0139,14104.68,45569.6668,-0.4797000000000011,深圳,电器连锁,20100528,
002416.SZ,爱施德,20110718,11.8572,11.951,12.1709,11.6877,11.8788,0.6078,14056.86,46654.9598,0.07220000000000049,深圳,电器连锁,20100528,
002416.SZ,爱施德,20110715,11.612,11.8788,11.8897,11.3956,11.5723,2.6486,23869.14,77563.4884,0.3064999999999998,深圳,电器连锁,20100528,
002416.SZ,爱施德,20110714,11.0278,11.5723,11.6228,10.9412,11.0999,4.2559,39013.5,122110.5932,0.4724000000000004,深圳,电器连锁,20100528,
002416.SZ,爱施德,20110713,10.6527,11.0999,11.1107,10.595,10.7104,3.6367,36695.53,109355.6812,0.38949999999999996,深圳,电器连锁,20100528,
002416.SZ,爱施德,20110712,10.9268,10.7104,10.934,10.6058,10.9737,-2.3994,14753.98,44144.8111,-0.2632999999999992,深圳,电器连锁,20100528,
002416.SZ,爱施德,20110711,11.0025,10.9737,11.136,10.8655,11.1756,-1.8066,14675.31,44732.6809,-0.2019000000000002,深圳,电器连锁,20100528,
002416.SZ,爱施德,20110708,10.5121,11.1756,11.1792,10.4977,10.494,6.4951,32955.56,100224.2667,0.6815999999999995,深圳,电器连锁,20100528,
002416.SZ,爱施德,20110707,10.4183,10.494,10.6996,10.357,10.4183,0.7266,19024.89,55531.7945,0.07569999999999943,深圳,电器连锁,20100528,
002416.SZ,爱施德,20110706,10.4147,10.4183,10.4364,10.3065,10.4364,-0.1734,10441.53,29983.5435,-0.01810000000000045,深圳,电器连锁,20100528,
002416.SZ,爱施德,20110705,10.5229,10.4364,10.5373,10.3318,10.5121,-0.7201,10724.54,30916.246,-0.07569999999999943,深圳,电器连锁,20100528,
002416.SZ,爱施德,20110704,10.3967,10.5121,10.5301,10.3354,10.3823,1.2502,12550.21,36278.4933,0.12979999999999947,深圳,电器连锁,20100528,
002416.SZ,爱施德,20110701,10.1731,10.3823,10.3895,10.0938,10.0541,3.2643,16599.88,47265.5314,0.3282000000000007,深圳,电器连锁,20100528,
002416.SZ,爱施德,20110629,10.1334,10.0541,10.2092,10.0072,10.1767,-1.2047,6250.97,17495.0832,-0.12260000000000026,深圳,电器连锁,20100528,
002416.SZ,爱施德,20110628,10.2272,10.1767,10.2452,10.0649,10.2272,-0.4938,6256.39,17605.4726,-0.050499999999999545,深圳,电器连锁,20100528,
002416.SZ,爱施德,20110627,10.2056,10.2272,10.3282,10.101,10.3426,-1.1158,12385.65,35136.806,-0.11539999999999928,深圳,电器连锁,20100528,
002416.SZ,爱施德,20110624,9.7908,10.3426,10.3426,9.7908,9.9026,4.4433,17137.28,47684.9329,0.4399999999999995,深圳,电器连锁,20100528,
002416.SZ,爱施德,20110623,9.6466,9.9026,9.9062,9.524,9.6466,2.6538,14821.07,40121.0694,0.2560000000000002,深圳,电器连锁,20100528,
002416.SZ,爱施德,20110622,9.5961,9.6466,9.7007,9.5204,9.6141,0.338,4081.99,10872.2686,0.03249999999999886,深圳,电器连锁,20100528,
002416.SZ,爱施德,20110621,9.661,9.6141,9.679,9.524,9.6935,-0.8191,6158.02,16344.4946,-0.07939999999999969,深圳,电器连锁,20100528,
002416.SZ,爱施德,20110620,9.9026,9.6935,9.9171,9.4987,9.9207,-2.2902,4834.99,12919.9056,-0.22719999999999985,深圳,电器连锁,20100528,
002416.SZ,爱施德,20110617,10.2741,9.9207,10.2741,9.9135,10.1875,-2.6189,2447.02,6864.5553,-0.2667999999999999,深圳,电器连锁,20100528,
002416.SZ,爱施德,20110616,10.3101,10.1875,10.44,10.1731,10.3246,-1.3279,3466.99,9887.0,-0.13710000000000022,深圳,电器连锁,20100528,
002416.SZ,爱施德,20110615,10.5301,10.3246,10.5626,10.321,10.494,-1.6143,5393.0,15580.7655,-0.16939999999999955,深圳,电器连锁,20100528,
002416.SZ,爱施德,20110614,10.3967,10.494,10.5229,10.3967,10.3967,0.9359,9054.18,26274.321,0.09730000000000061,深圳,电器连锁,20100528,
002416.SZ,爱施德,20110613,10.5121,10.3967,10.5229,10.2416,10.5229,-1.1993,2580.35,7428.1926,-0.12620000000000076,深圳,电器连锁,20100528,
002416.SZ,爱施德,20110610,10.4544,10.5229,10.5481,10.3498,10.5265,-0.0342,5183.65,14990.3246,-0.0036000000000004917,深圳,电器连锁,20100528,
002416.SZ,爱施德,20110609,10.9917,10.5265,10.9989,10.4616,10.8186,-2.7,3950.27,11767.7711,-0.2920999999999996,深圳,电器连锁,20100528,
002416.SZ,爱施德,20110608,10.9088,10.8186,10.9592,10.7176,10.9701,-1.381,3352.43,10053.7605,-0.1515000000000004,深圳,电器连锁,20100528,
002416.SZ,爱施德,20110607,10.8907,10.9701,11.071,10.8907,11.035,-0.5881,3030.52,9232.4826,-0.06489999999999974,深圳,电器连锁,20100528,
002416.SZ,爱施德,20110603,10.559,11.035,11.1756,10.559,10.7176,2.9615,8416.27,25589.8963,0.317400000000001,深圳,电器连锁,20100528,
002416.SZ,爱施德,20110602,10.4688,10.7176,10.7465,10.4652,10.7429,-0.2355,8938.45,26247.3668,-0.025300000000001432,深圳,电器连锁,20100528,
002416.SZ,爱施德,20110601,10.4219,10.7429,10.7825,10.2488,10.6744,0.6417,17382.21,50350.7151,0.06850000000000023,深圳,电器连锁,20100528,
002416.SZ,爱施德,20110531,10.1983,10.6744,10.8114,10.1479,10.4147,2.4936,8469.38,24509.8262,0.2597000000000005,深圳,电器连锁,20100528,
002416.SZ,爱施德,20110530,10.3173,10.4147,10.8186,10.1587,11.2874,-7.7316,10938.15,31402.9774,-0.8727,深圳,电器连锁,20100528,
002416.SZ,爱施德,20110527,11.5254,11.2874,11.5254,10.458,11.5398,-2.1872,8102.65,24609.3034,-0.25239999999999974,深圳,电器连锁,20100528,
002416.SZ,爱施德,20110526,11.7454,11.5398,11.8897,11.5398,11.7454,-1.7505,3773.0,12256.3129,-0.20560000000000045,深圳,电器连锁,20100528,
002416.SZ,爱施德,20110525,12.07,11.7454,12.0736,11.7454,12.0988,-2.921,2762.18,9089.2922,-0.3534000000000006,深圳,电器连锁,20100528,
002416.SZ,爱施德,20110524,11.969,12.0988,12.2142,11.6841,12.0087,0.7503,6104.34,20316.5833,0.0901000000000014,深圳,电器连锁,20100528,
002416.SZ,爱施德,20110523,11.7202,12.0087,12.5748,11.6841,11.7166,2.493,14784.44,49528.6904,0.2920999999999996,深圳,电器连锁,20100528,
002416.SZ,爱施德,20110518,11.832,11.7166,11.9041,11.7166,11.8283,-0.9443,7202.8,23572.389,-0.1117000000000008,深圳,电器连锁,20100528,
002416.SZ,爱施德,20110517,12.0808,11.8283,12.0808,11.8283,12.0808,-2.0901,7502.62,24780.0684,-0.2524999999999995,深圳,电器连锁,20100528,
002416.SZ,爱施德,20110516,12.3044,12.0808,12.3044,12.0483,12.3549,-2.2186,3658.0,12275.54,-0.2741000000000007,深圳,电器连锁,20100528,
002416.SZ,爱施德,20110513,12.2142,12.3549,12.3657,11.9401,12.2539,0.8242,12426.95,41739.2079,0.10100000000000087,深圳,电器连锁,20100528,
002416.SZ,爱施德,20110512,12.5496,12.2539,12.5496,11.9005,12.5496,-2.3563,4489.35,15214.2135,-0.2957000000000001,深圳,电器连锁,20100528,
002416.SZ,爱施德,20110511,12.7479,12.5496,12.7984,12.5496,12.802,-1.9716,3228.37,11325.0232,-0.25239999999999974,深圳,电器连锁,20100528,
002416.SZ,爱施德,20110510,12.8128,12.802,12.903,12.6217,12.8777,-0.5878,3595.5,12681.0917,-0.07570000000000121,深圳,电器连锁,20100528,
002416.SZ,爱施德,20110509,13.2131,12.8777,13.2131,12.7407,13.1482,-2.0573,6069.3,21670.0637,-0.2704999999999984,深圳,电器连锁,20100528,
002416.SZ,爱施德,20110506,12.665,13.1482,13.2997,12.665,12.8309,2.4729,13168.53,47692.879,0.31729999999999947,深圳,电器连锁,20100528,
002416.SZ,爱施德,20110505,12.7299,12.8309,12.8345,12.6578,12.8741,-0.3356,5208.42,18417.3775,-0.04320000000000057,深圳,电器连锁,20100528,
002416.SZ,爱施德,20110504,12.8814,12.8741,12.8814,12.4883,13.0761,-1.5448,6204.88,21893.0111,-0.20199999999999996,深圳,电器连锁,20100528,
002416.SZ,爱施德,20110503,13.1626,13.0761,13.1735,12.6866,13.04,0.2768,6617.48,23654.7243,0.03610000000000113,深圳,电器连锁,20100528,
002416.SZ,爱施德,20110429,12.225,13.04,13.0472,12.2142,12.2575,6.3838,19454.94,68768.9547,0.7824999999999989,深圳,电器连锁,20100528,
002416.SZ,爱施德,20110428,11.9113,12.2575,12.2791,11.7743,12.0339,1.8581,9569.7,32065.1439,0.22360000000000113,深圳,电器连锁,20100528,
002416.SZ,爱施德,20110427,12.3332,12.0339,12.3981,11.6697,12.3981,-2.9375,5575.35,18641.6374,-0.3642000000000003,深圳,电器连锁,20100528,
002416.SZ,爱施德,20110426,12.6758,12.3981,12.7624,12.2539,12.7047,-2.4133,4215.66,14490.7272,-0.3066000000000013,深圳,电器连锁,20100528,
002416.SZ,爱施德,20110425,13.0472,12.7047,13.0472,12.4414,13.0076,-2.3286,7581.08,26604.8775,-0.3028999999999993,深圳,电器连锁,20100528,
002416.SZ,爱施德,20110422,13.4511,13.0076,13.48,12.8994,13.7613,-5.477,13133.63,47671.74,-0.7537000000000003,深圳,电器连锁,20100528,
002416.SZ,爱施德,20110421,13.9163,13.7613,13.9488,13.7252,13.7865,-0.1828,4924.48,18829.1755,-0.02519999999999989,深圳,电器连锁,20100528,
002416.SZ,爱施德,20110420,13.7108,13.7865,13.9488,13.7108,13.7036,0.605,4613.62,17632.7883,0.08290000000000042,深圳,电器连锁,20100528,
002416.SZ,爱施德,20110419,13.7036,13.7036,13.8803,13.5701,13.9921,-2.0619,4793.54,18211.0043,-0.28850000000000087,深圳,电器连锁,20100528,
002416.SZ,爱施德,20110418,14.1255,13.9921,14.1255,13.9668,14.2048,-1.4974,4006.5,15564.5212,-0.2126999999999999,深圳,电器连锁,20100528,
002416.SZ,爱施德,20110415,13.9632,14.2048,14.2409,13.7432,14.0101,1.3897,6792.49,26395.0563,0.19470000000000098,深圳,电器连锁,20100528,
002416.SZ,爱施德,20110414,13.8839,14.0101,14.0101,13.8154,13.9308,0.5692,2754.26,10624.1485,0.07929999999999993,深圳,电器连锁,20100528,
002416.SZ,爱施德,20110413,13.8082,13.9308,14.0209,13.7072,13.8478,0.5994,3971.52,15247.3821,0.08300000000000018,深圳,电器连锁,20100528,
002416.SZ,爱施德,20110412,13.7468,13.8478,13.9055,13.6855,13.8118,0.2606,2331.93,8910.6214,0.03599999999999959,深圳,电器连锁,20100528,
002416.SZ,爱施德,20110411,14.2084,13.8118,14.2445,13.8118,14.2445,-3.0377,5262.85,20355.5779,-0.43270000000000053,深圳,电器连锁,20100528,
002416.SZ,爱施德,20110408,14.1255,14.2445,14.295,14.1255,14.2012,0.3049,1916.73,7548.2813,0.04330000000000034,深圳,电器连锁,20100528,
002416.SZ,爱施德,20110407,14.0894,14.2012,14.2517,14.0894,14.1724,0.2032,2583.69,10147.2707,0.02880000000000038,深圳,电器连锁,20100528,
002416.SZ,爱施德,20110406,14.4068,14.1724,14.4212,14.1652,14.4897,-2.1898,4500.22,17752.6255,-0.31729999999999947,深圳,电器连锁,20100528,
002416.SZ,爱施德,20110401,14.0389,14.4897,14.4897,13.9488,14.0281,3.2905,5661.95,22370.8799,0.4615999999999989,深圳,电器连锁,20100528,
002416.SZ,爱施德,20110331,13.9488,14.0281,14.0281,13.8478,13.9704,0.413,2573.49,9963.6298,0.05770000000000053,深圳,电器连锁,20100528,
002416.SZ,爱施德,20110330,14.0029,13.9704,14.0029,13.7757,14.0101,-0.2834,3288.32,12642.5103,-0.039699999999999847,深圳,电器连锁,20100528,
002416.SZ,爱施德,20110329,14.0642,14.0101,14.0822,13.7036,14.0786,-0.4866,5445.2,20933.0995,-0.06850000000000023,深圳,电器连锁,20100528,
002416.SZ,爱施德,20110328,14.3527,14.0786,14.3707,14.0786,14.3707,-2.0326,4023.28,15846.5046,-0.2920999999999996,深圳,电器连锁,20100528,
002416.SZ,爱施德,20110325,14.3527,14.3707,14.3707,14.2301,14.2697,0.7078,3633.6,14410.362,0.10099999999999909,深圳,电器连锁,20100528,
002416.SZ,爱施德,20110324,14.3635,14.2697,14.3707,14.2301,14.3166,-0.3276,4613.41,18240.1789,-0.046899999999999054,深圳,电器连锁,20100528,
002416.SZ,爱施德,20110323,14.295,14.3166,14.3527,14.2265,14.2878,0.2016,2987.02,11829.077,0.028799999999998604,深圳,电器连锁,20100528,
002416.SZ,爱施德,20110322,14.4969,14.2878,14.6051,14.2806,14.4753,-1.2953,4702.77,18690.6367,-0.1875,深圳,电器连锁,20100528,
002416.SZ,爱施德,20110321,14.6051,14.4753,14.7494,14.4537,14.6953,-1.4971,2632.0,10631.1071,-0.21999999999999886,深圳,电器连锁,20100528,
002416.SZ,爱施德,20110318,14.5618,14.6953,14.6953,14.4248,14.5258,1.1669,4856.1,19592.6084,0.16949999999999932,深圳,电器连锁,20100528,
002416.SZ,爱施德,20110317,14.6087,14.5258,14.6087,14.3022,14.6159,-0.6165,5420.71,21688.477,-0.09009999999999962,深圳,电器连锁,20100528,
002416.SZ,爱施德,20110316,14.5691,14.6159,14.6592,14.5258,14.6412,-0.1728,4138.73,16762.57,-0.025299999999999656,深圳,电器连锁,20100528,
002416.SZ,爱施德,20110315,14.8612,14.6412,14.9261,14.4248,14.8612,-1.4804,4899.44,19780.1474,-0.22000000000000064,深圳,电器连锁,20100528,
002416.SZ,爱施德,20110314,14.8035,14.8612,14.9261,14.7241,14.991,-0.8659,3031.02,12467.0901,-0.12979999999999947,深圳,电器连锁,20100528,
002416.SZ,爱施德,20110311,14.8576,14.991,15.0595,14.8251,15.0018,-0.072,4342.71,17970.416,-0.010799999999999699,深圳,电器连锁,20100528,
002416.SZ,爱施德,20110310,14.9225,15.0018,15.0054,14.753,14.8864,0.7752,4881.7,20107.2042,0.11539999999999928,深圳,电器连锁,20100528,
002416.SZ,爱施德,20110309,15.0595,14.8864,15.0595,14.8467,15.0595,-1.1494,5729.41,23666.2407,-0.1730999999999998,深圳,电器连锁,20100528,
002416.SZ,爱施德,20110308,15.0054,15.0595,15.0884,14.9333,15.0126,0.3124,4394.66,18298.3096,0.046899999999999054,深圳,电器连锁,20100528,
002416.SZ,爱施德,20110307,15.11,15.0126,15.229,15.0018,15.2146,-1.3277,6396.79,26712.7113,-0.20199999999999996,深圳,电器连锁,20100528,
002416.SZ,爱施德,20110304,14.7746,15.2146,15.2723,14.3527,14.7422,3.2044,10341.3,43248.3245,0.4724000000000004,深圳,电器连锁,20100528,
002416.SZ,爱施德,20110303,14.9333,14.7422,14.973,14.7133,15.0126,-1.8012,4520.48,18574.1038,-0.2704000000000004,深圳,电器连锁,20100528,
002416.SZ,爱施德,20110302,14.8792,15.0126,15.0739,14.8215,14.8395,1.1665,4885.66,20204.5757,0.17310000000000159,深圳,电器连锁,20100528,
002416.SZ,爱施德,20110301,15.0811,14.8395,15.1641,14.8395,15.1641,-2.1406,6925.61,28795.2339,-0.3246000000000002,深圳,电器连锁,20100528,
002416.SZ,爱施德,20110228,15.2182,15.1641,15.2182,14.9657,15.247,-0.5437,4239.03,17765.1648,-0.08290000000000042,深圳,电器连锁,20100528,
002416.SZ,爱施德,20110225,14.6592,15.247,15.2723,14.5618,14.7025,3.7035,16922.6,70677.7412,0.5444999999999993,深圳,电器连锁,20100528,
002416.SZ,爱施德,20110224,14.3815,14.7025,14.7422,14.3347,14.396,2.1291,6219.57,25095.7996,0.3064999999999998,深圳,电器连锁,20100528,
002416.SZ,爱施德,20110223,14.4681,14.396,14.6232,14.396,14.5222,-0.869,8768.83,35161.5758,-0.12619999999999898,深圳,电器连锁,20100528,
002416.SZ,爱施德,20110222,14.9766,14.5222,15.0631,14.5041,15.0018,-3.1969,7023.54,28757.8557,-0.4795999999999996,深圳,电器连锁,20100528,
002416.SZ,爱施德,20110221,14.8792,15.0018,15.1785,14.8792,15.0595,-0.3831,11960.22,49964.8061,-0.05770000000000053,深圳,电器连锁,20100528,
002416.SZ,爱施德,20110218,14.5005,15.0595,15.0595,14.2806,14.5438,3.5458,14693.74,59867.3764,0.5157000000000007,深圳,电器连锁,20100528,
002416.SZ,爱施德,20110217,14.6772,14.5438,14.6845,14.4609,14.634,-0.6164,4640.35,18736.0446,-0.09020000000000117,深圳,电器连锁,20100528,
002416.SZ,爱施德,20110216,14.5979,14.634,14.6772,14.4248,14.6051,0.1979,5315.34,21433.1438,0.028900000000000148,深圳,电器连锁,20100528,
002416.SZ,爱施德,20110215,14.7386,14.6051,14.7818,14.5727,14.753,-1.0025,5138.22,20871.4127,-0.14789999999999992,深圳,电器连锁,20100528,
002416.SZ,爱施德,20110214,14.4501,14.753,14.7818,14.3743,14.4392,2.1733,8288.3,33508.092,0.3138000000000005,深圳,电器连锁,20100528,
002416.SZ,爱施德,20110211,14.4176,14.4392,14.515,14.3635,14.4248,0.0998,3476.07,13922.0757,0.01440000000000019,深圳,电器连锁,20100528,
002416.SZ,爱施德,20110210,14.2589,14.4248,14.4645,14.2012,14.3707,0.3765,4036.34,16090.6176,0.05410000000000004,深圳,电器连锁,20100528,
002416.SZ,爱施德,20110209,14.414,14.3707,14.5618,14.1543,14.4609,-0.6238,2732.06,10893.5954,-0.09020000000000117,深圳,电器连锁,20100528,
002416.SZ,爱施德,20110201,14.5258,14.4609,14.533,14.2517,14.551,-0.6192,3907.92,15569.8806,-0.09009999999999962,深圳,电器连锁,20100528,
002416.SZ,爱施德,20110131,14.4609,14.551,14.6051,14.3527,14.5691,-0.1242,3109.82,12503.6578,-0.01810000000000045,深圳,电器连锁,20100528,
002416.SZ,爱施德,20110128,14.1039,14.5691,14.7494,14.1039,14.4212,1.0256,5573.17,22288.754,0.14789999999999992,深圳,电器连锁,20100528,
002416.SZ,爱施德,20110127,13.7577,14.4212,14.4212,13.5305,13.8298,4.2763,4855.79,18921.0142,0.5914000000000001,深圳,电器连锁,20100528,
002416.SZ,爱施德,20110126,13.516,13.8298,13.8298,13.4728,13.5233,2.2665,5045.99,19122.4401,0.3064999999999998,深圳,电器连锁,20100528,
002416.SZ,爱施德,20110125,13.4692,13.5233,13.5233,13.26,13.5305,-0.0532,4884.57,18159.6268,-0.007199999999999207,深圳,电器连锁,20100528,
002416.SZ,爱施德,20110124,14.0642,13.5305,14.1075,13.3429,14.1219,-4.1878,6361.69,23899.7125,-0.5914000000000001,深圳,电器连锁,20100528,
002416.SZ,爱施德,20110121,14.1363,14.1219,14.2553,14.093,14.2445,-0.8607,4098.1,16086.784,-0.12260000000000026,深圳,电器连锁,20100528,
002416.SZ,爱施德,20110120,14.515,14.2445,14.515,13.9993,14.5438,-2.0579,4245.46,16786.5724,-0.2992999999999988,深圳,电器连锁,20100528,
002416.SZ,爱施德,20110119,14.2084,14.5438,14.5438,14.1183,14.3058,1.6637,5631.88,22372.2621,0.23799999999999955,深圳,电器连锁,20100528,
002416.SZ,爱施德,20110118,14.0534,14.3058,14.3347,14.0462,14.3094,-0.0252,4033.74,15968.754,-0.0036000000000004917,深圳,电器连锁,20100528,
002416.SZ,爱施德,20110117,14.7854,14.3094,14.8792,13.8911,14.8792,-3.8295,5147.32,20285.0699,-0.5698000000000008,深圳,电器连锁,20100528,
002416.SZ,爱施德,20110114,15.1497,14.8792,15.1533,14.8792,15.2542,-2.4583,2992.73,12440.6927,-0.375,深圳,电器连锁,20100528,
002416.SZ,爱施德,20110113,15.3191,15.2542,15.3191,15.2001,15.3985,-0.9371,2118.24,8954.1662,-0.14429999999999943,深圳,电器连锁,20100528,
002416.SZ,爱施德,20110112,15.3877,15.3985,15.3985,14.9369,15.3264,0.4704,5652.52,23801.9966,0.07210000000000072,深圳,电器连锁,20100528,
002416.SZ,爱施德,20110111,15.2723,15.3264,15.4165,15.1424,15.4886,-1.0472,5523.84,23354.8902,-0.16220000000000034,深圳,电器连锁,20100528,
002416.SZ,爱施德,20110110,15.7591,15.4886,15.7807,15.3913,15.824,-2.1196,4047.45,17502.2906,-0.3353999999999999,深圳,电器连锁,20100528,
002416.SZ,爱施德,20110107,15.687,15.824,15.8673,15.4526,15.7627,0.3889,6277.2,27266.3893,0.061299999999999244,深圳,电器连锁,20100528,
002416.SZ,爱施德,20110106,16.1522,15.7627,16.1558,15.7627,16.1918,-2.6501,5670.72,25002.1001,-0.42910000000000004,深圳,电器连锁,20100528,
002416.SZ,爱施德,20110105,16.1197,16.1918,16.264,15.907,16.2099,-0.1117,8591.66,38442.4759,-0.01810000000000045,深圳,电器连锁,20100528,
002416.SZ,爱施德,20110104,16.2532,16.2099,16.4407,16.1125,16.4082,-1.2085,9723.14,43685.5153,-0.1982999999999997,深圳,电器连锁,20100528,
002416.SZ,爱施德,20101231,15.9358,16.4082,16.4082,15.9322,16.0224,2.4079,15401.16,69174.4208,0.3857999999999997,深圳,电器连锁,20100528,
002416.SZ,爱施德,20101230,15.5391,16.0224,16.0404,15.3624,15.5608,2.9664,13037.86,56894.5322,0.4616000000000007,深圳,电器连锁,20100528,
002416.SZ,爱施德,20101229,15.3264,15.5608,15.6113,15.2614,15.5067,0.3489,6803.76,29159.248,0.05410000000000004,深圳,电器连锁,20100528,
002416.SZ,爱施德,20101228,15.5067,15.5067,15.5067,15.2182,15.6076,-0.6465,7112.14,30347.7668,-0.10089999999999932,深圳,电器连锁,20100528,
002416.SZ,爱施德,20101227,15.6329,15.6076,15.6473,15.211,15.6509,-0.2767,9945.59,42831.4448,-0.04330000000000034,深圳,电器连锁,20100528,
002416.SZ,爱施德,20101224,15.3408,15.6509,15.687,15.0307,15.4093,1.5679,17141.25,73656.1584,0.24160000000000004,深圳,电器连锁,20100528,
002416.SZ,爱施德,20101223,15.6221,15.4093,15.6221,15.2687,15.6798,-1.7251,6612.04,28298.5195,-0.2705000000000002,深圳,电器连锁,20100528,
002416.SZ,爱施德,20101222,15.7158,15.6798,15.7339,15.5355,15.7339,-0.3438,5975.99,25892.2063,-0.05410000000000004,深圳,电器连锁,20100528,
002416.SZ,爱施德,20101221,15.6365,15.7339,15.7375,15.3985,15.669,0.4142,11334.65,49129.1201,0.06489999999999974,深圳,电器连锁,20100528,
002416.SZ,爱施德,20101220,15.6365,15.669,15.7086,15.0739,15.6076,0.3934,12638.53,54246.0338,0.06140000000000079,深圳,电器连锁,20100528,
002416.SZ,爱施德,20101217,15.5031,15.6076,15.6437,15.3444,15.5031,0.6741,9955.5,42783.4407,0.10449999999999982,深圳,电器连锁,20100528,
002416.SZ,爱施德,20101216,15.5067,15.5031,15.687,15.4634,15.6653,-1.0354,11410.23,49248.2363,-0.16220000000000034,深圳,电器连锁,20100528,
002416.SZ,爱施德,20101215,15.33,15.6653,15.7158,15.0956,15.3768,1.8762,26773.28,114365.0596,0.28850000000000087,深圳,电器连锁,20100528,
002416.SZ,爱施德,20101214,15.6149,15.3768,15.6149,15.3083,15.6257,-1.5929,20319.83,86751.4192,-0.2489000000000008,深圳,电器连锁,20100528,
002416.SZ,爱施德,20101213,15.6149,15.6257,15.6653,15.4309,15.6221,0.023,17201.68,74293.2239,0.0036000000000004917,深圳,电器连锁,20100528,
002416.SZ,爱施德,20101210,15.247,15.6221,15.6509,15.0739,15.3264,1.9294,14550.36,62383.2764,0.2957000000000001,深圳,电器连锁,20100528,
002416.SZ,爱施德,20101209,15.2723,15.3264,15.3841,15.1461,15.3444,-0.1173,9138.34,38634.0868,-0.018000000000000682,深圳,电器连锁,20100528,
002416.SZ,爱施德,20101208,15.2434,15.3444,15.4706,15.1136,15.2831,0.4011,14006.59,59138.719,0.06130000000000102,深圳,电器连锁,20100528,
002416.SZ,爱施德,20101207,14.9297,15.2831,15.3083,14.8287,15.0018,1.8751,15346.32,64325.859,0.2812999999999999,深圳,电器连锁,20100528,
002416.SZ,爱施德,20101206,15.2182,15.0018,15.3155,14.9477,15.4995,-3.2111,15602.28,65134.5057,-0.49770000000000003,深圳,电器连锁,20100528,
002416.SZ,爱施德,20101203,15.5788,15.4995,15.6617,14.7494,15.6653,-1.0584,36670.26,154291.6561,-0.16580000000000084,深圳,电器连锁,20100528,
002416.SZ,爱施德,20101202,15.6762,15.6653,15.7375,15.4526,15.9719,-1.9196,30461.19,131775.3465,-0.30659999999999954,深圳,电器连锁,20100528,
002416.SZ,爱施德,20101201,16.5885,15.9719,16.5885,15.3444,17.0501,-6.3237,69175.84,300215.0966,-1.0782000000000007,深圳,电器连锁,20100528,
002416.SZ,爱施德,20101130,17.418,17.0501,17.418,16.4082,17.4324,-2.193,13687.6,64307.9772,-0.38230000000000075,深圳,电器连锁,20100528,
002416.SZ,爱施德,20101129,17.2737,17.4324,17.4901,17.1295,17.2449,1.0873,12895.57,61954.3987,0.1875,深圳,电器连锁,20100528,
002416.SZ,爱施德,20101126,17.0754,17.2449,17.3783,16.9167,17.0934,0.8863,15738.62,75098.9764,0.1515000000000022,深圳,电器连锁,20100528,
002416.SZ,爱施德,20101125,17.1619,17.0934,17.2701,16.8662,17.1078,-0.0842,13467.51,63718.2506,-0.014400000000001967,深圳,电器连锁,20100528,
002416.SZ,爱施德,20101124,16.7508,17.1078,17.1295,16.6895,16.8698,1.4108,16969.89,80008.6702,0.23799999999999955,深圳,电器连锁,20100528,
002416.SZ,爱施德,20101123,17.0934,16.8698,17.2881,16.4443,17.0141,-0.8481,13572.29,63409.5192,-0.14429999999999765,深圳,电器连锁,20100528,
002416.SZ,爱施德,20101122,16.6643,17.0141,17.3819,16.6643,17.0249,-0.0634,22597.6,107322.8557,-0.010799999999999699,深圳,电器连锁,20100528,
002416.SZ,爱施德,20101119,16.3505,17.0249,17.0249,16.2027,16.3361,4.2164,19445.08,89310.8125,0.6888000000000005,深圳,电器连锁,20100528,
002416.SZ,爱施德,20101118,16.1918,16.3361,16.4082,16.0837,16.3,0.2215,8218.88,37027.3622,0.03609999999999758,深圳,电器连锁,20100528,
002416.SZ,爱施德,20101117,16.1558,16.3,16.4082,15.9394,16.4082,-0.6594,9705.71,43724.7687,-0.10820000000000007,深圳,电器连锁,20100528,
002416.SZ,爱施德,20101116,17.0573,16.4082,17.2268,16.026,17.0934,-4.0086,27783.71,128224.7093,-0.6851999999999983,深圳,电器连锁,20100528,
002416.SZ,爱施德,20101115,16.9924,17.0934,17.1295,16.6102,16.9492,0.8508,13482.1,63379.0876,0.14419999999999789,深圳,电器连锁,20100528,
002416.SZ,爱施德,20101112,17.8507,16.9492,17.8507,16.5994,17.9589,-5.6223,36143.67,171892.2594,-1.0096999999999987,深圳,电器连锁,20100528,
002416.SZ,爱施德,20101111,17.93,17.9589,18.1392,17.8471,18.013,-0.3003,20009.39,99619.4948,-0.05410000000000181,深圳,电器连锁,20100528,
002416.SZ,爱施德,20101110,17.9589,18.013,18.0599,17.7894,18.0923,-0.4383,19229.66,95449.0014,-0.07929999999999993,深圳,电器连锁,20100528,
002416.SZ,爱施德,20101109,18.3916,18.0923,18.4638,17.8507,18.4529,-1.9542,21012.92,104934.1012,-0.36059999999999803,深圳,电器连锁,20100528,
002416.SZ,爱施德,20101108,18.3916,18.4529,18.8244,18.3375,18.5719,-0.6408,12857.87,66171.7714,-0.11899999999999977,深圳,电器连锁,20100528,
002416.SZ,爱施德,20101105,18.4638,18.5719,18.5719,18.031,18.3087,1.4376,20090.68,101882.316,0.26319999999999766,深圳,电器连锁,20100528,
002416.SZ,爱施德,20101104,17.6704,18.3087,18.4638,17.6343,17.7569,3.1075,24232.0,122696.9446,0.5518000000000001,深圳,电器连锁,20100528,
002416.SZ,爱施德,20101103,17.6343,17.7569,17.9228,17.335,17.656,0.5715,15716.94,76841.0335,0.10090000000000288,深圳,电器连锁,20100528,
002416.SZ,爱施德,20101102,17.555,17.656,17.8723,17.2376,17.5622,0.5341,23379.63,114371.2406,0.09379999999999811,深圳,电器连锁,20100528,
002416.SZ,爱施德,20101101,17.418,17.5622,17.8651,17.317,17.1295,2.5261,23969.73,116933.0713,0.43270000000000053,深圳,电器连锁,20100528,
002416.SZ,爱施德,20101029,16.4299,17.1295,17.1295,16.4154,16.5813,3.3061,28502.2,133707.1119,0.5482000000000014,深圳,电器连锁,20100528,
002416.SZ,爱施德,20101028,16.6895,16.5813,16.6931,16.2315,16.6967,-0.6912,18305.21,83367.6699,-0.11540000000000106,深圳,电器连锁,20100528,
002416.SZ,爱施德,20101027,16.7688,16.6967,17.1259,16.4731,16.7977,-0.6013,17808.75,82556.6609,-0.10099999999999909,深圳,电器连锁,20100528,
002416.SZ,爱施德,20101026,16.8446,16.7977,17.0573,16.6607,16.9492,-0.8938,10124.14,47116.6961,-0.1515000000000022,深圳,电器连锁,20100528,
002416.SZ,爱施德,20101025,16.4623,16.9492,17.1223,16.4623,16.4371,3.1155,19656.14,91900.7478,0.5121000000000002,深圳,电器连锁,20100528,
002416.SZ,爱施德,20101022,16.264,16.4371,16.5164,16.1955,16.4263,0.0657,16041.07,72786.2135,0.010799999999999699,深圳,电器连锁,20100528,
002416.SZ,爱施德,20101021,16.3722,16.4263,16.5849,16.1233,16.5344,-0.6538,13015.18,59010.1347,-0.10810000000000031,深圳,电器连锁,20100528,
002416.SZ,爱施德,20101020,16.2964,16.5344,16.5813,15.9394,16.6607,-0.7581,29421.32,132758.09,-0.12629999999999697,深圳,电器连锁,20100528,
002416.SZ,爱施德,20101019,16.2279,16.6607,16.9131,15.8384,16.4082,1.5389,37397.23,170390.9112,0.2524999999999977,深圳,电器连锁,20100528,
002416.SZ,爱施德,20101018,16.4803,16.4082,16.4803,15.5067,16.5164,-0.6551,21554.64,95604.8935,-0.10820000000000007,深圳,电器连锁,20100528,
002416.SZ,爱施德,20101014,16.3145,16.5164,16.5705,15.9466,16.3902,0.77,21183.54,96000.033,0.12620000000000076,深圳,电器连锁,20100528,
002416.SZ,爱施德,20101013,16.0512,16.3902,16.5164,15.6509,16.1846,1.2703,16268.32,72174.3066,0.20560000000000045,深圳,电器连锁,20100528,
002416.SZ,爱施德,20101012,15.5463,16.1846,16.1846,15.4706,15.6545,3.3862,18692.05,82156.2626,0.5300999999999991,深圳,电器连锁,20100528,
002416.SZ,爱施德,20101011,16.3,15.6545,16.4082,15.4165,16.4082,-4.5934,38799.25,169687.9571,-0.7537000000000003,深圳,电器连锁,20100528,
002416.SZ,爱施德,20101008,16.5489,16.4082,16.6571,16.3361,16.5885,-1.0869,16744.42,76609.1102,-0.18029999999999902,深圳,电器连锁,20100528,
002416.SZ,爱施德,20100930,16.1918,16.5885,16.6102,15.8673,16.2207,2.2675,17028.03,77153.2604,0.367799999999999,深圳,电器连锁,20100528,
002416.SZ,爱施德,20100929,16.2279,16.2207,16.2532,15.9683,16.2135,0.0444,9599.9,43002.0777,0.007200000000000983,深圳,电器连锁,20100528,
002416.SZ,爱施德,20100928,15.8997,16.2135,16.2279,15.7771,15.9034,1.9499,14864.1,66181.44,0.31010000000000026,深圳,电器连锁,20100528,
002416.SZ,爱施德,20100927,15.7952,15.9034,15.9755,15.5968,15.7555,0.9387,7694.63,33719.5849,0.14789999999999992,深圳,电器连锁,20100528,
002416.SZ,爱施德,20100921,15.7591,15.7555,15.7591,15.2182,15.7663,-0.0685,20968.04,89951.7994,-0.010799999999999699,深圳,电器连锁,20100528,
002416.SZ,爱施德,20100920,16.1378,15.7663,16.264,15.5427,16.1305,-2.2578,22260.6,98379.2096,-0.3642000000000021,深圳,电器连锁,20100528,
002416.SZ,爱施德,20100917,15.8132,16.1305,16.1918,15.6906,15.8168,1.9833,12635.98,56066.942,0.31370000000000076,深圳,电器连锁,20100528,
002416.SZ,爱施德,20100916,16.1486,15.8168,16.1486,15.7158,16.2243,-2.5117,15822.28,69433.1491,-0.40749999999999886,深圳,电器连锁,20100528,
002416.SZ,爱施德,20100915,16.3541,16.2243,16.3541,15.687,16.3541,-0.7937,30339.4,134388.4721,-0.12979999999999947,深圳,电器连锁,20100528,
002416.SZ,爱施德,20100914,16.484,16.3541,16.6138,16.1378,16.4731,-0.7224,28438.01,128585.757,-0.11899999999999977,深圳,电器连锁,20100528,
002416.SZ,爱施德,20100913,16.3722,16.4731,16.6895,16.264,16.401,0.4396,18077.16,82827.8564,0.07209999999999894,深圳,电器连锁,20100528,
002416.SZ,爱施德,20100910,16.4443,16.401,16.6462,16.1089,16.4515,-0.307,12025.39,54582.2157,-0.050499999999999545,深圳,电器连锁,20100528,
002416.SZ,爱施德,20100909,16.9852,16.4515,16.9852,16.4263,16.9455,-2.9152,16726.37,76929.0247,-0.4939999999999998,深圳,电器连锁,20100528,
002416.SZ,爱施德,20100908,16.6246,16.9455,17.0718,16.4803,16.8049,0.8367,14502.84,68014.82,0.14059999999999917,深圳,电器连锁,20100528,
002416.SZ,爱施德,20100907,16.5921,16.8049,16.8446,16.3361,16.6607,0.8655,19594.69,90269.7968,0.14420000000000144,深圳,电器连锁,20100528,
002416.SZ,爱施德,20100906,17.6704,16.6607,17.6704,16.6607,17.6704,-5.7141,27032.23,127820.3435,-1.0097000000000023,深圳,电器连锁,20100528,
002416.SZ,爱施德,20100903,17.1691,17.6704,17.7425,16.7761,17.2304,2.5536,44620.29,214448.2528,0.4400000000000013,深圳,电器连锁,20100528,
002416.SZ,爱施德,20100902,16.7003,17.2304,17.3026,16.7003,16.6607,3.4194,37156.98,174994.9756,0.569700000000001,深圳,电器连锁,20100528,
002416.SZ,爱施德,20100901,17.5261,16.6607,17.5261,16.2459,17.6343,-5.5211,68519.98,318643.4685,-0.9736000000000011,深圳,电器连锁,20100528,
002416.SZ,爱施德,20100831,17.0573,17.6343,18.031,17.0032,17.0754,3.2731,52016.8,253501.4484,0.5589000000000013,深圳,电器连锁,20100528,
002416.SZ,爱施德,20100830,17.1078,17.0754,17.2917,16.5921,16.9492,0.7446,84697.1,398851.804,0.1261999999999972,深圳,电器连锁,20100528,
002416.SZ,爱施德,20100827,16.9492,16.9492,17.3098,16.7688,16.9492,0.0,35499.72,167821.5071,0.0,深圳,电器连锁,20100528,
002416.SZ,爱施德,20100826,17.115,16.9492,17.1186,16.8446,17.115,-0.9687,30940.79,145602.2042,-0.16579999999999728,深圳,电器连锁,20100528,
002416.SZ,爱施德,20100825,17.0285,17.115,17.1583,16.5885,17.0141,0.593,45040.76,211736.3846,0.10089999999999932,深圳,电器连锁,20100528,
002416.SZ,爱施德,20100824,16.5705,17.0141,17.3783,16.5344,16.2964,4.404,71706.52,337397.6677,0.7177000000000007,深圳,电器连锁,20100528,
002416.SZ,爱施德,20100823,16.4118,16.2964,16.4443,16.1053,16.3036,-0.0442,30579.32,137833.4225,-0.007200000000000983,深圳,电器连锁,20100528,
002416.SZ,爱施德,20100820,15.4345,16.3036,16.3577,15.3264,15.4345,5.6309,62136.31,277412.1892,0.8690999999999995,深圳,电器连锁,20100528,
002416.SZ,爱施德,20100819,15.6076,15.4345,15.788,15.3011,14.8864,3.6819,32696.67,140637.645,0.5480999999999998,深圳,电器连锁,20100528,
002416.SZ,爱施德,20100818,14.7494,14.8864,14.9802,14.6989,14.7458,0.9535,9337.61,38448.3049,0.14060000000000095,深圳,电器连锁,20100528,
002416.SZ,爱施德,20100817,14.7458,14.7458,14.8215,14.6664,14.6592,0.5908,6697.36,27352.8152,0.0865999999999989,深圳,电器连锁,20100528,
002416.SZ,爱施德,20100816,14.4753,14.6592,14.7386,14.4248,14.5078,1.0436,7471.62,30280.6176,0.15140000000000065,深圳,电器连锁,20100528,
002416.SZ,爱施德,20100813,14.515,14.5078,14.515,14.2806,14.3996,0.7514,3962.57,15841.7729,0.10820000000000007,深圳,电器连锁,20100528,
002416.SZ,爱施德,20100812,14.4609,14.3996,14.6484,14.3563,14.6232,-1.5291,5412.12,21762.6572,-0.22360000000000113,深圳,电器连锁,20100528,
002416.SZ,爱施德,20100811,14.4068,14.6232,14.7205,14.4068,14.4104,1.4767,5426.56,21938.7948,0.21280000000000143,深圳,电器连锁,20100528,
002416.SZ,爱施德,20100810,14.8539,14.4104,14.9116,14.4068,14.8539,-2.9857,8260.38,33705.1861,-0.4435000000000002,深圳,电器连锁,20100528,
002416.SZ,爱施德,20100809,14.6051,14.8539,14.9261,14.6051,14.5979,1.7537,8633.45,35498.8202,0.2560000000000002,深圳,电器连锁,20100528,
002416.SZ,爱施德,20100806,14.432,14.5979,14.6015,14.3527,14.4681,0.8971,7861.95,31628.5198,0.12979999999999947,深圳,电器连锁,20100528,
002416.SZ,爱施德,20100805,14.4248,14.4681,14.6015,14.3815,14.4212,0.3252,6156.38,24761.4071,0.046899999999999054,深圳,电器连锁,20100528,
002416.SZ,爱施德,20100804,14.3707,14.4212,14.4284,14.1976,14.3851,0.251,5751.33,22815.6471,0.03610000000000113,深圳,电器连锁,20100528,
002416.SZ,爱施德,20100803,14.6736,14.3851,14.7133,14.3815,14.6736,-1.9661,8305.34,33372.9815,-0.28850000000000087,深圳,电器连锁,20100528,
002416.SZ,爱施德,20100802,14.4248,14.6736,14.7422,14.4248,14.4176,1.7756,10581.96,42875.1915,0.2560000000000002,深圳,电器连锁,20100528,
002416.SZ,爱施德,20100730,14.3707,14.4176,14.4537,14.3202,14.4032,0.1,4523.68,18057.1287,0.01440000000000019,深圳,电器连锁,20100528,
002416.SZ,爱施德,20100729,14.4284,14.4032,14.634,14.3887,14.4717,-0.4733,8360.71,33556.5104,-0.06850000000000023,深圳,电器连锁,20100528,
002416.SZ,爱施德,20100728,14.4248,14.4717,14.5078,14.2625,14.4428,0.2001,10079.56,40290.833,0.028900000000000148,深圳,电器连锁,20100528,
002416.SZ,爱施德,20100727,14.2445,14.4428,14.5294,14.1219,14.2229,1.5461,10809.56,43204.3056,0.21990000000000087,深圳,电器连锁,20100528,
002416.SZ,爱施德,20100726,14.075,14.2229,14.2553,14.075,14.075,1.0508,4591.02,18045.0078,0.14789999999999992,深圳,电器连锁,20100528,
002416.SZ,爱施德,20100723,14.2157,14.075,14.2157,13.9632,14.1832,-0.7629,5705.08,22270.6122,-0.10820000000000007,深圳,电器连锁,20100528,
002416.SZ,爱施德,20100722,14.176,14.1832,14.2157,13.974,14.2012,-0.1267,6684.54,26156.0406,-0.018000000000000682,深圳,电器连锁,20100528,
002416.SZ,爱施德,20100721,14.2445,14.2012,14.3347,14.158,14.1796,0.1523,5856.95,23130.1438,0.021599999999999397,深圳,电器连锁,20100528,
002416.SZ,爱施德,20100720,13.8406,14.1796,14.2265,13.8406,13.8875,2.1033,6373.34,24946.3949,0.29210000000000136,深圳,电器连锁,20100528,
002416.SZ,爱施德,20100719,13.7072,13.8875,13.9199,13.7072,13.7613,0.9171,3667.62,14071.4242,0.12619999999999898,深圳,电器连锁,20100528,
002416.SZ,爱施德,20100716,13.9199,13.7613,13.9993,13.5918,13.9524,-1.3697,5007.28,19105.8611,-0.1911000000000005,深圳,电器连锁,20100528,
002416.SZ,爱施德,20100715,14.2445,13.9524,14.3166,13.9488,14.3166,-2.5439,5324.0,20814.7368,-0.3641999999999985,深圳,电器连锁,20100528,
002416.SZ,爱施德,20100714,14.3527,14.3166,14.4609,14.1075,13.9704,2.4781,7426.83,29481.4508,0.3461999999999996,深圳,电器连锁,20100528,
002416.SZ,爱施德,20100713,14.1688,13.9704,14.2625,13.8514,14.3058,-2.3445,5956.02,23158.9772,-0.3353999999999999,深圳,电器连锁,20100528,
002416.SZ,爱施德,20100712,14.1724,14.3058,14.4645,14.0642,14.176,0.9156,9461.96,37509.8549,0.12979999999999947,深圳,电器连锁,20100528,
002416.SZ,爱施德,20100709,13.6423,14.176,14.4248,13.6314,13.6351,3.967,13178.05,51468.2731,0.5409000000000006,深圳,电器连锁,20100528,
002416.SZ,爱施德,20100708,13.9596,13.6351,14.1147,13.6242,13.956,-2.2994,7938.27,30243.0747,-0.32089999999999996,深圳,电器连锁,20100528,
002416.SZ,爱施德,20100707,14.0642,13.956,14.1183,13.7468,14.0642,-0.7693,4722.3,18238.263,-0.10820000000000007,深圳,电器连锁,20100528,
002416.SZ,爱施德,20100706,13.9776,14.0642,14.1616,13.8514,13.9812,0.5937,6708.21,26055.0515,0.08300000000000018,深圳,电器连锁,20100528,
002416.SZ,爱施德,20100705,13.5593,13.9812,14.0786,13.48,13.8262,1.1211,5194.19,20003.9456,0.15499999999999936,深圳,电器连锁,20100528,
002416.SZ,爱施德,20100702,14.4933,13.8262,14.4933,13.3826,14.4104,-4.054,10961.89,42085.4296,-0.5841999999999992,深圳,电器连锁,20100528,
002416.SZ,爱施德,20100701,14.1724,14.4104,14.7422,14.1724,14.2193,1.3439,9471.14,38019.615,0.19109999999999872,深圳,电器连锁,20100528,
002416.SZ,爱施德,20100630,14.3347,14.2193,14.5078,14.0678,14.5294,-2.1343,9039.47,35865.0606,-0.31010000000000026,深圳,电器连锁,20100528,
002416.SZ,爱施德,20100629,15.5103,14.5294,15.6509,14.4392,15.604,-6.8867,17681.79,72986.1493,-1.0745999999999984,深圳,电器连锁,20100528,
002416.SZ,爱施德,20100628,15.9034,15.604,16.0368,15.5427,15.925,-2.0157,20235.77,88734.0281,-0.3210000000000015,深圳,电器连锁,20100528,
002416.SZ,爱施德,20100625,15.5067,15.925,16.0765,15.3841,15.5463,2.4359,43118.86,189586.5397,0.37870000000000026,深圳,电器连锁,20100528,
002416.SZ,爱施德,20100624,15.2182,15.5463,15.5896,15.2038,15.2867,1.6982,17502.85,75242.52,0.2596000000000007,深圳,电器连锁,20100528,
002416.SZ,爱施德,20100623,15.1244,15.2867,15.3155,14.9946,15.2326,0.3552,8777.92,36936.3488,0.05410000000000004,深圳,电器连锁,20100528,
002416.SZ,爱施德,20100622,15.0379,15.2326,15.3228,14.9657,15.0559,1.1736,8744.08,36849.7489,0.1767000000000003,深圳,电器连锁,20100528,
002416.SZ,爱施德,20100621,14.7277,15.0559,15.0992,14.4248,14.7494,2.0781,9166.33,37666.8578,0.3064999999999998,深圳,电器连锁,20100528,
002416.SZ,爱施德,20100618,14.9297,14.7494,15.0739,14.6123,15.0343,-1.895,11741.42,48068.5598,-0.2849000000000004,深圳,电器连锁,20100528,
002416.SZ,爱施德,20100617,15.5067,15.0343,15.5427,14.973,15.449,-2.6843,13223.84,55897.2754,-0.41469999999999985,深圳,电器连锁,20100528,
002416.SZ,爱施德,20100611,15.4562,15.449,15.6437,15.3444,15.4562,-0.0466,15230.4,65349.794,-0.007200000000000983,深圳,电器连锁,20100528,
002416.SZ,爱施德,20100610,15.3228,15.4562,15.6221,15.2182,15.2975,1.0374,18660.36,80047.5701,0.1587000000000014,深圳,电器连锁,20100528,
002416.SZ,爱施德,20100609,15.3083,15.2975,15.5031,15.1316,15.2903,0.0471,11536.34,48829.1317,0.007199999999999207,深圳,电器连锁,20100528,
002416.SZ,爱施德,20100608,15.3264,15.2903,15.4562,15.2001,15.3444,-0.3526,18787.21,79796.1185,-0.05410000000000004,深圳,电器连锁,20100528,
002416.SZ,爱施德,20100607,14.4464,15.3444,15.3913,14.3563,14.8035,3.6539,29946.06,125151.5748,0.5409000000000006,深圳,电器连锁,20100528,
002416.SZ,爱施德,20100604,14.753,14.8035,15.092,14.6051,14.8287,-0.1699,13417.73,55167.0516,-0.02519999999999989,深圳,电器连锁,20100528,
002416.SZ,爱施德,20100603,14.9297,14.8287,15.2867,14.7854,15.1641,-2.2118,25268.09,104948.7429,-0.3353999999999999,深圳,电器连锁,20100528,
002416.SZ,爱施德,20100602,14.2445,15.1641,15.2542,14.2445,14.2842,6.16,37629.58,154534.778,0.8798999999999992,深圳,电器连锁,20100528,
002416.SZ,爱施德,20100601,15.3264,14.2842,15.3264,14.2157,15.7266,-9.1717,43749.45,178108.1059,-1.4423999999999992,深圳,电器连锁,20100528,
002416.SZ,爱施德,20100531,15.943,15.7266,16.1414,15.6798,15.8312,-0.6607,47577.15,209550.2352,-0.10460000000000136,深圳,电器连锁,20100528,
002416.SZ,爱施德,20100528,16.1918,15.8312,16.2279,15.4706,16.2279,-2.4446,105630.08,463629.1162,-0.39670000000000094,深圳,电器连锁,20100528,
sz002416,爱施德,2020-06-22,7.33,7.43,7.31,7.39,7.35,16588517.0,122143990.0
sz002416,爱施德,2020-06-23,7.39,7.44,7.2,7.22,7.39,15645043.0,114016243.0
sz002416,爱施德,2020-06-24,7.19,7.25,7.1,7.14,7.22,10992144.0,78595863.0
sz002416,爱施德,2020-06-30,7.15,7.23,7.09,7.18,6.99,14473088.0,103896033.0
