数据由w0x7ce整理
股票代码,股票名称,交易日期,开盘价,收盘价,最高价,最低价,前收盘价,复权因子,成交量,成交额,波动,地区,行业,上市日期,退市日期
300369.SZ,绿盟科技,20200618,21.48,21.4,21.71,21.25,21.72,-1.4733,69187.25,148472.204,-0.3200000000000003,北京,软件服务,20140129,
300369.SZ,绿盟科技,20200617,21.08,21.72,21.73,21.02,21.26,2.1637,92098.5,196916.504,0.4599999999999973,北京,软件服务,20140129,
300369.SZ,绿盟科技,20200616,21.28,21.26,21.54,20.98,21.41,-0.7006,77612.42,164316.581,-0.14999999999999858,北京,软件服务,20140129,
300369.SZ,绿盟科技,20200615,20.93,21.41,21.72,20.8,21.25,0.7529,103380.52,221448.615,0.16000000000000014,北京,软件服务,20140129,
300369.SZ,绿盟科技,20200612,20.81,21.25,21.32,20.4,21.13,0.5679,70853.59,149834.014,0.120000000000001,北京,软件服务,20140129,
300369.SZ,绿盟科技,20200611,20.6,21.13,21.58,20.51,20.62,2.4733,147681.4,312290.533,0.509999999999998,北京,软件服务,20140129,
300369.SZ,绿盟科技,20200610,20.76,20.62,20.8,20.3,20.57,0.2431,86623.99,178542.954,0.05000000000000071,北京,软件服务,20140129,
300369.SZ,绿盟科技,20200609,20.23,20.57,21.07,20.01,20.18,1.9326,101176.99,208326.851,0.39000000000000057,北京,软件服务,20140129,
300369.SZ,绿盟科技,20200608,19.79,20.18,20.64,19.32,19.29,4.6138,108903.97,220508.125,0.8900000000000006,北京,软件服务,20140129,
300369.SZ,绿盟科技,20200605,19.14,19.29,19.39,18.93,19.03,1.3663,54965.26,105415.089,0.259999999999998,北京,软件服务,20140129,
300369.SZ,绿盟科技,20200604,18.9,19.03,19.28,18.75,18.9,0.6878,46502.41,88620.618,0.13000000000000256,北京,软件服务,20140129,
300369.SZ,绿盟科技,20200603,19.21,18.9,19.21,18.7,18.89,0.0529,42857.81,81034.551,0.00999999999999801,北京,软件服务,20140129,
300369.SZ,绿盟科技,20200602,18.85,18.89,19.17,18.63,18.78,0.5857,60000.45,113304.72,0.10999999999999943,北京,软件服务,20140129,
300369.SZ,绿盟科技,20200601,18.31,18.78,18.88,18.27,18.14,3.5281,65115.88,121748.85,0.6400000000000006,北京,软件服务,20140129,
300369.SZ,绿盟科技,20200529,17.9,18.14,18.39,17.9,18.0,0.7778,54322.02,98823.937,0.14000000000000057,北京,软件服务,20140129,
300369.SZ,绿盟科技,20200528,18.3893,18.0006,18.3893,17.6916,18.2996,-1.6339,52635.78,94829.455,-0.29900000000000304,北京,软件服务,20140129,
300369.SZ,绿盟科技,20200527,18.8976,18.2996,18.8976,18.1501,18.798,-2.6513,65809.62,121562.002,-0.4983999999999966,北京,软件服务,20140129,
300369.SZ,绿盟科技,20200526,18.4391,18.798,18.9176,18.4391,18.4591,1.836,57309.5,107703.111,0.33889999999999887,北京,软件服务,20140129,
300369.SZ,绿盟科技,20200525,18.788,18.4591,18.788,17.9408,18.6983,-1.2793,95303.49,175392.079,-0.2392000000000003,北京,软件服务,20140129,
300369.SZ,绿盟科技,20200522,19.2963,18.6983,19.3561,18.6883,19.3063,-3.1492,82829.71,156919.013,-0.6080000000000005,北京,软件服务,20140129,
300369.SZ,绿盟科技,20200521,19.3362,19.3063,19.4857,19.2066,19.386,-0.4111,53082.68,103137.321,-0.079699999999999,北京,软件服务,20140129,
300369.SZ,绿盟科技,20200520,19.6352,19.386,19.8545,19.1368,19.5654,-0.9169,96527.18,188552.183,-0.17940000000000111,北京,软件服务,20140129,
300369.SZ,绿盟科技,20200519,19.7149,19.5654,19.7947,19.2365,19.5156,0.2552,75310.71,147507.548,0.04980000000000118,北京,软件服务,20140129,
300369.SZ,绿盟科技,20200518,20.2532,19.5156,20.4126,19.4558,20.2532,-3.6419,121931.76,241523.385,-0.7376000000000005,北京,软件服务,20140129,
300369.SZ,绿盟科技,20200515,20.6817,20.2532,20.7515,19.9342,20.6419,-1.8831,126049.72,257139.723,-0.38870000000000005,北京,软件服务,20140129,
300369.SZ,绿盟科技,20200514,21.4492,20.6419,21.5489,20.5322,21.509,-4.0313,99876.2,209065.747,-0.8671000000000006,北京,软件服务,20140129,
300369.SZ,绿盟科技,20200513,22.0173,21.509,22.0173,21.2798,22.0572,-2.4854,76962.84,166735.819,-0.5482000000000014,北京,软件服务,20140129,
300369.SZ,绿盟科技,20200512,21.9775,22.0572,22.3462,21.6286,22.0472,0.0454,39344.67,86369.646,0.010000000000001563,北京,软件服务,20140129,
300369.SZ,绿盟科技,20200511,22.2266,22.0472,22.725,21.5788,22.1668,-0.5395,94570.5,209186.562,-0.11959999999999837,北京,软件服务,20140129,
300369.SZ,绿盟科技,20200508,21.3894,22.1668,22.2964,21.3695,21.2399,4.364,73777.98,162386.611,0.9268999999999998,北京,软件服务,20140129,
300369.SZ,绿盟科技,20200507,21.2798,21.2399,21.509,20.9309,21.2598,-0.0936,42124.91,89575.789,-0.019899999999999807,北京,软件服务,20140129,
300369.SZ,绿盟科技,20200506,20.9409,21.2598,21.6286,20.8612,21.1801,0.3763,64344.38,136595.21,0.079699999999999,北京,软件服务,20140129,
300369.SZ,绿盟科技,20200430,19.9242,21.1801,21.499,19.6352,19.6252,7.923,81898.55,170691.794,1.5549,北京,软件服务,20140129,
300369.SZ,绿盟科技,20200429,19.4259,19.6252,20.0638,19.4259,19.6153,0.0505,44897.24,88962.9,0.009899999999998244,北京,软件服务,20140129,
300369.SZ,绿盟科技,20200428,19.7349,19.6153,20.0339,18.7581,19.9741,-1.7963,74573.14,146168.925,-0.3587999999999987,北京,软件服务,20140129,
300369.SZ,绿盟科技,20200427,20.0239,19.9741,20.2831,19.6352,20.1834,-1.037,39252.83,78561.988,-0.20929999999999893,北京,软件服务,20140129,
300369.SZ,绿盟科技,20200424,20.0438,20.1834,20.5322,19.7548,20.2831,-0.4915,43713.0,88224.958,-0.09970000000000212,北京,软件服务,20140129,
300369.SZ,绿盟科技,20200423,20.2831,20.2831,20.5123,20.0737,20.2631,0.0987,33559.19,68272.177,0.019999999999999574,北京,软件服务,20140129,
300369.SZ,绿盟科技,20200422,20.1535,20.2631,20.313,19.8943,20.2532,0.0489,37026.9,74678.696,0.009900000000001796,北京,软件服务,20140129,
300369.SZ,绿盟科技,20200421,20.1934,20.2532,20.5223,19.9541,20.1037,0.7436,45936.87,93273.83,0.14949999999999974,北京,软件服务,20140129,
300369.SZ,绿盟科技,20200420,19.8345,20.1037,20.2831,19.5156,19.8345,1.3572,42299.34,84857.721,0.26920000000000144,北京,软件服务,20140129,
300369.SZ,绿盟科技,20200417,19.6651,19.8345,20.2332,19.6651,19.6551,0.9127,67274.71,135069.101,0.17939999999999756,北京,软件服务,20140129,
300369.SZ,绿盟科技,20200416,19.4359,19.6551,19.7349,19.0471,19.4159,1.232,60050.72,117730.326,0.2392000000000003,北京,软件服务,20140129,
300369.SZ,绿盟科技,20200415,19.5854,19.4159,19.9043,19.3262,19.3462,0.3603,54473.73,107178.812,0.06970000000000098,北京,软件服务,20140129,
300369.SZ,绿盟科技,20200414,19.0471,19.3462,19.396,18.8478,18.788,2.971,53609.01,103266.094,0.5581999999999994,北京,软件服务,20140129,
300369.SZ,绿盟科技,20200413,19.5355,18.788,19.5355,18.6784,19.4259,-3.2838,55443.62,105289.095,-0.6378999999999984,北京,软件服务,20140129,
300369.SZ,绿盟科技,20200410,20.0339,19.4259,20.0737,19.1568,20.3329,-4.4608,103720.07,201796.052,-0.907,北京,软件服务,20140129,
300369.SZ,绿盟科技,20200409,20.1535,20.3329,20.3628,19.8545,19.994,1.695,43223.92,87501.608,0.33889999999999887,北京,软件服务,20140129,
300369.SZ,绿盟科技,20200408,19.6551,19.994,20.2233,19.4259,19.6651,1.6725,56495.19,112986.467,0.32890000000000086,北京,软件服务,20140129,
300369.SZ,绿盟科技,20200407,19.5953,19.6651,20.0538,19.5056,19.2564,2.1224,51014.49,100971.785,0.4086999999999996,北京,软件服务,20140129,
300369.SZ,绿盟科技,20200403,19.5156,19.2564,19.7149,19.0372,19.5156,-1.3282,59004.39,114900.552,-0.2591999999999999,北京,软件服务,20140129,
300369.SZ,绿盟科技,20200402,18.798,19.5156,19.5256,18.5587,18.8079,3.7628,65788.73,126418.946,0.7076999999999991,北京,软件服务,20140129,
300369.SZ,绿盟科技,20200401,18.7182,18.8079,19.3162,18.2797,18.7481,0.319,73627.83,139732.494,0.05979999999999919,北京,软件服务,20140129,
300369.SZ,绿盟科技,20200331,19.3162,18.7481,19.3262,18.5488,19.0073,-1.3637,62280.04,118071.693,-0.2591999999999999,北京,软件服务,20140129,
300369.SZ,绿盟科技,20200330,20.4724,19.0073,20.4724,18.6186,20.6817,-8.096,139311.44,265418.486,-1.6743999999999986,北京,软件服务,20140129,
300369.SZ,绿盟科技,20200327,21.4891,20.6817,21.509,20.4226,21.2698,-2.765,73395.97,153642.896,-0.5881000000000007,北京,软件服务,20140129,
300369.SZ,绿盟科技,20200326,21.0605,21.2698,21.5489,20.592,21.0804,0.8985,60024.7,127536.161,0.18939999999999912,北京,软件服务,20140129,
300369.SZ,绿盟科技,20200325,21.1602,21.0804,21.2299,20.6419,20.5522,2.57,63509.96,133604.875,0.5282000000000018,北京,软件服务,20140129,
300369.SZ,绿盟科技,20200324,20.6219,20.5522,20.8512,19.984,20.1236,2.1298,52665.57,107949.54,0.4285999999999994,北京,软件服务,20140129,
300369.SZ,绿盟科技,20200323,20.9309,20.1236,21.1203,19.9342,21.4592,-6.2239,63600.11,130317.554,-1.3355999999999995,北京,软件服务,20140129,
300369.SZ,绿盟科技,20200320,21.7881,21.4592,22.127,20.9309,21.3994,0.2794,70853.24,152734.413,0.05979999999999919,北京,软件服务,20140129,
300369.SZ,绿盟科技,20200319,21.1303,21.3994,21.5788,20.5621,21.0007,1.8985,75408.36,159989.614,0.3987000000000016,北京,软件服务,20140129,
300369.SZ,绿盟科技,20200318,21.21,21.0007,22.3961,20.8312,20.9309,0.3335,101094.4,219023.156,0.0697999999999972,北京,软件服务,20140129,
300369.SZ,绿盟科技,20200317,20.9309,20.9309,21.2,20.2332,20.7216,1.0101,64941.28,135152.852,0.20930000000000248,北京,软件服务,20140129,
300369.SZ,绿盟科技,20200316,22.1668,20.7216,22.6752,20.3827,22.1668,-6.5197,92378.97,198293.545,-1.4451999999999998,北京,软件服务,20140129,
300369.SZ,绿盟科技,20200313,21.0306,22.1668,22.4958,20.7017,21.7482,1.9248,99326.28,218176.139,0.41859999999999786,北京,软件服务,20140129,
300369.SZ,绿盟科技,20200312,22.1569,21.7482,22.2565,21.4392,22.1369,-1.7559,69949.69,152679.571,-0.38870000000000005,北京,软件服务,20140129,
300369.SZ,绿盟科技,20200311,23.014,22.1369,23.1735,22.1369,22.7748,-2.8009,63221.3,143247.568,-0.6378999999999984,北京,软件服务,20140129,
300369.SZ,绿盟科技,20200310,22.0871,22.7748,22.9243,21.6286,22.0971,3.0669,88212.4,197865.039,0.677699999999998,北京,软件服务,20140129,
300369.SZ,绿盟科技,20200309,23.4028,22.0971,23.6619,21.9874,23.6918,-6.731,92080.87,208521.75,-1.5946999999999996,北京,软件服务,20140129,
300369.SZ,绿盟科技,20200306,23.4227,23.6918,24.0606,23.1436,23.7815,-0.3772,65959.64,156614.24,-0.08970000000000056,北京,软件服务,20140129,
300369.SZ,绿盟科技,20200305,24.4393,23.7815,24.858,23.5224,23.941,-0.6662,84046.57,202620.438,-0.15949999999999775,北京,软件服务,20140129,
300369.SZ,绿盟科技,20200304,24.0506,23.941,24.549,23.333,24.0706,-0.5384,71022.1,170457.34,-0.12959999999999994,北京,软件服务,20140129,
300369.SZ,绿盟科技,20200303,24.3397,24.0706,25.137,23.9111,23.7117,1.5136,95123.79,234321.46,0.35889999999999844,北京,软件服务,20140129,
300369.SZ,绿盟科技,20200302,23.8214,23.7117,24.3098,23.0539,23.1237,2.5428,105227.99,250990.812,0.588000000000001,北京,软件服务,20140129,
300369.SZ,绿盟科技,20200228,23.941,23.1237,24.5988,23.024,24.8879,-7.0886,125683.32,300589.365,-1.7641999999999989,北京,软件服务,20140129,
300369.SZ,绿盟科技,20200227,25.0573,24.8879,25.9145,24.7184,24.8081,0.3217,133584.55,336978.595,0.07979999999999876,北京,软件服务,20140129,
300369.SZ,绿盟科技,20200226,26.4826,24.8081,26.7916,24.7184,26.4826,-6.323,136963.49,352696.505,-1.6745000000000019,北京,软件服务,20140129,
300369.SZ,绿盟科技,20200225,26.1238,26.4826,27.4992,24.6885,26.7916,-1.1533,153074.56,403126.124,-0.3089999999999975,北京,软件服务,20140129,
300369.SZ,绿盟科技,20200224,25.765,26.7916,26.7916,25.5258,26.2135,2.2054,111322.75,294108.018,0.5780999999999992,北京,软件服务,20140129,
300369.SZ,绿盟科技,20200221,25.9643,26.2135,27.4893,25.9244,25.755,1.7802,181997.53,485518.648,0.4585000000000008,北京,软件服务,20140129,
300369.SZ,绿盟科技,20200220,25.6952,25.755,25.9045,24.9377,25.7151,0.1552,98654.13,252475.415,0.03989999999999938,北京,软件服务,20140129,
300369.SZ,绿盟科技,20200219,25.8945,25.7151,26.7916,25.0174,25.8846,-0.6548,121354.05,316354.173,-0.16949999999999932,北京,软件服务,20140129,
300369.SZ,绿盟科技,20200218,26.7617,25.8846,26.7617,25.466,26.1337,-0.9532,101636.26,263934.426,-0.2491000000000021,北京,软件服务,20140129,
300369.SZ,绿盟科技,20200217,25.5357,26.1337,26.1537,25.3164,25.3962,2.904,137244.47,354785.258,0.7375000000000007,北京,软件服务,20140129,
300369.SZ,绿盟科技,20200214,25.9145,25.3962,26.9112,24.6686,25.9344,-2.0752,135714.6,351675.432,-0.5381999999999998,北京,软件服务,20140129,
300369.SZ,绿盟科技,20200213,25.4161,25.9344,27.559,25.1271,25.4959,1.7199,170726.92,454337.333,0.4385000000000012,北京,软件服务,20140129,
300369.SZ,绿盟科技,20200212,23.0938,25.4959,25.4959,22.6253,23.1735,10.0218,126678.65,310974.885,2.3223999999999982,北京,软件服务,20140129,
300369.SZ,绿盟科技,20200211,22.9144,23.1735,23.4127,22.2266,22.9044,1.1749,76690.61,176345.298,0.26910000000000167,北京,软件服务,20140129,
300369.SZ,绿盟科技,20200210,22.725,22.9044,23.6021,21.9276,22.3163,2.6353,118710.65,270074.147,0.5881000000000007,北京,软件服务,20140129,
300369.SZ,绿盟科技,20200207,20.3429,22.3163,22.426,20.1435,20.4126,9.3261,128130.7,275973.134,1.903699999999997,北京,软件服务,20140129,
300369.SZ,绿盟科技,20200206,18.5986,20.4126,20.4126,18.4591,18.5887,9.8119,130482.88,258791.207,1.8239000000000019,北京,软件服务,20140129,
300369.SZ,绿盟科技,20200205,18.778,18.5887,19.3162,18.3295,18.6983,-0.5861,109864.55,207970.569,-0.10960000000000036,北京,软件服务,20140129,
300369.SZ,绿盟科技,20200204,18.0803,18.6983,18.8877,18.0803,17.9209,4.338,120233.68,223494.348,0.7774000000000001,北京,软件服务,20140129,
300369.SZ,绿盟科技,20200203,17.8312,17.9209,18.5887,17.8312,19.8146,-9.5571,119258.81,216148.219,-1.893699999999999,北京,软件服务,20140129,
300369.SZ,绿盟科技,20200123,19.7648,19.8146,20.6219,19.4857,20.1236,-1.5355,101176.25,203894.78,-0.30900000000000105,北京,软件服务,20140129,
300369.SZ,绿盟科技,20200122,19.1368,20.1236,20.4126,19.1269,19.5056,3.1683,119019.24,237783.891,0.6179999999999986,北京,软件服务,20140129,
300369.SZ,绿盟科技,20200121,20.8113,19.5056,20.8113,19.1867,21.3196,-8.5086,209036.54,412593.806,-1.814,北京,软件服务,20140129,
300369.SZ,绿盟科技,20200120,19.9541,21.3196,21.7881,19.5953,19.9541,6.8432,145278.22,302894.283,1.3655000000000008,北京,软件服务,20140129,
300369.SZ,绿盟科技,20200117,19.2664,19.9541,20.4226,19.087,19.1468,4.2164,126290.21,252366.17,0.8073000000000015,北京,软件服务,20140129,
300369.SZ,绿盟科技,20200116,19.3262,19.1468,19.386,18.9375,19.0073,0.7339,55512.45,106852.6,0.13949999999999818,北京,软件服务,20140129,
300369.SZ,绿盟科技,20200115,19.0571,19.0073,19.1269,18.6784,19.1966,-0.9861,60158.8,114155.571,-0.18929999999999936,北京,软件服务,20140129,
300369.SZ,绿盟科技,20200114,19.3561,19.1966,19.4259,18.8378,19.1169,0.4169,89359.22,171591.826,0.079699999999999,北京,软件服务,20140129,
300369.SZ,绿盟科技,20200113,18.798,19.1169,19.1468,18.5687,18.9176,1.0535,83520.51,158066.957,0.19930000000000092,北京,软件服务,20140129,
300369.SZ,绿盟科技,20200110,19.2963,18.9176,19.3262,18.7282,19.1468,-1.1971,81077.02,153991.775,-0.22919999999999874,北京,软件服务,20140129,
300369.SZ,绿盟科技,20200109,18.8378,19.1468,19.1568,18.5887,18.4989,3.5024,100263.77,190721.513,0.6478999999999999,北京,软件服务,20140129,
300369.SZ,绿盟科技,20200108,18.8079,18.4989,18.9973,18.479,18.8079,-1.6429,85060.62,159907.696,-0.30900000000000105,北京,软件服务,20140129,
300369.SZ,绿盟科技,20200107,18.4491,18.8079,18.9076,18.4491,18.479,1.7799,84614.97,159442.83,0.32890000000000086,北京,软件服务,20140129,
300369.SZ,绿盟科技,20200106,18.4391,18.479,18.8179,18.2498,18.3694,0.5966,86345.31,160925.011,0.10960000000000036,北京,软件服务,20140129,
300369.SZ,绿盟科技,20200103,18.3295,18.3694,18.5089,18.1601,18.2099,0.8759,66817.74,122903.028,0.15949999999999775,北京,软件服务,20140129,
300369.SZ,绿盟科技,20200102,18.1401,18.2099,18.4192,18.0405,18.0604,0.8278,67408.45,123530.017,0.14949999999999974,北京,软件服务,20140129,
300369.SZ,绿盟科技,20191231,18.18,18.0604,18.3793,17.8112,18.1601,-0.549,66318.3,120127.36,-0.09969999999999857,北京,软件服务,20140129,
300369.SZ,绿盟科技,20191230,18.5189,18.1601,18.6684,18.0006,18.5388,-2.0427,80530.89,147340.027,-0.3786999999999985,北京,软件服务,20140129,
300369.SZ,绿盟科技,20191227,18.6883,18.5388,18.9574,18.4989,18.8677,-1.7432,39498.18,74157.195,-0.32890000000000086,北京,软件服务,20140129,
300369.SZ,绿盟科技,20191226,19.0571,18.8677,19.2863,18.6584,19.0073,-0.7345,31109.63,58699.575,-0.1396000000000015,北京,软件服务,20140129,
300369.SZ,绿盟科技,20191225,18.489,19.0073,19.2664,18.3893,18.4591,2.9698,67374.18,128287.701,0.5482000000000014,北京,软件服务,20140129,
300369.SZ,绿盟科技,20191224,18.3793,18.4591,18.5488,18.0604,18.2298,1.2578,38695.56,70960.268,0.2292999999999985,北京,软件服务,20140129,
300369.SZ,绿盟科技,20191223,18.9076,18.2298,18.9076,18.0903,18.5986,-1.9829,44621.85,82320.119,-0.36880000000000024,北京,软件服务,20140129,
300369.SZ,绿盟科技,20191220,18.9176,18.5986,19.0073,18.5986,18.8877,-1.5306,41855.19,78773.061,-0.2890999999999977,北京,软件服务,20140129,
300369.SZ,绿盟科技,20191219,18.8877,18.8877,19.077,18.6784,18.8877,0.0,41369.47,78298.899,0.0,北京,软件服务,20140129,
300369.SZ,绿盟科技,20191218,18.6186,18.8877,19.097,18.4989,18.7581,0.6909,59728.86,113192.842,0.12959999999999994,北京,软件服务,20140129,
300369.SZ,绿盟科技,20191217,18.5388,18.7581,19.0372,18.3195,18.5488,1.1284,80238.93,149831.737,0.20929999999999893,北京,软件服务,20140129,
300369.SZ,绿盟科技,20191216,18.2398,18.5488,18.6485,18.2099,18.3793,0.9222,73520.67,136187.804,0.16949999999999932,北京,软件服务,20140129,
300369.SZ,绿盟科技,20191213,18.0006,18.3793,18.4989,17.9607,17.9906,2.1606,99413.17,183236.981,0.38870000000000005,北京,软件服务,20140129,
300369.SZ,绿盟科技,20191212,17.7215,17.9906,18.19,17.5521,17.6617,1.8622,68685.65,123764.027,0.32890000000000086,北京,软件服务,20140129,
300369.SZ,绿盟科技,20191211,17.6816,17.6617,17.8411,17.5222,17.7614,-0.5613,54063.81,96030.072,-0.09969999999999857,北京,软件服务,20140129,
300369.SZ,绿盟科技,20191210,17.6418,17.7614,17.8112,17.3527,17.6418,0.6779,58832.47,104206.424,0.11959999999999837,北京,软件服务,20140129,
300369.SZ,绿盟科技,20191209,18.3793,17.6418,18.3793,17.3926,18.2896,-3.5419,111616.0,197871.904,-0.6478000000000002,北京,软件服务,20140129,
300369.SZ,绿盟科技,20191206,18.0504,18.2896,18.4292,18.0504,18.0604,1.2691,54991.81,100655.918,0.22919999999999874,北京,软件服务,20140129,
300369.SZ,绿盟科技,20191205,17.6318,18.0604,18.2398,17.4923,17.4923,3.2477,58096.58,105119.447,0.5681000000000012,北京,软件服务,20140129,
300369.SZ,绿盟科技,20191204,17.3029,17.4923,17.6816,17.3029,17.4823,0.0572,46807.58,81993.62,0.010000000000001563,北京,软件服务,20140129,
300369.SZ,绿盟科技,20191203,17.3527,17.4823,17.4923,17.1733,17.3328,0.8625,38242.82,66710.828,0.14949999999999974,北京,软件服务,20140129,
300369.SZ,绿盟科技,20191202,17.3228,17.3328,17.8012,17.0437,17.3228,0.0577,53702.3,94135.743,0.00999999999999801,北京,软件服务,20140129,
300369.SZ,绿盟科技,20191129,17.1534,17.3228,17.3727,17.0039,17.2531,0.404,31169.83,53801.483,0.06970000000000098,北京,软件服务,20140129,
300369.SZ,绿盟科技,20191128,17.4823,17.2531,17.6617,17.1534,17.3129,-0.3454,42567.28,73943.241,-0.05979999999999919,北京,软件服务,20140129,
300369.SZ,绿盟科技,20191127,17.582,17.3129,17.7315,17.2032,17.4624,-0.8561,49964.72,87330.138,-0.14949999999999974,北京,软件服务,20140129,
300369.SZ,绿盟科技,20191126,17.871,17.4624,18.0405,17.2132,17.6717,-1.1844,68956.14,121633.402,-0.20930000000000248,北京,软件服务,20140129,
300369.SZ,绿盟科技,20191125,18.6784,17.6717,18.8179,17.3926,18.6285,-5.1362,78276.32,141233.019,-0.9567999999999977,北京,软件服务,20140129,
300369.SZ,绿盟科技,20191122,19.5355,18.6285,19.705,18.5488,19.4359,-4.1542,62539.64,119283.855,-0.8074000000000012,北京,软件服务,20140129,
300369.SZ,绿盟科技,20191121,19.5854,19.4359,19.7349,19.2664,19.8146,-1.9112,45789.69,89650.285,-0.3786999999999985,北京,软件服务,20140129,
300369.SZ,绿盟科技,20191120,19.7548,19.8146,19.984,19.6551,19.8146,0.0,47201.54,93786.41,0.0,北京,软件服务,20140129,
300369.SZ,绿盟科技,20191119,18.8378,19.8146,19.984,18.8378,19.087,3.812,88472.61,174208.969,0.7275999999999989,北京,软件服务,20140129,
300369.SZ,绿盟科技,20191118,18.3395,19.087,19.1966,18.3395,18.5986,2.626,57780.03,109445.12,0.4883999999999986,北京,软件服务,20140129,
300369.SZ,绿盟科技,20191115,19.1767,18.5986,19.1867,18.5488,19.1667,-2.964,54157.05,101798.712,-0.5680999999999976,北京,软件服务,20140129,
300369.SZ,绿盟科技,20191114,18.9973,19.1667,19.3362,18.5388,18.9574,1.1041,77053.78,146253.832,0.20929999999999893,北京,软件服务,20140129,
300369.SZ,绿盟科技,20191113,18.5887,18.9574,19.087,18.5887,18.7083,1.3315,53603.39,101412.042,0.24909999999999854,北京,软件服务,20140129,
300369.SZ,绿盟科技,20191112,18.489,18.7083,18.7481,18.1999,18.2697,2.4007,56477.87,104751.842,0.438600000000001,北京,软件服务,20140129,
300369.SZ,绿盟科技,20191111,18.7481,18.2697,18.7481,18.1999,18.5288,-1.3984,54016.11,99832.194,-0.2591000000000001,北京,软件服务,20140129,
300369.SZ,绿盟科技,20191108,18.9275,18.5288,18.9375,18.4989,18.6684,-0.7478,53178.03,99714.341,-0.13959999999999795,北京,软件服务,20140129,
300369.SZ,绿盟科技,20191107,18.5388,18.6684,18.8478,18.2697,18.5587,0.5911,69318.53,129961.912,0.10969999999999658,北京,软件服务,20140129,
300369.SZ,绿盟科技,20191106,19.3063,18.5587,19.3761,18.1202,19.4658,-4.66,145206.41,270451.637,-0.9070999999999998,北京,软件服务,20140129,
300369.SZ,绿盟科技,20191105,18.5587,19.4658,19.8545,18.5587,18.7382,3.883,103124.65,201434.727,0.7276000000000025,北京,软件服务,20140129,
300369.SZ,绿盟科技,20191104,19.0372,18.7382,19.1169,18.5787,18.8877,-0.7915,82892.35,156423.142,-0.14949999999999974,北京,软件服务,20140129,
300369.SZ,绿盟科技,20191101,19.3262,18.8877,19.5654,18.4092,19.4458,-2.87,100717.17,190211.405,-0.5580999999999996,北京,软件服务,20140129,
300369.SZ,绿盟科技,20191031,19.7149,19.4458,20.0139,19.077,19.695,-1.2653,68730.3,134450.375,-0.24920000000000186,北京,软件服务,20140129,
300369.SZ,绿盟科技,20191030,19.4757,19.695,19.9342,19.0073,19.4757,1.126,70293.75,138548.354,0.2193000000000005,北京,软件服务,20140129,
300369.SZ,绿盟科技,20191029,19.1767,19.4757,19.9342,19.1468,19.3462,0.6694,84110.87,166017.366,0.12950000000000017,北京,软件服务,20140129,
300369.SZ,绿盟科技,20191028,19.5854,19.3462,19.5854,18.9375,18.6784,3.5753,106957.87,206612.959,0.6677999999999997,北京,软件服务,20140129,
300369.SZ,绿盟科技,20191025,18.6285,18.6784,18.9375,18.2398,18.3694,1.6821,57495.4,107432.3,0.30900000000000105,北京,软件服务,20140129,
300369.SZ,绿盟科技,20191024,19.1269,18.3694,19.1269,18.0205,19.1468,-4.0602,97259.28,179665.779,-0.7774000000000001,北京,软件服务,20140129,
300369.SZ,绿盟科技,20191023,19.0372,19.1468,19.406,18.778,19.1867,-0.208,86264.18,164525.143,-0.03989999999999938,北京,软件服务,20140129,
300369.SZ,绿盟科技,20191022,17.9408,19.1867,19.2365,17.9009,17.9009,7.1829,127395.45,240318.16,1.2857999999999983,北京,软件服务,20140129,
300369.SZ,绿盟科技,20191021,17.9209,17.9009,18.1102,17.5421,18.1202,-1.2103,56060.7,100152.645,-0.2193000000000005,北京,软件服务,20140129,
300369.SZ,绿盟科技,20191018,17.881,18.1202,18.3594,17.7414,18.0405,0.4418,64745.94,117466.949,0.079699999999999,北京,软件服务,20140129,
300369.SZ,绿盟科技,20191017,17.8112,18.0405,18.0604,17.2929,17.6816,2.0298,73452.07,131026.345,0.358900000000002,北京,软件服务,20140129,
300369.SZ,绿盟科技,20191016,17.6418,17.6816,18.0205,17.273,17.5321,0.8527,83507.55,148010.812,0.14949999999999974,北京,软件服务,20140129,
300369.SZ,绿盟科技,20191015,17.0437,17.5321,18.1102,17.0238,16.5554,5.8996,171058.68,301149.263,0.976700000000001,北京,软件服务,20140129,
300369.SZ,绿盟科技,20191014,17.1235,16.5554,17.1235,16.2763,16.8045,-1.4823,95953.52,160433.764,-0.2491000000000021,北京,软件服务,20140129,
300369.SZ,绿盟科技,20191011,17.1534,16.8045,17.4923,16.5454,17.2132,-2.3743,120274.02,204256.919,-0.4086999999999996,北京,软件服务,20140129,
300369.SZ,绿盟科技,20191010,16.4756,17.2132,17.2531,16.4756,16.3461,5.3046,125777.53,212715.719,0.8671000000000006,北京,软件服务,20140129,
300369.SZ,绿盟科技,20191009,16.0371,16.3461,16.5155,15.768,16.1965,0.9237,79877.76,129875.278,0.1495999999999995,北京,软件服务,20140129,
300369.SZ,绿盟科技,20191008,16.9341,16.1965,17.0238,15.9474,16.7647,-3.3893,93618.93,153389.331,-0.5682000000000009,北京,软件服务,20140129,
300369.SZ,绿盟科技,20190930,16.8942,16.7647,17.3627,16.6949,16.5653,1.2037,78151.41,133389.925,0.1994000000000007,北京,软件服务,20140129,
300369.SZ,绿盟科技,20190927,16.6351,16.5653,16.9042,16.3162,16.6052,-0.2403,96020.22,160285.511,-0.03989999999999938,北京,软件服务,20140129,
300369.SZ,绿盟科技,20190926,18.6186,16.6052,18.6385,16.6052,18.4491,-9.9945,133803.44,230827.279,-1.8439000000000014,北京,软件服务,20140129,
300369.SZ,绿盟科技,20190925,18.6883,18.4491,18.7182,18.3195,18.6883,-1.2799,54815.91,101577.383,-0.2392000000000003,北京,软件服务,20140129,
300369.SZ,绿盟科技,20190924,18.8378,18.6883,19.1767,18.5488,18.788,-0.5307,65537.37,124085.328,-0.09969999999999857,北京,软件服务,20140129,
300369.SZ,绿盟科技,20190923,18.9176,18.788,19.097,18.4192,18.8378,-0.2644,57603.83,107869.78,-0.04980000000000118,北京,软件服务,20140129,
300369.SZ,绿盟科技,20190920,18.3096,18.8378,19.1867,18.2398,18.4391,2.1623,108741.98,204995.667,0.3987000000000016,北京,软件服务,20140129,
300369.SZ,绿盟科技,20190919,18.0504,18.4391,18.489,17.8012,17.8312,3.4092,108300.25,198061.168,0.6079000000000008,北京,软件服务,20140129,
300369.SZ,绿盟科技,20190918,18.1202,17.8312,18.3395,17.3228,18.0903,-1.4323,76624.75,136959.171,-0.2591000000000001,北京,软件服务,20140129,
300369.SZ,绿盟科技,20190917,18.2498,18.0903,18.788,17.8312,18.2597,-0.9277,122223.87,224770.484,-0.16939999999999955,北京,软件服务,20140129,
300369.SZ,绿盟科技,20190916,18.0205,18.2597,18.9375,17.8611,17.8411,2.3463,162578.07,300412.15,0.41859999999999786,北京,软件服务,20140129,
300369.SZ,绿盟科技,20190912,18.1202,17.8411,18.18,17.5421,18.0903,-1.3775,75881.57,135286.867,-0.2491999999999983,北京,软件服务,20140129,
300369.SZ,绿盟科技,20190911,18.0504,18.0903,18.5388,17.7713,18.2199,-0.7113,97863.38,178358.117,-0.12959999999999994,北京,软件服务,20140129,
300369.SZ,绿盟科技,20190910,17.9209,18.2199,18.2896,17.7115,17.8511,2.066,116553.43,211237.505,0.36880000000000024,北京,软件服务,20140129,
300369.SZ,绿盟科技,20190909,17.4923,17.8511,17.891,17.1434,17.3029,3.1683,96095.42,169591.202,0.5481999999999978,北京,软件服务,20140129,
300369.SZ,绿盟科技,20190906,17.5919,17.3029,17.8212,17.1733,17.4923,-1.0828,75762.81,132317.079,-0.18939999999999912,北京,软件服务,20140129,
300369.SZ,绿盟科技,20190905,17.6119,17.4923,18.2896,17.3926,17.3926,0.5732,111018.33,197494.421,0.09969999999999857,北京,软件服务,20140129,
300369.SZ,绿盟科技,20190904,17.0039,17.3926,17.6019,16.8743,17.1135,1.6309,66652.2,115191.724,0.27910000000000323,北京,软件服务,20140129,
300369.SZ,绿盟科技,20190903,17.3029,17.1135,17.572,16.964,17.3727,-1.492,66386.16,113998.324,-0.2591999999999999,北京,软件服务,20140129,
300369.SZ,绿盟科技,20190902,16.3261,17.3727,17.6916,15.9773,16.3062,6.5405,108601.41,185766.748,1.0664999999999978,北京,软件服务,20140129,
300369.SZ,绿盟科技,20190830,16.5055,16.3062,16.9142,16.2464,16.5055,-1.2075,59054.34,98164.916,-0.19930000000000092,北京,软件服务,20140129,
300369.SZ,绿盟科技,20190829,16.7348,16.5055,17.1036,16.4756,16.6849,-1.0752,63249.99,106467.352,-0.17939999999999756,北京,软件服务,20140129,
300369.SZ,绿盟科技,20190828,16.675,16.6849,16.7148,16.2962,16.6052,0.48,45771.48,75994.228,0.079699999999999,北京,软件服务,20140129,
300369.SZ,绿盟科技,20190827,16.4258,16.6052,16.8245,16.1467,16.3361,1.6473,67376.22,112174.303,0.26910000000000167,北京,软件服务,20140129,
300369.SZ,绿盟科技,20190826,16.2862,16.3361,16.6351,16.1965,16.366,-0.1827,47775.34,78560.022,-0.02990000000000137,北京,软件服务,20140129,
300369.SZ,绿盟科技,20190823,17.0437,16.366,17.0437,15.6484,16.8544,-2.8978,66932.64,110281.106,-0.4883999999999986,北京,软件服务,20140129,
300369.SZ,绿盟科技,20190822,16.8643,16.8544,17.0238,16.5155,16.8643,-0.0587,50060.13,84183.042,-0.009900000000001796,北京,软件服务,20140129,
300369.SZ,绿盟科技,20190821,17.0437,16.8643,17.2032,16.6849,17.0039,-0.821,55856.77,94457.45,-0.1396000000000015,北京,软件服务,20140129,
300369.SZ,绿盟科技,20190820,17.0437,17.0039,17.3029,16.8544,17.2929,-1.6712,70361.06,120548.187,-0.2889999999999979,北京,软件服务,20140129,
300369.SZ,绿盟科技,20190819,16.1467,17.2929,17.4325,15.1201,15.8477,9.1193,160400.3,272008.856,1.4451999999999998,北京,软件服务,20140129,
300369.SZ,绿盟科技,20190816,15.0703,15.8477,16.1268,15.0703,15.1201,4.8121,89210.12,140271.004,0.7275999999999989,北京,软件服务,20140129,
300369.SZ,绿盟科技,20190815,14.4025,15.1201,15.14,14.4025,14.8211,2.0174,45941.04,68677.393,0.29900000000000126,北京,软件服务,20140129,
300369.SZ,绿盟科技,20190814,15.0304,14.8211,15.1799,14.7513,14.8311,-0.0674,34383.94,51508.579,-0.009999999999999787,北京,软件服务,20140129,
300369.SZ,绿盟科技,20190813,15.0204,14.8311,15.14,14.6915,15.0105,-1.1952,45539.53,67900.581,-0.17940000000000111,北京,软件服务,20140129,
300369.SZ,绿盟科技,20190812,14.8012,15.0105,15.1799,14.7513,14.8709,0.9387,49506.52,74377.578,0.13959999999999972,北京,软件服务,20140129,
300369.SZ,绿盟科技,20190809,15.3493,14.8709,15.748,14.851,15.2995,-2.8014,60159.69,92115.203,-0.4285999999999994,北京,软件服务,20140129,
300369.SZ,绿盟科技,20190808,14.7812,15.2995,15.4291,14.7613,14.5918,4.85,69152.62,105707.853,0.7077000000000009,北京,软件服务,20140129,
300369.SZ,绿盟科技,20190807,14.9806,14.5918,15.1301,14.532,14.9008,-2.0737,50593.6,75183.756,-0.30900000000000105,北京,软件服务,20140129,
300369.SZ,绿盟科技,20190806,14.9905,14.9008,15.1998,14.1732,15.2796,-2.4791,85435.29,126158.034,-0.3788,北京,软件服务,20140129,
300369.SZ,绿盟科技,20190805,15.2198,15.2796,15.6882,15.2198,15.2995,-0.1301,51842.96,80335.541,-0.019899999999999807,北京,软件服务,20140129,
300369.SZ,绿盟科技,20190802,15.1002,15.2995,15.5188,14.9806,15.4191,-0.7757,46633.39,71211.921,-0.11960000000000015,北京,软件服务,20140129,
300369.SZ,绿盟科技,20190801,15.4291,15.4191,15.5886,15.2297,15.5088,-0.5784,54030.55,83520.849,-0.08970000000000056,北京,软件服务,20140129,
300369.SZ,绿盟科技,20190731,15.449,15.5088,15.6583,15.3493,15.5487,-0.2566,42737.36,66370.514,-0.03989999999999938,北京,软件服务,20140129,
300369.SZ,绿盟科技,20190730,15.4988,15.5487,15.6982,15.4291,15.459,0.5802,71410.16,111555.694,0.08970000000000056,北京,软件服务,20140129,
300369.SZ,绿盟科技,20190729,15.2995,15.459,15.7281,15.2995,15.5487,-0.5769,49336.66,76768.007,-0.08970000000000056,北京,软件服务,20140129,
300369.SZ,绿盟科技,20190726,15.6085,15.5487,15.748,15.3095,15.449,0.6453,72233.99,112145.665,0.09970000000000034,北京,软件服务,20140129,
300369.SZ,绿盟科技,20190725,15.3693,15.449,15.5985,15.2995,15.5886,-0.8955,110149.2,170588.816,-0.13959999999999972,北京,软件服务,20140129,
300369.SZ,绿盟科技,20190724,14.552,15.5886,15.9673,14.552,14.5121,7.4179,266881.47,417347.247,1.0764999999999993,北京,软件服务,20140129,
300369.SZ,绿盟科技,20190723,13.9639,14.5121,14.6815,13.934,13.8543,4.748,85514.58,123984.726,0.6577999999999999,北京,软件服务,20140129,
300369.SZ,绿盟科技,20190722,14.1035,13.8543,14.3227,13.7247,14.1334,-1.9748,43281.01,60817.153,-0.2790999999999997,北京,软件服务,20140129,
300369.SZ,绿盟科技,20190719,14.0038,14.1334,14.4722,14.0038,14.1035,0.212,39958.66,57196.179,0.029899999999999594,北京,软件服务,20140129,
300369.SZ,绿盟科技,20190718,14.1832,14.1035,14.243,14.0536,14.1832,-0.5619,32451.99,45988.973,-0.079699999999999,北京,软件服务,20140129,
300369.SZ,绿盟科技,20190717,14.243,14.1832,14.3925,13.9539,14.2928,-0.7668,72906.58,103993.936,-0.10960000000000036,北京,软件服务,20140129,
300369.SZ,绿盟科技,20190716,14.253,14.2928,14.3925,14.0935,14.3526,-0.4166,46023.42,65792.825,-0.059800000000000963,北京,软件服务,20140129,
300369.SZ,绿盟科技,20190715,13.7247,14.3526,14.5021,13.7247,13.8044,3.9712,121212.79,172431.249,0.5482000000000014,北京,软件服务,20140129,
300369.SZ,绿盟科技,20190712,14.1035,13.8044,14.1035,13.5154,14.0835,-1.9818,54177.21,74925.893,-0.27910000000000146,北京,软件服务,20140129,
300369.SZ,绿盟科技,20190711,14.1533,14.0835,14.1533,13.8244,13.9141,1.2175,41111.74,57649.693,0.16940000000000133,北京,软件服务,20140129,
300369.SZ,绿盟科技,20190710,13.9838,13.9141,14.253,13.7646,13.924,-0.0711,43419.59,60918.287,-0.00990000000000002,北京,软件服务,20140129,
300369.SZ,绿盟科技,20190709,13.8144,13.924,14.1334,13.645,13.8244,0.7205,39384.99,54889.625,0.0995999999999988,北京,软件服务,20140129,
300369.SZ,绿盟科技,20190708,13.944,13.8244,14.0337,13.4556,13.8842,-0.4307,52902.48,73059.479,-0.05979999999999919,北京,软件服务,20140129,
300369.SZ,绿盟科技,20190705,13.944,13.8842,14.0038,13.7147,13.8044,0.5781,33539.69,46691.987,0.07980000000000054,北京,软件服务,20140129,
300369.SZ,绿盟科技,20190704,13.9539,13.8044,14.233,13.635,13.8543,-0.3602,57466.98,80179.814,-0.049900000000000944,北京,软件服务,20140129,
300369.SZ,绿盟科技,20190703,13.6649,13.8543,14.0038,13.6151,13.7546,0.7248,83226.47,115467.118,0.09970000000000034,北京,软件服务,20140129,
300369.SZ,绿盟科技,20190702,13.2562,13.7546,13.9041,13.1566,13.3061,3.3706,114904.43,156807.101,0.44849999999999923,北京,软件服务,20140129,
300369.SZ,绿盟科技,20190701,13.2562,13.3061,13.326,12.9672,12.7679,4.2153,77553.46,102649.806,0.5382000000000016,北京,软件服务,20140129,
300369.SZ,绿盟科技,20190628,12.8077,12.7679,12.9074,12.5486,12.9373,-1.3094,32188.0,41057.775,-0.16940000000000133,北京,软件服务,20140129,
300369.SZ,绿盟科技,20190627,12.7978,12.9373,13.0868,12.7878,12.7679,1.3268,33156.08,42990.862,0.16940000000000133,北京,软件服务,20140129,
300369.SZ,绿盟科技,20190626,12.9273,12.7679,13.027,12.738,12.9672,-1.537,35565.0,45829.507,-0.19930000000000092,北京,软件服务,20140129,
300369.SZ,绿盟科技,20190625,12.8675,12.9672,13.1366,12.5586,13.0071,-0.3068,68572.23,88330.484,-0.03989999999999938,北京,软件服务,20140129,
300369.SZ,绿盟科技,20190624,13.2562,13.0071,13.9041,12.9074,12.718,2.2732,135885.82,182460.724,0.28909999999999947,北京,软件服务,20140129,
300369.SZ,绿盟科技,20190621,12.7579,12.718,12.8476,12.5685,12.3891,2.6548,55985.78,71492.215,0.32890000000000086,北京,软件服务,20140129,
300369.SZ,绿盟科技,20190620,12.3094,12.3891,12.4888,12.11,12.2795,0.8925,37049.0,45708.637,0.10959999999999859,北京,软件服务,20140129,
300369.SZ,绿盟科技,20190619,12.5885,12.2795,12.6582,12.2795,12.2197,0.4894,29922.0,37363.224,0.059800000000000963,北京,软件服务,20140129,
300369.SZ,绿盟科技,20190618,12.2296,12.2197,12.3293,12.1499,12.2097,0.0819,17977.44,22049.873,0.009999999999999787,北京,软件服务,20140129,
300369.SZ,绿盟科技,20190617,12.11,12.2097,12.4589,12.0403,12.3592,-1.2096,33997.82,41595.213,-0.14949999999999974,北京,软件服务,20140129,
300369.SZ,绿盟科技,20190614,12.9074,12.3592,13.1067,12.3193,12.5187,-1.2741,58028.45,73837.268,-0.1595000000000013,北京,软件服务,20140129,
300369.SZ,绿盟科技,20190613,12.6475,12.5185,12.9847,12.5185,12.5483,-0.2375,50292.07,64522.033,-0.029799999999999827,北京,软件服务,20140129,
300369.SZ,绿盟科技,20190612,12.5681,12.5483,12.8855,12.4292,12.5384,0.079,56519.52,72117.126,0.00990000000000002,北京,软件服务,20140129,
300369.SZ,绿盟科技,20190611,12.1614,12.5384,12.6971,11.9829,12.1713,3.0161,52065.17,65082.92,0.36709999999999887,北京,软件服务,20140129,
300369.SZ,绿盟科技,20190610,12.0225,12.1713,12.2507,11.963,12.0126,1.3211,26322.52,32078.963,0.15869999999999962,北京,软件服务,20140129,
300369.SZ,绿盟科技,20190606,12.2309,12.0126,12.2904,11.963,12.2209,-1.7045,35909.91,43630.711,-0.20829999999999949,北京,软件服务,20140129,
300369.SZ,绿盟科技,20190605,12.6078,12.2209,12.6772,12.1019,12.4888,-2.1451,42236.12,52385.433,-0.26789999999999914,北京,软件服务,20140129,
300369.SZ,绿盟科技,20190604,12.6475,12.4888,12.6971,12.3003,12.8062,-2.4785,58769.76,74239.082,-0.317400000000001,北京,软件服务,20140129,
300369.SZ,绿盟科技,20190603,12.5086,12.8062,12.9847,12.3301,12.4094,3.1976,94102.93,120169.374,0.3968000000000007,北京,软件服务,20140129,
300369.SZ,绿盟科技,20190531,12.2408,12.4094,12.4094,12.1317,12.1118,2.4571,42836.73,53061.411,0.2975999999999992,北京,软件服务,20140129,
300369.SZ,绿盟科技,20190530,12.1019,12.1118,12.3896,11.8638,12.2011,-0.7319,52230.72,63636.879,-0.08929999999999971,北京,软件服务,20140129,
300369.SZ,绿盟科技,20190529,12.092,12.2011,12.3499,12.0126,12.2011,0.0,39011.32,47862.353,0.0,北京,软件服务,20140129,
300369.SZ,绿盟科技,20190528,12.5384,12.2011,12.5384,12.0523,12.3697,-1.363,65220.8,80493.083,-0.16859999999999964,北京,软件服务,20140129,
300369.SZ,绿盟科技,20190527,12.092,12.3697,12.4094,11.9333,11.9829,3.2279,60092.74,73855.085,0.38679999999999914,北京,软件服务,20140129,
300369.SZ,绿盟科技,20190524,12.0027,11.9829,12.3598,11.9432,12.4987,-4.1268,88818.4,108375.025,-0.5157999999999987,北京,软件服务,20140129,
300369.SZ,绿盟科技,20190523,13.441,12.4987,13.5799,12.4094,13.6791,-8.6292,197254.17,257828.54,-1.1804000000000006,北京,软件服务,20140129,
300369.SZ,绿盟科技,20190522,13.1831,13.6791,14.1553,13.074,12.8657,6.3222,242802.14,338266.823,0.8133999999999997,北京,软件服务,20140129,
300369.SZ,绿盟科技,20190521,12.8955,12.8657,13.074,12.6574,13.1435,-2.1136,68935.72,89472.551,-0.27779999999999916,北京,软件服务,20140129,
300369.SZ,绿盟科技,20190520,12.9947,13.1435,13.3815,12.6673,12.7268,3.2742,92415.03,121398.136,0.41669999999999874,北京,软件服务,20140129,
300369.SZ,绿盟科技,20190517,12.5582,12.7268,12.9351,12.2507,12.6177,0.8647,83202.6,105875.207,0.10910000000000153,北京,软件服务,20140129,
300369.SZ,绿盟科技,20190516,12.9153,12.6177,12.9153,12.4987,12.9153,-2.3042,49092.14,62528.58,-0.297600000000001,北京,软件服务,20140129,
300369.SZ,绿盟科技,20190515,13.0939,12.9153,13.1931,12.5483,12.9451,-0.2302,73350.16,94404.48,-0.029799999999999827,北京,软件服务,20140129,
300369.SZ,绿盟科技,20190514,12.955,12.9451,13.3121,12.8558,13.1335,-1.4345,80136.57,105049.652,-0.18839999999999968,北京,软件服务,20140129,
300369.SZ,绿盟科技,20190513,13.1732,13.1335,13.5502,12.8459,13.0939,0.3024,95848.07,127867.118,0.03960000000000008,北京,软件服务,20140129,
300369.SZ,绿盟科技,20190510,12.3796,13.0939,13.1534,12.1019,12.0721,8.4641,96382.26,123432.469,1.021799999999999,北京,软件服务,20140129,
300369.SZ,绿盟科技,20190509,12.0523,12.0721,12.3003,11.9233,12.0622,0.0821,46214.63,56593.63,0.00990000000000002,北京,软件服务,20140129,
300369.SZ,绿盟科技,20190508,12.0721,12.0622,12.4292,11.6555,12.2705,-1.6976,63023.08,76674.914,-0.20829999999999949,北京,软件服务,20140129,
300369.SZ,绿盟科技,20190507,12.6971,12.2705,12.836,11.9432,12.6574,-3.0567,93562.78,115463.144,-0.3869000000000007,北京,软件服务,20140129,
300369.SZ,绿盟科技,20190506,13.3914,12.6574,13.3914,12.6574,14.066,-10.0142,69948.11,91024.331,-1.4085999999999999,北京,软件服务,20140129,
300369.SZ,绿盟科技,20190430,13.8081,14.066,14.433,13.7386,13.9569,0.7817,64406.68,91253.655,0.10910000000000153,北京,软件服务,20140129,
300369.SZ,绿盟科技,20190429,14.4826,13.9569,14.5818,13.689,14.1156,-1.1243,88319.32,125610.634,-0.1587000000000014,北京,软件服务,20140129,
300369.SZ,绿盟科技,20190426,13.7386,14.1156,14.5818,13.689,13.8676,1.7883,95556.13,137727.359,0.2480000000000011,北京,软件服务,20140129,
300369.SZ,绿盟科技,20190425,14.4727,13.8676,14.6314,13.7882,14.6314,-5.2203,95388.0,136262.906,-0.7637999999999998,北京,软件服务,20140129,
300369.SZ,绿盟科技,20190424,13.8973,14.6314,14.6512,13.8973,14.0759,3.9465,94104.15,136296.008,0.5554999999999986,北京,软件服务,20140129,
300369.SZ,绿盟科技,20190423,14.3338,14.0759,15.0183,14.0164,14.3834,-2.1379,132826.76,193227.296,-0.3074999999999992,北京,软件服务,20140129,
300369.SZ,绿盟科技,20190422,13.818,14.3834,14.929,13.818,13.6394,5.4548,164492.72,238103.903,0.7439999999999998,北京,软件服务,20140129,
300369.SZ,绿盟科技,20190419,13.1931,13.6394,13.6394,12.955,13.074,4.3246,91484.32,123130.529,0.5654000000000003,北京,软件服务,20140129,
300369.SZ,绿盟科技,20190418,12.7764,13.074,13.2327,12.7665,12.8459,1.7757,71579.86,94374.604,0.22809999999999953,北京,软件服务,20140129,
300369.SZ,绿盟科技,20190417,12.9748,12.8459,13.2427,12.7764,12.9947,-1.1451,75967.23,99652.393,-0.1487999999999996,北京,软件服务,20140129,
300369.SZ,绿盟科技,20190416,12.4987,12.9947,13.0443,12.2507,12.6376,2.8257,86574.28,110346.334,0.3570999999999991,北京,软件服务,20140129,
300369.SZ,绿盟科技,20190415,13.1732,12.6376,13.3716,12.6078,12.8062,-1.3165,72251.82,94441.818,-0.16859999999999964,北京,软件服务,20140129,
300369.SZ,绿盟科技,20190412,13.2823,12.8062,13.2823,12.5979,13.1732,-2.786,80452.61,103921.924,-0.3669999999999991,北京,软件服务,20140129,
300369.SZ,绿盟科技,20190411,13.3418,13.1732,13.5601,12.9947,13.3121,-1.0434,81353.35,108309.757,-0.13889999999999958,北京,软件服务,20140129,
300369.SZ,绿盟科技,20190410,13.9668,13.3121,13.9668,13.1335,14.0759,-5.4263,152675.56,207097.236,-0.7638000000000016,北京,软件服务,20140129,
300369.SZ,绿盟科技,20190409,13.4807,14.0759,14.5024,13.4807,13.4212,4.8781,176111.35,251491.942,0.6547000000000001,北京,软件服务,20140129,
300369.SZ,绿盟科技,20190408,13.8775,13.4212,14.1156,13.3914,14.0263,-4.314,110332.83,152484.541,-0.6051000000000002,北京,软件服务,20140129,
300369.SZ,绿盟科技,20190404,14.185,14.0263,14.314,13.6097,14.1156,-0.6326,102600.92,144570.413,-0.08929999999999971,北京,软件服务,20140129,
300369.SZ,绿盟科技,20190403,13.7386,14.1156,14.2644,13.7386,13.8081,2.227,78420.06,111159.434,0.307500000000001,北京,软件服务,20140129,
300369.SZ,绿盟科技,20190402,14.0065,13.8081,14.1949,13.7089,14.0065,-1.4165,73958.87,104371.192,-0.19840000000000124,北京,软件服务,20140129,
300369.SZ,绿盟科技,20190401,13.7089,14.0065,14.1354,13.5601,13.451,4.1298,113563.59,159793.181,0.5555000000000003,北京,软件服务,20140129,
300369.SZ,绿盟科技,20190329,13.0443,13.451,13.6791,12.5284,12.7963,5.1163,145002.82,193465.969,0.6547000000000001,北京,软件服务,20140129,
300369.SZ,绿盟科技,20190328,12.4689,12.7963,13.3319,12.4689,12.707,0.7028,89925.38,118343.575,0.08929999999999971,北京,软件服务,20140129,
300369.SZ,绿盟科技,20190327,12.9252,12.707,13.1931,12.3003,12.7963,-0.6979,92244.61,118393.174,-0.08929999999999971,北京,软件服务,20140129,
300369.SZ,绿盟科技,20190326,13.2923,12.7963,13.451,12.7169,13.2923,-3.7315,97622.66,128734.487,-0.49599999999999866,北京,软件服务,20140129,
300369.SZ,绿盟科技,20190325,13.0641,13.2923,13.6295,13.0641,13.3418,-0.371,74635.66,100632.646,-0.0495000000000001,北京,软件服务,20140129,
300369.SZ,绿盟科技,20190322,12.9451,13.3418,13.4906,12.9451,13.1435,1.5087,74324.35,99369.477,0.1982999999999997,北京,软件服务,20140129,
300369.SZ,绿盟科技,20190321,12.7368,13.1435,13.4708,12.7268,12.7268,3.2742,114143.24,151507.499,0.41669999999999874,北京,软件服务,20140129,
300369.SZ,绿盟科技,20190320,12.9748,12.7268,13.0443,12.2904,12.9748,-1.9114,81605.18,104305.423,-0.24799999999999933,北京,软件服务,20140129,
300369.SZ,绿盟科技,20190319,12.578,12.9748,13.4708,12.578,12.5384,3.4805,121624.49,160288.917,0.4364000000000008,北京,软件服务,20140129,
300369.SZ,绿盟科技,20190318,12.2309,12.5384,12.7467,12.2209,12.2309,2.5141,75968.41,95605.93,0.3074999999999992,北京,软件服务,20140129,
300369.SZ,绿盟科技,20190315,12.2805,12.2309,12.5284,12.1813,12.3102,-0.6442,70626.08,87692.135,-0.07929999999999993,北京,软件服务,20140129,
300369.SZ,绿盟科技,20190314,12.7864,12.3102,12.7864,11.9035,12.8161,-3.9474,153017.48,189010.966,-0.5059000000000005,北京,软件服务,20140129,
300369.SZ,绿盟科技,20190313,13.2923,12.8161,13.4807,12.7566,13.5105,-5.1397,113338.51,149909.088,-0.6943999999999999,北京,软件服务,20140129,
300369.SZ,绿盟科技,20190312,13.3815,13.5105,14.3834,13.1732,13.2625,1.8699,202304.09,278270.831,0.2480000000000011,北京,软件服务,20140129,
300369.SZ,绿盟科技,20190311,12.9947,13.2625,13.3914,12.8459,12.7665,3.8852,110893.79,146687.113,0.49599999999999866,北京,软件服务,20140129,
300369.SZ,绿盟科技,20190308,12.3995,12.7665,13.7882,12.2011,13.0939,-2.5004,204587.66,270769.45,-0.327399999999999,北京,软件服务,20140129,
300369.SZ,绿盟科技,20190307,12.1217,13.0939,13.4113,12.1019,12.459,5.0959,189309.6,243988.815,0.6349,北京,软件服务,20140129,
300369.SZ,绿盟科技,20190306,12.9748,12.459,13.0839,12.1912,12.3301,1.0454,182624.22,231425.895,0.1288999999999998,北京,软件服务,20140129,
300369.SZ,绿盟科技,20190305,11.7051,12.3301,12.4094,11.5067,11.6853,5.518,134921.92,162844.474,0.6448,北京,软件服务,20140129,
300369.SZ,绿盟科技,20190304,11.7547,11.6853,12.1713,11.5563,11.6158,0.5983,125116.6,150114.482,0.06949999999999967,北京,软件服务,20140129,
300369.SZ,绿盟科技,20190301,11.6555,11.6158,11.8539,11.3877,11.7051,-0.7629,61310.27,71716.293,-0.08929999999999971,北京,软件服务,20140129,
300369.SZ,绿盟科技,20190228,11.5861,11.7051,11.8638,11.5067,11.5266,1.5486,61314.61,72409.513,0.17849999999999966,北京,软件服务,20140129,
300369.SZ,绿盟科技,20190227,11.9531,11.5266,11.9928,11.348,12.0027,-3.9666,110138.69,129910.115,-0.47610000000000063,北京,软件服务,20140129,
300369.SZ,绿盟科技,20190226,12.4987,12.0027,12.4987,11.8043,12.6078,-4.7994,134837.94,164423.381,-0.6050999999999984,北京,软件服务,20140129,
300369.SZ,绿盟科技,20190225,11.7547,12.6078,12.6078,11.7051,11.4571,10.0436,144292.5,177353.491,1.1506999999999987,北京,软件服务,20140129,
300369.SZ,绿盟科技,20190222,11.0603,11.4571,11.5563,11.0306,11.0901,3.3093,68520.18,78194.452,0.3670000000000009,北京,软件服务,20140129,
300369.SZ,绿盟科技,20190221,11.2389,11.0901,11.4472,11.0107,11.3579,-2.3578,69638.47,78986.112,-0.26780000000000115,北京,软件服务,20140129,
300369.SZ,绿盟科技,20190220,11.467,11.3579,11.5464,11.1298,11.5762,-1.8858,67935.41,77202.122,-0.21829999999999927,北京,软件服务,20140129,
300369.SZ,绿盟科技,20190219,10.9215,11.5762,11.7051,10.9215,11.0008,5.2305,158572.96,181982.524,0.5754000000000001,北京,软件服务,20140129,
300369.SZ,绿盟科技,20190218,10.5247,11.0008,11.2191,10.4255,10.3957,5.8207,129837.93,142050.283,0.6051000000000002,北京,软件服务,20140129,
300369.SZ,绿盟科技,20190215,10.485,10.3957,10.6735,10.3164,10.4652,-0.6641,88148.18,93121.538,-0.06949999999999967,北京,软件服务,20140129,
300369.SZ,绿盟科技,20190214,10.5544,10.4652,10.614,10.2767,10.3561,1.0535,121676.28,128070.768,0.10909999999999975,北京,软件服务,20140129,
300369.SZ,绿盟科技,20190213,10.0089,10.3561,10.6536,9.9593,10.1279,2.2532,207501.69,215749.511,0.2281999999999993,北京,软件服务,20140129,
300369.SZ,绿盟科技,20190212,9.9196,10.1279,10.4255,9.751,9.5724,5.8031,294516.31,296508.267,0.5555000000000003,北京,软件服务,20140129,
300369.SZ,绿盟科技,20190211,9.5228,9.5724,9.5724,9.2153,8.6995,10.0339,150166.25,143534.802,0.8728999999999996,北京,软件服务,20140129,
300369.SZ,绿盟科技,20190201,8.511,8.6995,8.7788,8.4614,8.511,2.2148,55662.03,48222.453,0.18850000000000122,北京,软件服务,20140129,
300369.SZ,绿盟科技,20190131,8.5308,8.511,8.7292,8.4416,8.4813,0.3502,35469.59,30682.353,0.02970000000000006,北京,软件服务,20140129,
300369.SZ,绿盟科技,20190130,8.7292,8.4813,8.8979,8.4317,8.8483,-4.1477,43270.92,37629.729,-0.3670000000000009,北京,软件服务,20140129,
300369.SZ,绿盟科技,20190129,8.8384,8.8483,8.9772,8.2829,8.8284,0.2254,54118.23,47386.368,0.019899999999999807,北京,软件服务,20140129,
300369.SZ,绿盟科技,20190128,8.8284,8.8284,9.1062,8.759,8.8979,-0.7811,57450.72,51797.617,-0.06949999999999967,北京,软件服务,20140129,
300369.SZ,绿盟科技,20190125,8.9772,8.8979,9.126,8.8483,9.007,-1.2113,30244.89,27364.802,-0.10909999999999975,北京,软件服务,20140129,
300369.SZ,绿盟科技,20190124,8.9078,9.007,9.1955,8.7094,8.888,1.3389,29415.0,26691.676,0.11899999999999977,北京,软件服务,20140129,
300369.SZ,绿盟科技,20190123,9.0169,8.888,9.0169,8.8384,9.0566,-1.8616,21700.49,19499.018,-0.16859999999999964,北京,软件服务,20140129,
300369.SZ,绿盟科技,20190122,9.1855,9.0566,9.4435,8.888,9.1955,-1.5105,38977.6,35443.356,-0.13889999999999958,北京,软件服务,20140129,
300369.SZ,绿盟科技,20190121,9.1756,9.1955,9.3145,9.126,9.1756,0.2169,27701.61,25728.618,0.019899999999999807,北京,软件服务,20140129,
300369.SZ,绿盟科技,20190118,9.1955,9.1756,9.2649,8.9971,9.2054,-0.3237,33681.13,31093.554,-0.029799999999999827,北京,软件服务,20140129,
300369.SZ,绿盟科技,20190117,9.1955,9.2054,9.2748,9.1161,9.1558,0.5417,48894.72,45357.39,0.049599999999999866,北京,软件服务,20140129,
300369.SZ,绿盟科技,20190116,9.3939,9.1558,9.6121,9.126,9.4831,-3.4514,78331.36,73777.423,-0.32730000000000103,北京,软件服务,20140129,
300369.SZ,绿盟科技,20190115,9.1756,9.4831,9.5526,9.1062,9.1756,3.3513,71421.32,67632.042,0.307500000000001,北京,软件服务,20140129,
300369.SZ,绿盟科技,20190114,9.2054,9.1756,9.2649,9.1062,9.2054,-0.3237,30330.89,28095.466,-0.029799999999999827,北京,软件服务,20140129,
300369.SZ,绿盟科技,20190111,9.0963,9.2054,9.255,9.0367,9.0963,1.1994,31048.71,28759.101,0.10909999999999975,北京,软件服务,20140129,
300369.SZ,绿盟科技,20190110,9.0863,9.0963,9.1657,8.9376,9.0467,0.5483,22570.92,20682.171,0.049599999999999866,北京,软件服务,20140129,
300369.SZ,绿盟科技,20190109,9.0169,9.0467,9.2947,9.007,9.0665,-0.2184,34264.49,31707.489,-0.01980000000000004,北京,软件服务,20140129,
300369.SZ,绿盟科技,20190108,9.0963,9.0665,9.2054,9.007,9.0863,-0.2179,35234.39,32372.409,-0.01980000000000004,北京,软件服务,20140129,
300369.SZ,绿盟科技,20190107,8.9971,9.0863,9.2351,8.8582,8.9871,1.1038,68443.72,62718.484,0.09919999999999973,北京,软件服务,20140129,
300369.SZ,绿盟科技,20190104,8.7689,8.9871,9.0268,8.5904,8.8284,1.7976,47200.34,42205.438,0.15869999999999962,北京,软件服务,20140129,
300369.SZ,绿盟科技,20190103,8.6896,8.8284,8.9871,8.6102,8.6896,1.5973,36009.65,32070.555,0.1387999999999998,北京,软件服务,20140129,
300369.SZ,绿盟科技,20190102,8.5904,8.6896,8.7689,8.4317,8.5904,1.1548,25443.04,22072.045,0.09919999999999973,北京,软件服务,20140129,
300369.SZ,绿盟科技,20181228,8.4317,8.5904,8.6697,8.4317,8.4317,1.8822,19489.6,16857.747,0.1587000000000014,北京,软件服务,20140129,
300369.SZ,绿盟科技,20181227,8.8284,8.4317,8.9078,8.4317,8.7094,-3.1885,27495.52,23887.649,-0.27770000000000117,北京,软件服务,20140129,
300369.SZ,绿盟科技,20181226,8.7392,8.7094,8.8284,8.6499,8.759,-0.5663,20345.89,17912.26,-0.049599999999999866,北京,软件服务,20140129,
300369.SZ,绿盟科技,20181225,8.4317,8.759,8.8483,8.3126,8.5408,2.5548,45884.27,39707.6,0.2181999999999995,北京,软件服务,20140129,
300369.SZ,绿盟科技,20181224,8.2928,8.5408,8.5705,8.2333,8.3126,2.7452,22538.82,19193.774,0.22820000000000107,北京,软件服务,20140129,
300369.SZ,绿盟科技,20181221,8.3126,8.3126,8.3622,8.2233,8.3424,-0.3572,13523.82,11298.886,-0.029799999999999827,北京,软件服务,20140129,
300369.SZ,绿盟科技,20181220,8.2233,8.3424,8.3721,8.2233,8.2531,1.082,15285.51,12800.561,0.08929999999999971,北京,软件服务,20140129,
300369.SZ,绿盟科技,20181219,8.4019,8.2531,8.4912,8.2035,8.4912,-2.8041,28222.63,23592.239,-0.2380999999999993,北京,软件服务,20140129,
300369.SZ,绿盟科技,20181218,8.5308,8.4912,8.6102,8.263,8.5408,-0.5807,24278.79,20626.42,-0.04960000000000164,北京,软件服务,20140129,
300369.SZ,绿盟科技,20181217,8.63,8.5408,8.7193,8.4713,8.7193,-2.0472,26993.89,23369.539,-0.17849999999999966,北京,软件服务,20140129,
300369.SZ,绿盟科技,20181214,8.9971,8.7193,8.9971,8.6896,8.9971,-3.0877,33435.48,29736.167,-0.27779999999999916,北京,软件服务,20140129,
300369.SZ,绿盟科技,20181213,8.8284,8.9971,9.0566,8.759,8.8284,1.9109,22991.68,20739.391,0.1686999999999994,北京,软件服务,20140129,
300369.SZ,绿盟科技,20181212,8.759,8.8284,8.878,8.6796,8.7094,1.3663,24728.34,21856.735,0.11899999999999977,北京,软件服务,20140129,
300369.SZ,绿盟科技,20181211,8.8086,8.7094,8.8086,8.6003,8.7193,-0.1135,32962.2,28887.812,-0.00990000000000002,北京,软件服务,20140129,
300369.SZ,绿盟科技,20181210,8.8284,8.7193,8.9574,8.6796,8.9276,-2.3332,27469.74,24301.985,-0.20829999999999949,北京,软件服务,20140129,
300369.SZ,绿盟科技,20181207,8.9871,8.9276,9.0566,8.8284,8.9376,-0.1119,30801.36,27763.442,-0.009999999999999787,北京,软件服务,20140129,
300369.SZ,绿盟科技,20181206,9.0566,8.9376,9.1855,8.9276,9.3145,-4.0464,43701.0,39806.639,-0.3769000000000009,北京,软件服务,20140129,
300369.SZ,绿盟科技,20181205,8.8582,9.3145,9.3542,8.7788,9.0566,2.8476,71391.81,66093.601,0.25790000000000113,北京,软件服务,20140129,
300369.SZ,绿盟科技,20181204,8.9574,9.0566,9.0566,8.8681,9.0169,0.4403,41882.83,37932.034,0.039699999999999847,北京,软件服务,20140129,
300369.SZ,绿盟科技,20181203,9.0467,9.0169,9.2252,8.9276,8.8384,2.0196,43891.41,40141.718,0.17849999999999966,北京,软件服务,20140129,
300369.SZ,绿盟科技,20181130,8.7392,8.8384,8.8979,8.6102,8.7689,0.7926,23465.62,20678.395,0.06949999999999967,北京,软件服务,20140129,
300369.SZ,绿盟科技,20181129,9.1459,8.7689,9.1558,8.7292,9.0764,-3.3879,30512.79,27444.887,-0.3074999999999992,北京,软件服务,20140129,
300369.SZ,绿盟科技,20181128,8.8582,9.0764,9.0863,8.6896,8.8483,2.5779,31604.51,28555.29,0.22809999999999953,北京,软件服务,20140129,
300369.SZ,绿盟科技,20181127,8.8384,8.8483,8.9971,8.759,8.7888,0.677,32215.77,28856.61,0.059499999999999886,北京,软件服务,20140129,
300369.SZ,绿盟科技,20181126,8.9078,8.7888,8.9673,8.6598,8.8582,-0.7835,26511.9,23519.04,-0.0693999999999999,北京,软件服务,20140129,
300369.SZ,绿盟科技,20181123,9.1558,8.8582,9.2649,8.7689,9.1558,-3.2504,59216.96,53694.132,-0.2975999999999992,北京,软件服务,20140129,
300369.SZ,绿盟科技,20181122,9.1955,9.1558,9.4038,9.126,9.1855,-0.3233,41062.3,38238.75,-0.02970000000000006,北京,软件服务,20140129,
300369.SZ,绿盟科技,20181121,9.374,9.1855,9.5327,9.1657,9.255,-0.7509,49485.4,46734.404,-0.06950000000000145,北京,软件服务,20140129,
300369.SZ,绿盟科技,20181120,9.4633,9.255,9.751,9.255,9.4831,-2.4053,91089.43,87228.897,-0.22809999999999953,北京,软件服务,20140129,
300369.SZ,绿盟科技,20181119,9.0467,9.4831,9.7708,9.0367,9.0764,4.4809,100683.21,95911.811,0.4067000000000007,北京,软件服务,20140129,
300369.SZ,绿盟科技,20181116,9.007,9.0764,9.1855,9.007,9.1062,-0.3272,55924.07,51247.829,-0.029799999999999827,北京,软件服务,20140129,
300369.SZ,绿盟科技,20181115,8.8979,9.1062,9.2054,8.8979,8.8681,2.6849,58699.66,53707.998,0.2380999999999993,北京,软件服务,20140129,
300369.SZ,绿盟科技,20181114,8.9673,8.8681,9.0268,8.8384,8.9673,-1.1062,45542.78,41051.824,-0.09919999999999973,北京,软件服务,20140129,
300369.SZ,绿盟科技,20181113,8.8086,8.9673,9.0963,8.7788,8.9971,-0.3312,49534.18,44653.357,-0.029799999999999827,北京,软件服务,20140129,
300369.SZ,绿盟科技,20181112,8.392,8.9971,9.0566,8.392,8.392,7.2104,68542.1,61071.23,0.6051000000000002,北京,软件服务,20140129,
300369.SZ,绿盟科技,20181109,8.4217,8.392,8.511,8.3721,8.4317,-0.4708,29217.63,24889.895,-0.039699999999999847,北京,软件服务,20140129,
300369.SZ,绿盟科技,20181108,8.64,8.4317,8.6896,8.4317,8.5705,-1.6195,30414.58,26088.927,-0.1387999999999998,北京,软件服务,20140129,
300369.SZ,绿盟科技,20181107,8.6003,8.5705,8.7491,8.5507,8.6003,-0.3465,31700.44,27710.028,-0.029800000000001603,北京,软件服务,20140129,
300369.SZ,绿盟科技,20181106,8.6102,8.6003,8.7094,8.4416,8.63,-0.3441,30199.64,26131.019,-0.02970000000000006,北京,软件服务,20140129,
300369.SZ,绿盟科技,20181105,8.7193,8.63,8.7888,8.4912,8.7292,-1.1364,46929.51,40806.136,-0.09919999999999973,北京,软件服务,20140129,
300369.SZ,绿盟科技,20181102,8.64,8.7292,8.7987,8.64,8.4416,3.4069,63888.24,56171.805,0.2876000000000012,北京,软件服务,20140129,
300369.SZ,绿盟科技,20181101,8.3721,8.4416,8.6201,8.3721,8.3225,1.4311,53474.23,45802.518,0.11909999999999954,北京,软件服务,20140129,
300369.SZ,绿盟科技,20181031,8.2333,8.3225,8.4713,8.1638,8.2333,1.0834,33665.6,28345.339,0.08919999999999995,北京,软件服务,20140129,
300369.SZ,绿盟科技,20181030,8.1341,8.2333,8.2928,7.9654,8.144,1.0965,25115.21,20660.516,0.08929999999999971,北京,软件服务,20140129,
300369.SZ,绿盟科技,20181029,8.0845,8.144,8.3821,8.0349,8.1341,0.1217,18606.72,15404.766,0.00990000000000002,北京,软件服务,20140129,
300369.SZ,绿盟科技,20181026,8.1837,8.1341,8.3126,8.0646,8.0745,0.7381,24621.0,20312.432,0.05959999999999965,北京,软件服务,20140129,
300369.SZ,绿盟科技,20181025,8.015,8.0745,8.1142,7.8365,8.2035,-1.5725,25170.22,20244.632,-0.12899999999999956,北京,软件服务,20140129,
300369.SZ,绿盟科技,20181024,8.2035,8.2035,8.4118,8.1539,8.3325,-1.5482,31024.32,25888.991,-0.12899999999999956,北京,软件服务,20140129,
300369.SZ,绿盟科技,20181023,8.2829,8.3325,8.4317,8.0745,8.2829,0.5988,36860.71,30553.798,0.049599999999999866,北京,软件服务,20140129,
300369.SZ,绿盟科技,20181022,8.0547,8.2829,8.511,7.9952,8.0051,3.4703,52766.18,43949.927,0.27779999999999916,北京,软件服务,20140129,
300369.SZ,绿盟科技,20181019,7.6083,8.0051,8.0745,7.4992,7.777,2.933,34681.81,27802.526,0.2281000000000004,北京,软件服务,20140129,
300369.SZ,绿盟科技,20181018,7.7373,7.777,7.896,7.5885,7.7869,-0.1271,34089.24,26606.387,-0.00990000000000002,北京,软件服务,20140129,
300369.SZ,绿盟科技,20181017,7.7869,7.7869,7.9258,7.5389,7.6182,2.2144,40386.18,31400.019,0.1687000000000003,北京,软件服务,20140129,
300369.SZ,绿盟科技,20181016,7.9853,7.6182,8.0547,7.519,7.8563,-3.0307,34053.75,26605.971,-0.2381000000000002,北京,软件服务,20140129,
300369.SZ,绿盟科技,20181015,8.0845,7.8563,8.2035,7.8563,8.0051,-1.8588,20683.29,16777.249,-0.1488000000000005,北京,软件服务,20140129,
300369.SZ,绿盟科技,20181012,7.8166,8.0051,8.0944,7.5885,7.9258,1.0005,40273.73,31772.204,0.07930000000000081,北京,软件服务,20140129,
300369.SZ,绿盟科技,20181011,8.3821,7.9258,8.4317,7.8662,8.7392,-9.3075,58978.24,48488.906,-0.8134000000000006,北京,软件服务,20140129,
300369.SZ,绿盟科技,20181010,8.8582,8.7392,8.9177,8.6598,8.8483,-1.233,36105.25,32031.903,-0.10909999999999975,北京,软件服务,20140129,
300369.SZ,绿盟科技,20181009,8.9276,8.8483,8.9673,8.7788,8.9177,-0.7782,31142.45,27843.053,-0.0693999999999999,北京,软件服务,20140129,
300369.SZ,绿盟科技,20181008,9.2748,8.9177,9.2748,8.3721,9.3046,-4.1582,64600.69,58228.249,-0.3869000000000007,北京,软件服务,20140129,
300369.SZ,绿盟科技,20180928,9.3145,9.3046,9.4633,9.2351,9.3244,-0.2123,33758.96,31842.225,-0.01980000000000004,北京,软件服务,20140129,
300369.SZ,绿盟科技,20180927,9.5426,9.3244,9.6022,9.3145,9.6022,-2.8931,41634.06,39513.708,-0.27779999999999916,北京,软件服务,20140129,
300369.SZ,绿盟科技,20180926,9.5327,9.6022,9.6914,9.4633,9.5823,0.2077,30911.8,29832.904,0.019899999999999807,北京,软件服务,20140129,
300369.SZ,绿盟科技,20180925,9.6815,9.5823,9.7113,9.5526,9.7212,-1.4288,29250.24,28348.451,-0.13889999999999958,北京,软件服务,20140129,
300369.SZ,绿盟科技,20180921,9.5724,9.7212,9.7212,9.3839,9.5426,1.8716,45328.96,43760.956,0.17859999999999943,北京,软件服务,20140129,
300369.SZ,绿盟科技,20180920,9.5724,9.5426,9.6716,9.4534,9.622,-0.8252,34219.72,33042.216,-0.07939999999999969,北京,软件服务,20140129,
300369.SZ,绿盟科技,20180919,9.5228,9.622,9.741,9.4534,9.5823,0.4143,58417.37,56645.364,0.039699999999999847,北京,软件服务,20140129,
300369.SZ,绿盟科技,20180918,9.0665,9.5823,9.5922,9.0665,9.1459,4.7715,57807.05,54427.138,0.4364000000000008,北京,软件服务,20140129,
300369.SZ,绿盟科技,20180917,9.5228,9.1459,9.5228,9.0268,9.5228,-3.9579,59183.12,55241.732,-0.3769000000000009,北京,软件服务,20140129,
300369.SZ,绿盟科技,20180914,9.7014,9.5228,9.7807,9.4831,9.6914,-1.7397,48964.96,47288.216,-0.16859999999999964,北京,软件服务,20140129,
300369.SZ,绿盟科技,20180913,9.503,9.6914,9.751,9.4831,9.4633,2.4104,68086.26,66098.657,0.22809999999999953,北京,软件服务,20140129,
300369.SZ,绿盟科技,20180912,9.5426,9.4633,9.5922,9.4038,9.5625,-1.0374,46168.13,44201.892,-0.09919999999999973,北京,软件服务,20140129,
300369.SZ,绿盟科技,20180911,9.3443,9.5625,9.6815,9.2748,9.3939,1.7948,60840.28,58235.328,0.16859999999999964,北京,软件服务,20140129,
300369.SZ,绿盟科技,20180910,9.7014,9.3939,9.7113,9.2847,9.7212,-3.3669,94679.99,90278.84,-0.32729999999999926,北京,软件服务,20140129,
300369.SZ,绿盟科技,20180907,9.6022,9.7212,10.0882,9.5228,9.5724,1.5545,143724.23,141880.118,0.1487999999999996,北京,软件服务,20140129,
300369.SZ,绿盟科技,20180906,9.2252,9.5724,10.0485,9.1955,9.2649,3.319,129126.39,125835.101,0.3074999999999992,北京,软件服务,20140129,
300369.SZ,绿盟科技,20180905,9.4831,9.2649,9.6418,9.255,9.5625,-3.1122,57441.0,54735.473,-0.2975999999999992,北京,软件服务,20140129,
300369.SZ,绿盟科技,20180904,9.2054,9.5625,9.741,9.1657,9.2252,3.6563,68917.1,65645.853,0.3373000000000008,北京,软件服务,20140129,
300369.SZ,绿盟科技,20180903,9.2153,9.2252,9.2451,8.8384,9.1657,0.6492,43065.0,39257.446,0.059499999999999886,北京,软件服务,20140129,
300369.SZ,绿盟科技,20180831,9.2153,9.1657,9.3443,9.1359,9.2252,-0.645,34066.98,31727.057,-0.059499999999999886,北京,软件服务,20140129,
300369.SZ,绿盟科技,20180830,9.4137,9.2252,9.6518,9.2252,9.5228,-3.1251,58150.67,55151.563,-0.297600000000001,北京,软件服务,20140129,
300369.SZ,绿盟科技,20180829,9.2351,9.5228,10.1378,9.2153,9.2153,3.3368,87777.15,85358.65,0.307500000000001,北京,软件服务,20140129,
300369.SZ,绿盟科技,20180828,9.255,9.2153,9.3641,9.1558,9.255,-0.429,36801.99,34281.274,-0.03970000000000162,北京,软件服务,20140129,
300369.SZ,绿盟科技,20180827,9.126,9.255,9.3244,8.8384,9.1657,0.9743,64031.99,58760.336,0.08930000000000149,北京,软件服务,20140129,
300369.SZ,绿盟科技,20180824,9.126,9.1657,9.2252,9.0467,9.1855,-0.2156,29564.99,27234.684,-0.01980000000000004,北京,软件服务,20140129,
300369.SZ,绿盟科技,20180823,8.9078,9.1855,9.2451,8.9078,8.9276,2.8888,62607.0,57625.487,0.25789999999999935,北京,软件服务,20140129,
300369.SZ,绿盟科技,20180822,8.9772,8.9276,9.0467,8.878,8.9772,-0.5525,36374.0,32879.742,-0.049599999999999866,北京,软件服务,20140129,
300369.SZ,绿盟科技,20180821,8.8582,8.9772,9.0467,8.7888,8.8582,1.3434,38580.23,34725.033,0.11899999999999977,北京,软件服务,20140129,
300369.SZ,绿盟科技,20180820,8.6995,8.8582,8.9078,8.5408,8.6995,1.8242,44149.06,38813.984,0.15869999999999962,北京,软件服务,20140129,
300369.SZ,绿盟科技,20180817,9.0268,8.6995,9.0566,8.6796,8.9078,-2.3384,37547.64,33516.7,-0.20829999999999949,北京,软件服务,20140129,
300369.SZ,绿盟科技,20180816,8.8979,8.9078,9.0764,8.7788,8.9772,-0.7731,36664.0,33044.585,-0.0693999999999999,北京,软件服务,20140129,
300369.SZ,绿盟科技,20180815,9.1855,8.9772,9.2252,8.9078,9.1756,-2.1623,37341.0,34155.037,-0.19839999999999947,北京,软件服务,20140129,
300369.SZ,绿盟科技,20180814,9.2947,9.1756,9.374,9.1359,9.3145,-1.4912,32848.0,30524.124,-0.13890000000000136,北京,软件服务,20140129,
300369.SZ,绿盟科技,20180813,8.9078,9.3145,9.4137,8.7987,9.0268,3.1872,70914.0,65294.049,0.28770000000000095,北京,软件服务,20140129,
300369.SZ,绿盟科技,20180810,8.9376,9.0268,9.0467,8.878,9.0268,0.0,45744.96,41306.137,0.0,北京,软件服务,20140129,
300369.SZ,绿盟科技,20180809,8.7292,9.0268,9.1062,8.6499,8.7392,3.2909,60193.46,54508.222,0.2875999999999994,北京,软件服务,20140129,
300369.SZ,绿盟科技,20180808,8.9574,8.7392,8.9574,8.6796,8.9673,-2.5437,55800.46,49497.375,-0.22809999999999953,北京,软件服务,20140129,
300369.SZ,绿盟科技,20180807,8.8284,8.9673,8.9971,8.7392,8.7888,2.031,43434.34,38945.82,0.17849999999999966,北京,软件服务,20140129,
300369.SZ,绿盟科技,20180806,8.9475,8.7888,9.0764,8.759,8.8979,-1.2261,34341.01,30920.778,-0.10909999999999975,北京,软件服务,20140129,
300369.SZ,绿盟科技,20180803,8.9871,8.8979,9.126,8.8979,9.0169,-1.3197,39404.0,35844.088,-0.11899999999999977,北京,软件服务,20140129,
300369.SZ,绿盟科技,20180802,9.5327,9.0169,9.6121,8.9574,9.5724,-5.8031,83233.08,76967.883,-0.5555000000000003,北京,软件服务,20140129,
300369.SZ,绿盟科技,20180801,9.8006,9.5724,9.9196,9.5625,9.7708,-2.0305,40138.42,39353.755,-0.19839999999999947,北京,软件服务,20140129,
300369.SZ,绿盟科技,20180731,9.8204,9.7708,9.8402,9.7014,9.8204,-0.5051,25230.98,24881.893,-0.049599999999999866,北京,软件服务,20140129,
300369.SZ,绿盟科技,20180730,9.8006,9.8204,9.8402,9.6518,9.7906,0.3044,31312.26,30792.827,0.029799999999999827,北京,软件服务,20140129,
300369.SZ,绿盟科技,20180727,9.9196,9.7906,9.9493,9.751,9.9394,-1.4971,44084.98,43706.189,-0.1487999999999996,北京,软件服务,20140129,
300369.SZ,绿盟科技,20180726,10.237,9.9394,10.237,9.8502,10.1477,-2.0527,52936.02,53213.838,-0.20830000000000126,北京,软件服务,20140129,
300369.SZ,绿盟科技,20180725,10.118,10.1477,10.485,10.0386,10.1676,-0.1957,57714.71,59483.963,-0.019899999999999807,北京,软件服务,20140129,
300369.SZ,绿盟科技,20180724,9.989,10.1676,10.2965,9.8601,9.9593,2.0915,72110.62,73557.553,0.20829999999999949,北京,软件服务,20140129,
300369.SZ,绿盟科技,20180723,9.9394,9.9593,10.1676,9.8006,9.9394,0.2002,55817.69,56113.944,0.019900000000001583,北京,软件服务,20140129,
300369.SZ,绿盟科技,20180720,9.6319,9.9394,10.0981,9.5625,9.7212,2.2446,77202.46,77282.81,0.2181999999999995,北京,软件服务,20140129,
300369.SZ,绿盟科技,20180719,9.6617,9.7212,9.7807,9.5327,9.6617,0.6158,41185.33,40225.931,0.059499999999999886,北京,软件服务,20140129,
300369.SZ,绿盟科技,20180718,9.8601,9.6617,9.9394,9.6319,9.8105,-1.5167,62274.69,61159.023,-0.1487999999999996,北京,软件服务,20140129,
300369.SZ,绿盟科技,20180717,9.8007,9.8106,9.9289,9.6134,9.9289,-1.1915,88912.11,87602.1,-0.11829999999999963,北京,软件服务,20140129,
300369.SZ,绿盟科技,20180716,10.205,9.9289,10.3134,9.5937,10.6092,-6.4124,174255.12,173932.333,-0.680299999999999,北京,软件服务,20140129,
300369.SZ,绿盟科技,20180713,10.5698,10.6092,10.7966,10.5106,10.6487,-0.3709,43948.89,47364.693,-0.03950000000000031,北京,软件服务,20140129,
300369.SZ,绿盟科技,20180712,10.2543,10.6487,10.698,10.1853,10.2543,3.8462,61233.74,65528.113,0.3943999999999992,北京,软件服务,20140129,
300369.SZ,绿盟科技,20180711,10.067,10.2543,10.2937,9.9979,10.4416,-1.7938,57443.04,59245.049,-0.1872999999999987,北京,软件服务,20140129,
300369.SZ,绿盟科技,20180710,10.4515,10.4416,10.5304,10.274,10.4811,-0.3769,42873.04,45256.601,-0.03950000000000031,北京,软件服务,20140129,
300369.SZ,绿盟科技,20180709,10.5304,10.4811,10.5501,10.2543,10.3726,1.046,54668.05,57828.601,0.10849999999999937,北京,软件服务,20140129,
300369.SZ,绿盟科技,20180706,10.3332,10.3726,10.6487,10.0965,10.1754,1.938,89532.42,94273.871,0.19720000000000049,北京,软件服务,20140129,
300369.SZ,绿盟科技,20180705,10.4022,10.1754,10.7473,10.0078,10.4318,-2.4579,77818.98,81739.745,-0.25640000000000107,北京,软件服务,20140129,
300369.SZ,绿盟科技,20180704,10.8459,10.4318,10.8459,10.3332,10.8952,-4.2532,62791.57,67243.748,-0.46340000000000003,北京,软件服务,20140129,
300369.SZ,绿盟科技,20180703,10.4515,10.8952,10.9445,10.3332,10.4022,4.7394,74543.49,80748.89,0.4930000000000003,北京,软件服务,20140129,
300369.SZ,绿盟科技,20180702,10.4416,10.4022,10.5895,10.2543,10.5501,-1.4019,51513.54,54469.784,-0.14789999999999992,北京,软件服务,20140129,
300369.SZ,绿盟科技,20180629,9.9486,10.5501,10.7473,9.8599,9.781,7.8632,95777.15,100721.189,0.7690999999999999,北京,软件服务,20140129,
300369.SZ,绿盟科技,20180628,9.9585,9.781,10.2543,9.6627,10.0177,-2.3628,52193.99,52954.516,-0.23669999999999902,北京,软件服务,20140129,
300369.SZ,绿盟科技,20180627,9.8599,10.0177,10.136,9.6824,9.9289,0.8944,89676.06,90395.27,0.0887999999999991,北京,软件服务,20140129,
300369.SZ,绿盟科技,20180626,9.1697,9.9289,10.2346,9.0711,9.3077,6.674,145879.46,145654.131,0.6212,北京,软件服务,20140129,
300369.SZ,绿盟科技,20180625,9.5641,9.3077,9.6528,9.2782,9.4951,-1.9736,51347.18,49196.129,-0.18740000000000023,北京,软件服务,20140129,
300369.SZ,绿盟科技,20180622,9.288,9.4951,9.712,9.1894,9.3866,1.1559,70958.36,68049.953,0.10850000000000115,北京,软件服务,20140129,
300369.SZ,绿盟科技,20180621,9.643,9.3866,9.712,9.1894,9.643,-2.6589,62336.22,59823.11,-0.25640000000000107,北京,软件服务,20140129,
300369.SZ,绿盟科技,20180620,9.288,9.643,9.7317,9.1697,9.288,3.8221,67731.14,65031.973,0.3550000000000004,北京,软件服务,20140129,
300369.SZ,绿盟科技,20180619,9.7613,9.288,9.8796,9.0021,9.8599,-5.8003,87822.07,84191.147,-0.5718999999999994,北京,软件服务,20140129,
300369.SZ,绿盟科技,20180615,10.0374,9.8599,10.1458,9.7613,10.0571,-1.9608,59873.03,60298.202,-0.19720000000000049,北京,软件服务,20140129,
300369.SZ,绿盟科技,20180614,10.4515,10.0571,10.4613,9.5838,10.4515,-3.7736,135311.64,138529.896,-0.3943999999999992,北京,软件服务,20140129,
300369.SZ,绿盟科技,20180613,10.767,10.4515,10.9642,10.3627,10.8262,-3.461,50454.6,54622.469,-0.3747000000000007,北京,软件服务,20140129,
300369.SZ,绿盟科技,20180612,10.7571,10.8262,10.905,10.4909,10.7966,0.2742,47332.37,51485.885,0.029600000000000293,北京,软件服务,20140129,
300369.SZ,绿盟科技,20180611,11.4473,10.7966,11.4769,10.6783,11.4473,-5.6843,94682.98,105224.013,-0.6507000000000005,北京,软件服务,20140129,
300369.SZ,绿盟科技,20180608,11.5361,11.4473,11.6347,11.2994,11.5164,-0.6,52653.2,61180.107,-0.0691000000000006,北京,软件服务,20140129,
300369.SZ,绿盟科技,20180607,11.7037,11.5164,11.822,11.5164,11.684,-1.4344,39024.04,46109.627,-0.16759999999999842,北京,软件服务,20140129,
300369.SZ,绿盟科技,20180606,11.753,11.684,11.9009,11.6544,11.7924,-0.9192,41927.52,49990.712,-0.10840000000000138,北京,软件服务,20140129,
300369.SZ,绿盟科技,20180605,11.4178,11.7924,11.822,11.3389,11.4276,3.1923,44620.86,52691.511,0.3648000000000007,北京,软件服务,20140129,
300369.SZ,绿盟科技,20180604,11.4966,11.4276,11.5657,11.1121,11.4473,-0.1721,40760.15,47136.985,-0.019700000000000273,北京,软件服务,20140129,
300369.SZ,绿盟科技,20180601,11.4868,11.4473,11.6248,11.3389,11.4966,-0.4288,37306.53,43439.961,-0.049300000000000566,北京,软件服务,20140129,
300369.SZ,绿盟科技,20180531,11.3487,11.4966,11.6544,11.3487,11.4276,0.6038,48948.07,57174.186,0.06900000000000084,北京,软件服务,20140129,
300369.SZ,绿盟科技,20180530,11.5262,11.4276,11.6051,11.2008,11.6938,-2.2764,56776.57,65727.332,-0.26619999999999955,北京,软件服务,20140129,
300369.SZ,绿盟科技,20180529,11.8319,11.6938,12.0882,11.684,11.9009,-1.7402,62638.8,75090.43,-0.2071000000000005,北京,软件服务,20140129,
300369.SZ,绿盟科技,20180528,11.891,11.9009,12.1474,11.7333,11.9108,-0.0831,48914.47,59436.591,-0.00990000000000002,北京,软件服务,20140129,
300369.SZ,绿盟科技,20180525,12.2164,11.9108,12.246,11.7629,12.1868,-2.2647,53110.24,64468.196,-0.2759999999999998,北京,软件服务,20140129,
300369.SZ,绿盟科技,20180524,12.6207,12.1868,12.6207,12.1474,12.6305,-3.5129,54815.84,68812.85,-0.44369999999999976,北京,软件服务,20140129,
300369.SZ,绿盟科技,20180523,12.384,12.6305,12.7784,12.2558,12.4333,1.5861,81118.32,103304.724,0.19720000000000049,北京,软件服务,20140129,
300369.SZ,绿盟科技,20180522,12.4826,12.4333,12.5714,12.246,12.4826,-0.3949,56220.52,70751.706,-0.049300000000000566,北京,软件服务,20140129,
300369.SZ,绿盟科技,20180521,11.8615,12.4826,12.5221,11.8516,11.7826,5.941,99588.35,124003.408,0.6999999999999993,北京,软件服务,20140129,
300369.SZ,绿盟科技,20180518,11.7826,11.7826,11.9108,11.5361,11.7431,0.3364,54819.19,65118.31,0.03950000000000031,北京,软件服务,20140129,
300369.SZ,绿盟科技,20180517,11.891,11.7431,12.0093,11.6938,11.8417,-0.8327,46270.98,55419.23,-0.09859999999999935,北京,软件服务,20140129,
300369.SZ,绿盟科技,20180516,12.1868,11.8417,12.2361,11.8417,12.2756,-3.5347,68994.0,84339.955,-0.4339000000000013,北京,软件服务,20140129,
300369.SZ,绿盟科技,20180515,11.9699,12.2756,12.2854,11.684,12.0093,2.2174,96975.29,117762.642,0.2663000000000011,北京,软件服务,20140129,
300369.SZ,绿盟科技,20180514,12.315,12.0093,12.5615,11.8319,12.246,-1.9329,78172.43,96089.85,-0.2367000000000008,北京,软件服务,20140129,
300369.SZ,绿盟科技,20180511,12.6207,12.246,12.6207,12.1079,12.6207,-2.9689,78594.67,98081.625,-0.3746999999999989,北京,软件服务,20140129,
300369.SZ,绿盟科技,20180510,12.9855,12.6207,13.0742,12.3939,12.946,-2.5127,75568.87,97348.416,-0.32530000000000037,北京,软件服务,20140129,
300369.SZ,绿盟科技,20180509,12.9855,12.946,13.1432,12.8376,12.9658,-0.1527,62589.33,82401.102,-0.01980000000000004,北京,软件服务,20140129,
300369.SZ,绿盟科技,20180508,12.9066,12.9658,13.1235,12.7193,13.0545,-0.6795,60594.71,79406.064,-0.08870000000000111,北京,软件服务,20140129,
300369.SZ,绿盟科技,20180507,12.4728,13.0545,13.0742,12.4728,12.4629,4.7469,114827.37,149201.091,0.5916000000000015,北京,软件服务,20140129,
300369.SZ,绿盟科技,20180504,12.5023,12.4629,12.877,12.4235,12.6502,-1.4806,69292.87,88757.812,-0.18730000000000047,北京,软件服务,20140129,
300369.SZ,绿盟科技,20180503,12.2164,12.6502,12.6995,11.9305,12.2558,3.2181,103569.32,129800.227,0.3943999999999992,北京,软件服务,20140129,
300369.SZ,绿盟科技,20180502,12.6009,12.2558,12.6798,11.8417,12.7094,-3.569,130588.14,161480.85,-0.4535999999999998,北京,软件服务,20140129,
300369.SZ,绿盟科技,20180427,12.877,12.7094,12.9165,12.2263,12.9165,-1.6034,117144.18,149595.872,-0.20709999999999873,北京,软件服务,20140129,
300369.SZ,绿盟科技,20180426,13.4588,12.9165,13.5574,12.4333,13.6264,-5.2097,180854.15,237803.248,-0.7099000000000011,北京,软件服务,20140129,
300369.SZ,绿盟科技,20180425,12.8474,13.6264,14.2968,12.6108,13.1038,3.9882,219723.74,294739.794,0.5226000000000006,北京,软件服务,20140129,
300369.SZ,绿盟科技,20180424,12.8376,13.1038,13.2714,12.1079,12.9263,1.3732,203317.45,261217.762,0.1775000000000002,北京,软件服务,20140129,
300369.SZ,绿盟科技,20180423,14.5039,12.9263,14.5039,12.9263,14.3659,-10.021,205377.63,276644.364,-1.4396000000000004,北京,软件服务,20140129,
300369.SZ,绿盟科技,20180420,14.4743,14.3659,14.8884,14.218,14.4447,-0.5455,174243.4,256533.198,-0.07879999999999932,北京,软件服务,20140129,
300369.SZ,绿盟科技,20180419,14.0996,14.4447,15.0462,13.9813,14.0996,2.4476,314778.06,463014.443,0.34509999999999863,北京,软件服务,20140129,
300369.SZ,绿盟科技,20180418,13.2911,14.0996,14.3757,13.0249,13.0644,7.9238,309959.12,435949.311,1.0352000000000015,北京,软件服务,20140129,
300369.SZ,绿盟科技,20180417,13.3109,13.0644,13.5574,12.7193,13.2714,-1.5597,179425.75,240378.423,-0.20700000000000074,北京,软件服务,20140129,
300369.SZ,绿盟科技,20180416,12.7488,13.2714,13.5771,12.6207,12.9165,2.7476,140037.67,188402.88,0.35490000000000066,北京,软件服务,20140129,
300369.SZ,绿盟科技,20180413,12.5122,12.9165,13.0446,12.5122,12.7488,1.3154,81931.61,106790.639,0.16769999999999996,北京,软件服务,20140129,
300369.SZ,绿盟科技,20180412,12.9165,12.7488,12.9658,12.5516,12.7981,-0.3852,90859.86,117412.302,-0.049300000000000566,北京,软件服务,20140129,
300369.SZ,绿盟科技,20180411,13.0939,12.7981,13.5081,12.5319,13.2123,-3.135,152690.38,201397.216,-0.414200000000001,北京,软件服务,20140129,
300369.SZ,绿盟科技,20180410,13.2123,13.2123,13.7447,13.0151,13.2024,0.075,110506.8,149475.055,0.00990000000000002,北京,软件服务,20140129,
300369.SZ,绿盟科技,20180409,13.0644,13.2024,13.5869,12.9756,13.2123,-0.0749,70860.31,95525.773,-0.00990000000000002,北京,软件服务,20140129,
300369.SZ,绿盟科技,20180404,13.5179,13.2123,13.6855,13.163,13.4095,-1.4706,95302.57,129381.598,-0.1971999999999987,北京,软件服务,20140129,
300369.SZ,绿盟科技,20180403,13.6067,13.4095,13.7644,13.0151,13.8827,-3.4086,182912.32,247214.696,-0.4732000000000003,北京,软件服务,20140129,
300369.SZ,绿盟科技,20180402,13.9517,13.8827,14.4743,13.5376,13.8926,-0.0713,190924.88,271519.523,-0.00990000000000002,北京,软件服务,20140129,
300369.SZ,绿盟科技,20180330,13.6067,13.8926,14.1884,13.5869,13.4588,3.2232,174880.24,246897.215,0.43379999999999974,北京,软件服务,20140129,
300369.SZ,绿盟科技,20180329,13.3109,13.4588,14.0503,13.2616,13.1827,2.0944,221931.9,306506.279,0.27609999999999957,北京,软件服务,20140129,
300369.SZ,绿盟科技,20180328,13.0151,13.1827,13.5475,12.9953,13.2714,-0.6684,151443.53,204280.386,-0.08869999999999933,北京,软件服务,20140129,
300369.SZ,绿盟科技,20180327,12.9362,13.2714,13.4489,12.9362,12.8573,3.2207,215966.7,288817.73,0.41409999999999947,北京,软件服务,20140129,
300369.SZ,绿盟科技,20180326,11.7333,12.8573,12.9658,11.6347,11.822,8.7574,207070.47,262522.861,1.0353000000000012,北京,软件服务,20140129,
300369.SZ,绿盟科技,20180323,11.8713,11.822,12.5122,11.5262,12.5221,-5.5909,166364.52,202644.778,-0.7001000000000008,北京,软件服务,20140129,
300369.SZ,绿盟科技,20180322,12.5122,12.5221,12.6995,12.1375,12.4629,0.475,123162.7,155550.765,0.059200000000000585,北京,软件服务,20140129,
300369.SZ,绿盟科技,20180321,13.2911,12.4629,13.6658,12.4136,13.2024,-5.6013,184399.86,243654.843,-0.7395000000000014,北京,软件服务,20140129,
300369.SZ,绿盟科技,20180320,12.8277,13.2024,13.2714,12.7193,13.0446,1.2097,141451.69,186761.067,0.15779999999999994,北京,软件服务,20140129,
300369.SZ,绿盟科技,20180319,12.5023,13.0446,13.3602,12.3742,12.5023,4.3376,224081.52,296331.912,0.5423000000000009,北京,软件服务,20140129,
300369.SZ,绿盟科技,20180316,12.5615,12.5023,12.9263,12.453,12.6502,-1.1692,153671.61,197549.953,-0.14789999999999992,北京,软件服务,20140129,
300369.SZ,绿盟科技,20180315,12.7193,12.6502,12.808,12.246,12.8967,-1.9113,197719.43,250939.154,-0.24649999999999928,北京,软件服务,20140129,
300369.SZ,绿盟科技,20180314,12.9756,12.8967,13.0742,12.7291,13.1137,-1.6548,196711.47,257001.732,-0.21700000000000053,北京,软件服务,20140129,
300369.SZ,绿盟科技,20180313,13.2517,13.1137,13.3404,12.8474,13.439,-2.4206,267241.85,354560.646,-0.32530000000000037,北京,软件服务,20140129,
300369.SZ,绿盟科技,20180312,13.0052,13.439,13.8531,12.8277,12.6404,6.3178,491018.73,660070.812,0.7986000000000004,北京,软件服务,20140129,
300369.SZ,绿盟科技,20180309,11.5361,12.6404,12.6404,11.4868,11.4868,10.0428,333792.03,414834.807,1.153599999999999,北京,软件服务,20140129,
300369.SZ,绿盟科技,20180308,11.2896,11.4868,11.6741,11.0825,11.3192,1.4807,198194.95,229237.016,0.1676000000000002,北京,软件服务,20140129,
300369.SZ,绿盟科技,20180307,11.0332,11.3192,11.5558,11.0234,11.0234,2.6834,225940.87,258963.333,0.29579999999999984,北京,软件服务,20140129,
300369.SZ,绿盟科技,20180306,11.3783,11.0234,11.3783,10.9149,11.3389,-2.7825,168002.86,189752.894,-0.3155000000000001,北京,软件服务,20140129,
300369.SZ,绿盟科技,20180305,11.1811,11.3389,11.4769,10.9543,11.1811,1.4113,158490.91,180951.642,0.15779999999999994,北京,软件服务,20140129,
300369.SZ,绿盟科技,20180302,11.4868,11.1811,11.6347,10.9543,11.684,-4.3042,235760.12,269722.454,-0.5028999999999986,北京,软件服务,20140129,
300369.SZ,绿盟科技,20180301,10.8853,11.684,11.96,10.7571,10.905,7.1435,331486.84,382182.734,0.7789999999999999,北京,软件服务,20140129,
300369.SZ,绿盟科技,20180228,11.0924,10.905,11.4178,10.7966,11.2896,-3.4067,231609.41,260396.521,-0.3846000000000007,北京,软件服务,20140129,
300369.SZ,绿盟科技,20180227,11.2206,11.2896,11.7333,11.0529,11.191,0.8811,259115.69,298418.149,0.09859999999999935,北京,软件服务,20140129,
300369.SZ,绿盟科技,20180226,10.8459,11.191,11.4966,10.7867,11.0431,1.3393,264815.2,299380.138,0.14789999999999992,北京,软件服务,20140129,
300369.SZ,绿盟科技,20180223,11.0825,11.0431,11.5558,10.7966,10.6881,3.3215,330909.46,373079.183,0.3550000000000004,北京,软件服务,20140129,
300369.SZ,绿盟科技,20180222,9.5247,10.6881,10.6881,9.4754,9.712,10.0505,189522.52,192739.567,0.9761000000000006,北京,软件服务,20140129,
300369.SZ,绿盟科技,20180214,10.5205,9.712,10.5205,9.4458,10.4318,-6.9001,241765.19,243590.562,-0.7198000000000011,北京,软件服务,20140129,
300369.SZ,绿盟科技,20180213,9.4556,10.4318,10.4318,9.3965,9.4852,9.9798,197102.93,205803.824,0.9466000000000001,北京,软件服务,20140129,
300369.SZ,绿盟科技,20180212,9.219,9.4852,9.8205,9.219,10.2444,-7.4109,151346.46,144130.764,-0.7591999999999999,北京,软件服务,20140129,
300369.SZ,绿盟科技,20180126,10.1261,10.2444,10.3923,10.0078,10.1754,0.6781,95434.56,98672.011,0.06900000000000084,北京,软件服务,20140129,
300369.SZ,绿盟科技,20180125,9.7416,10.1754,10.3134,9.7416,9.7712,4.1366,131280.08,135523.389,0.40419999999999945,北京,软件服务,20140129,
300369.SZ,绿盟科技,20180124,9.6627,9.7712,10.0867,9.643,9.7317,0.4059,104491.64,104766.928,0.03950000000000031,北京,软件服务,20140129,
300369.SZ,绿盟科技,20180123,9.5148,9.7317,9.8106,9.3669,9.4852,2.5988,107484.89,104696.875,0.24649999999999928,北京,软件服务,20140129,
300369.SZ,绿盟科技,20180122,9.0317,9.4852,9.5148,9.0218,9.1204,3.9998,117585.91,111798.087,0.3648000000000007,北京,软件服务,20140129,
300369.SZ,绿盟科技,20180119,9.0514,9.1204,9.2289,8.9528,9.0612,0.6533,39065.87,36072.764,0.059200000000000585,北京,软件服务,20140129,
300369.SZ,绿盟科技,20180118,8.9331,9.0612,9.1204,8.8936,8.9922,0.7673,33242.15,30447.758,0.06899999999999906,北京,软件服务,20140129,
300369.SZ,绿盟科技,20180117,8.9429,8.9922,9.0612,8.6373,8.9528,0.4401,45058.55,40404.346,0.039400000000000546,北京,软件服务,20140129,
300369.SZ,绿盟科技,20180116,8.9429,8.9528,9.0317,8.864,8.9429,0.1107,34026.16,30848.426,0.00990000000000002,北京,软件服务,20140129,
300369.SZ,绿盟科技,20180115,9.1598,8.9429,9.1598,8.9331,9.1796,-2.5785,49175.95,45024.907,-0.2367000000000008,北京,软件服务,20140129,
300369.SZ,绿盟科技,20180112,9.4458,9.1796,9.4458,9.1697,9.4359,-2.7162,63635.4,59953.033,-0.25629999999999953,北京,软件服务,20140129,
300369.SZ,绿盟科技,20180111,9.2486,9.4359,9.5049,9.0612,9.1796,2.7921,107401.08,101599.864,0.25629999999999953,北京,软件服务,20140129,
300369.SZ,绿盟科技,20180110,9.0612,9.1796,9.2091,8.8936,8.9922,2.084,63734.28,58577.589,0.18740000000000023,北京,软件服务,20140129,
300369.SZ,绿盟科技,20180109,9.0514,8.9922,9.0514,8.9429,9.0711,-0.8698,24689.36,22498.379,-0.07889999999999908,北京,软件服务,20140129,
300369.SZ,绿盟科技,20180108,9.0908,9.0711,9.1105,8.9232,9.1007,-0.3252,45806.54,41808.911,-0.029600000000000293,北京,软件服务,20140129,
300369.SZ,绿盟科技,20180105,9.1796,9.1007,9.2979,9.081,9.1598,-0.6452,39279.28,36479.68,-0.05910000000000082,北京,软件服务,20140129,
300369.SZ,绿盟科技,20180104,9.1401,9.1598,9.3176,9.1105,9.1401,0.2155,55524.95,51777.174,0.019700000000000273,北京,软件服务,20140129,
300369.SZ,绿盟科技,20180103,8.9331,9.1401,9.1401,8.8739,8.9232,2.4307,64860.85,59289.433,0.21690000000000076,北京,软件服务,20140129,
300369.SZ,绿盟科技,20180102,8.9429,8.9232,9.0119,8.8739,8.9725,-0.5495,51403.54,46425.643,-0.049300000000000566,北京,软件服务,20140129,
300369.SZ,绿盟科技,20171229,8.9725,8.9725,9.0021,8.8345,8.9429,0.331,29104.13,26337.15,0.029600000000000293,北京,软件服务,20140129,
300369.SZ,绿盟科技,20171228,8.9232,8.9429,9.0119,8.9133,8.9429,0.0,24432.87,22202.212,0.0,北京,软件服务,20140129,
300369.SZ,绿盟科技,20171227,8.9626,8.9429,9.0415,8.9035,8.9824,-0.4397,24366.54,22154.942,-0.03950000000000031,北京,软件服务,20140129,
300369.SZ,绿盟科技,20171226,8.9035,8.9824,9.0021,8.7161,9.0119,-0.3273,40147.61,36100.146,-0.029500000000000526,北京,软件服务,20140129,
300369.SZ,绿盟科技,20171225,9.0514,9.0119,9.3669,8.9528,8.9725,0.4391,64901.6,60342.371,0.039400000000000546,北京,软件服务,20140129,
300369.SZ,绿盟科技,20171222,9.1007,8.9725,9.15,8.9725,9.1007,-1.4087,23489.6,21557.763,-0.12819999999999965,北京,软件服务,20140129,
300369.SZ,绿盟科技,20171221,9.0415,9.1007,9.15,9.0415,9.1105,-0.1076,25517.15,23545.868,-0.009800000000000253,北京,软件服务,20140129,
300369.SZ,绿盟科技,20171220,9.1007,9.1105,9.1993,9.0612,9.1401,-0.3238,29126.2,26938.602,-0.029600000000000293,北京,软件服务,20140129,
300369.SZ,绿盟科技,20171219,8.9626,9.1401,9.219,8.9626,8.9528,2.0921,42195.57,39036.406,0.18730000000000047,北京,软件服务,20140129,
300369.SZ,绿盟科技,20171218,9.0514,8.9528,9.1105,8.9331,9.0317,-0.8736,26948.0,24528.373,-0.07890000000000086,北京,软件服务,20140129,
300369.SZ,绿盟科技,20171215,8.9528,9.0317,9.1204,8.9528,9.0514,-0.2176,24687.98,22634.513,-0.019699999999998496,北京,软件服务,20140129,
300369.SZ,绿盟科技,20171214,9.0612,9.0514,9.1401,8.9035,9.0612,-0.1082,42671.71,39194.415,-0.009800000000000253,北京,软件服务,20140129,
300369.SZ,绿盟科技,20171213,8.9429,9.0612,9.0711,8.8936,8.9331,1.434,37330.14,34118.51,0.12809999999999988,北京,软件服务,20140129,
300369.SZ,绿盟科技,20171212,9.1894,8.9331,9.1894,8.8838,9.1697,-2.5802,54268.13,49602.669,-0.23660000000000103,北京,软件服务,20140129,
300369.SZ,绿盟科技,20171211,9.15,9.1697,9.4261,9.1007,8.9824,2.0852,65670.67,61506.146,0.18730000000000047,北京,软件服务,20140129,
300369.SZ,绿盟科技,20171208,8.9626,8.9824,9.1007,8.9133,8.9725,0.1103,33220.43,30417.86,0.00990000000000002,北京,软件服务,20140129,
300369.SZ,绿盟科技,20171207,8.8739,8.9725,9.1204,8.8246,8.9429,0.331,51626.99,47084.996,0.029600000000000293,北京,软件服务,20140129,
300369.SZ,绿盟科技,20171206,8.8049,8.9429,8.9725,8.6373,8.7457,2.2548,50653.88,45181.236,0.19720000000000049,北京,软件服务,20140129,
300369.SZ,绿盟科技,20171205,9.0711,8.7457,9.1894,8.6077,9.0908,-3.7961,100558.56,90279.603,-0.3451000000000004,北京,软件服务,20140129,
300369.SZ,绿盟科技,20171204,9.2683,9.0908,9.3373,9.081,9.3768,-3.0501,60421.75,56312.601,-0.2859999999999996,北京,软件服务,20140129,
300369.SZ,绿盟科技,20171201,9.1697,9.3768,9.4754,9.15,9.2091,1.821,84672.78,80297.503,0.16769999999999996,北京,软件服务,20140129,
300369.SZ,绿盟科技,20171130,9.2683,9.2091,9.3176,9.1007,9.3275,-1.2694,52900.99,49354.123,-0.11840000000000117,北京,软件服务,20140129,
300369.SZ,绿盟科技,20171129,9.357,9.3275,9.4162,9.1796,9.4162,-0.942,60993.75,57357.688,-0.08869999999999933,北京,软件服务,20140129,
300369.SZ,绿盟科技,20171128,9.219,9.4162,9.4359,9.0612,9.1894,2.4681,79508.54,74671.598,0.22680000000000078,北京,软件服务,20140129,
300369.SZ,绿盟科技,20171127,9.4852,9.1894,9.5542,9.1697,9.4852,-3.1185,87547.32,83115.4,-0.2958000000000016,北京,软件服务,20140129,
300369.SZ,绿盟科技,20171124,9.5542,9.4852,9.6627,9.4458,9.643,-1.6364,77335.19,74997.463,-0.15779999999999994,北京,软件服务,20140129,
300369.SZ,绿盟科技,20171123,9.6726,9.643,9.9092,9.3866,9.7613,-1.2119,111122.31,108794.605,-0.11829999999999963,北京,软件服务,20140129,
300369.SZ,绿盟科技,20171122,10.0078,9.7613,10.0078,9.574,10.274,-4.9903,207190.05,205535.184,-0.5126999999999988,北京,软件服务,20140129,
300369.SZ,绿盟科技,20171121,10.9149,10.274,11.0727,10.2543,11.0825,-7.2953,263399.15,284046.091,-0.8085000000000004,北京,软件服务,20140129,
300369.SZ,绿盟科技,20171120,10.5501,11.0825,11.0924,10.2641,10.5501,5.0464,185001.31,201966.678,0.5323999999999991,北京,软件服务,20140129,
300369.SZ,绿盟科技,20171117,10.8459,10.5501,10.9248,10.136,10.7769,-2.1045,161804.53,171601.118,-0.226799999999999,北京,软件服务,20140129,
300369.SZ,绿盟科技,20171116,10.5304,10.7769,10.9741,10.5008,10.5008,2.6293,167164.35,182756.315,0.27609999999999957,北京,软件服务,20140129,
300369.SZ,绿盟科技,20171115,10.9149,10.5008,10.9248,10.5008,10.9839,-4.3983,138897.61,150884.457,-0.4831000000000003,北京,软件服务,20140129,
300369.SZ,绿盟科技,20171114,10.7374,10.9839,11.0332,10.5698,10.8163,1.5495,250864.44,275864.307,0.1676000000000002,北京,软件服务,20140129,
300369.SZ,绿盟科技,20171113,10.9938,10.8163,11.1417,10.5205,11.2797,-4.1083,325271.66,356527.139,-0.46340000000000003,北京,软件服务,20140129,
300369.SZ,绿盟科技,20171110,11.2403,11.2797,11.6741,11.0727,11.4276,-1.2942,424687.05,488195.477,-0.14789999999999992,北京,软件服务,20140129,
300369.SZ,绿盟科技,20171109,11.0529,11.4276,11.8516,10.9543,10.7769,6.0379,623376.11,725381.45,0.6507000000000005,北京,软件服务,20140129,
300369.SZ,绿盟科技,20171108,9.8106,10.7769,10.7769,9.6824,9.8007,9.9605,164151.22,171074.004,0.9761999999999986,北京,软件服务,20140129,
300369.SZ,绿盟科技,20171107,9.7416,9.8007,10.0177,9.643,9.5049,3.1121,75798.18,75376.783,0.2958000000000016,北京,软件服务,20140129,
300369.SZ,绿盟科技,20171106,9.3275,9.5049,9.5444,9.2387,9.4261,0.836,42635.99,40596.333,0.07879999999999932,北京,软件服务,20140129,
300369.SZ,绿盟科技,20171103,9.7613,9.4261,9.9388,9.3472,9.3373,0.951,54845.24,53234.481,0.0887999999999991,北京,软件服务,20140129,
300369.SZ,绿盟科技,20171102,9.4754,9.3373,9.5148,9.3275,9.4359,-1.0449,36191.06,34641.373,-0.09859999999999935,北京,软件服务,20140129,
300369.SZ,绿盟科技,20171101,9.5049,9.4359,9.5345,9.3768,9.4261,0.104,42833.17,41107.588,0.009800000000000253,北京,软件服务,20140129,
300369.SZ,绿盟科技,20171031,9.3373,9.4261,9.4852,9.2683,9.3472,0.8441,28395.37,27059.034,0.07889999999999908,北京,软件服务,20140129,
300369.SZ,绿盟科技,20171030,9.7219,9.3472,9.781,9.081,9.8303,-4.9144,67701.07,64799.697,-0.48309999999999853,北京,软件服务,20140129,
300369.SZ,绿盟科技,20171027,10.0177,9.8303,10.0374,9.8007,10.0965,-2.6366,53668.09,53833.911,-0.2662000000000013,北京,软件服务,20140129,
300369.SZ,绿盟科技,20171026,9.9289,10.0965,10.1951,9.7909,9.8599,2.3996,73523.0,74481.564,0.23660000000000103,北京,软件服务,20140129,
300369.SZ,绿盟科技,20171025,9.7712,9.8599,9.9191,9.7219,9.8303,0.3011,30799.99,30731.541,0.029600000000000293,北京,软件服务,20140129,
300369.SZ,绿盟科技,20171024,9.8698,9.8303,9.8698,9.4951,9.8796,-0.499,38997.78,38508.864,-0.049300000000000566,北京,软件服务,20140129,
300369.SZ,绿盟科技,20171023,9.8106,9.8796,9.9486,9.7712,9.8106,0.7033,25940.61,26001.892,0.06899999999999906,北京,软件服务,20140129,
300369.SZ,绿盟科技,20171020,9.6726,9.8106,9.8599,9.6627,9.6726,1.4267,30219.56,29956.329,0.13800000000000168,北京,软件服务,20140129,
300369.SZ,绿盟科技,20171019,9.9486,9.6726,10.0078,9.6627,9.9585,-2.8709,61570.26,61098.146,-0.2859000000000016,北京,软件服务,20140129,
300369.SZ,绿盟科技,20171018,10.1064,9.9585,10.1853,9.9388,10.1064,-1.4634,50143.8,51140.969,-0.14789999999999992,北京,软件服务,20140129,
300369.SZ,绿盟科技,20171017,10.2148,10.1064,10.2247,10.0571,10.1853,-0.7746,39481.7,40542.641,-0.07889999999999908,北京,软件服务,20140129,
300369.SZ,绿盟科技,20171016,10.4318,10.1853,10.4318,10.0867,10.5895,-3.817,87539.34,90787.046,-0.40419999999999945,北京,软件服务,20140129,
300369.SZ,绿盟科技,20171013,10.6388,10.5895,10.6388,10.4811,10.6487,-0.5559,43273.52,46352.074,-0.059200000000000585,北京,软件服务,20140129,
300369.SZ,绿盟科技,20171012,10.3726,10.6487,10.6585,10.3726,10.4909,1.5042,74391.08,79652.108,0.15779999999999994,北京,软件服务,20140129,
300369.SZ,绿盟科技,20171011,10.5599,10.4909,10.8952,10.4613,10.6191,-1.2073,116108.62,125803.301,-0.12819999999999965,北京,软件服务,20140129,
300369.SZ,绿盟科技,20171010,10.3233,10.6191,10.7177,10.1557,10.3036,3.062,120616.56,127720.612,0.3155000000000001,北京,软件服务,20140129,
300369.SZ,绿盟科技,20171009,10.0571,10.3036,10.3332,10.0472,9.9684,3.3626,80654.67,83569.224,0.3351999999999986,北京,软件服务,20140129,
300369.SZ,绿盟科技,20170929,9.9585,9.9684,10.0472,9.85,9.9191,0.497,64027.57,64703.069,0.049300000000000566,北京,软件服务,20140129,
300369.SZ,绿盟科技,20170928,10.1162,9.9191,10.1754,9.8993,10.1557,-2.3297,75368.84,76691.61,-0.23659999999999926,北京,软件服务,20140129,
300369.SZ,绿盟科技,20170927,10.1261,10.1557,10.1951,10.0965,10.1261,0.2923,50896.06,52383.898,0.029600000000000293,北京,软件服务,20140129,
300369.SZ,绿盟科技,20170926,10.343,10.1261,10.4318,9.9782,10.3529,-2.1907,67237.65,69380.871,-0.22680000000000078,北京,软件服务,20140129,
300369.SZ,绿盟科技,20170925,10.6487,10.3529,10.7571,10.3332,10.7276,-3.4929,57846.21,61879.083,-0.3747000000000007,北京,软件服务,20140129,
300369.SZ,绿盟科技,20170922,10.9938,10.7276,11.0234,10.6092,11.0234,-2.6834,75418.35,82340.916,-0.29579999999999984,北京,软件服务,20140129,
300369.SZ,绿盟科技,20170921,11.1022,11.0234,11.2699,10.9938,11.0628,-0.3561,77375.75,87300.425,-0.03939999999999877,北京,软件服务,20140129,
300369.SZ,绿盟科技,20170920,10.9346,11.0628,11.0727,10.905,10.9149,1.355,49324.84,55088.345,0.14789999999999992,北京,软件服务,20140129,
300369.SZ,绿盟科技,20170919,11.0431,10.9149,11.1713,10.905,11.0924,-1.6002,52626.66,58758.322,-0.1775000000000002,北京,软件服务,20140129,
300369.SZ,绿盟科技,20170918,11.0036,11.0924,11.122,10.905,10.9445,1.3514,54064.99,60290.999,0.14789999999999992,北京,软件服务,20140129,
300369.SZ,绿盟科技,20170915,11.0332,10.9445,11.1417,10.8952,11.0529,-0.9807,60064.88,66951.209,-0.10839999999999961,北京,软件服务,20140129,
300369.SZ,绿盟科技,20170914,11.0628,11.0529,11.2896,11.0431,11.191,-1.234,76360.24,86224.47,-0.13810000000000144,北京,软件服务,20140129,
300369.SZ,绿盟科技,20170913,11.0727,11.191,11.6051,11.0727,11.0529,1.2494,128010.18,147016.126,0.13810000000000144,北京,软件服务,20140129,
300369.SZ,绿盟科技,20170912,11.1614,11.0529,11.2304,10.9938,11.2206,-1.4946,93754.42,105439.844,-0.16769999999999996,北京,软件服务,20140129,
300369.SZ,绿盟科技,20170911,11.2403,11.2206,11.2994,11.0924,11.3192,-0.8711,85973.95,97455.194,-0.09860000000000113,北京,软件服务,20140129,
300369.SZ,绿盟科技,20170908,11.122,11.3192,11.398,10.9642,11.2008,1.0571,147224.23,166229.29,0.11840000000000117,北京,软件服务,20140129,
300369.SZ,绿盟科技,20170907,11.4375,11.2008,11.5952,11.1811,11.4375,-2.0695,159879.11,184359.144,-0.2367000000000008,北京,软件服务,20140129,
300369.SZ,绿盟科技,20170906,11.0135,11.4375,11.5459,10.9642,11.0727,3.2946,196079.85,224982.389,0.3648000000000007,北京,软件服务,20140129,
300369.SZ,绿盟科技,20170905,11.1318,11.0727,11.2501,10.9839,11.2699,-1.7498,127788.57,143894.561,-0.19720000000000049,北京,软件服务,20140129,
300369.SZ,绿盟科技,20170904,10.836,11.2699,11.3192,10.7276,10.9248,3.1589,267920.79,302377.379,0.3451000000000004,北京,软件服务,20140129,
300369.SZ,绿盟科技,20170901,10.4515,10.9248,11.1022,10.3825,10.4318,4.7259,193255.95,210158.771,0.49299999999999855,北京,软件服务,20140129,
300369.SZ,绿盟科技,20170831,10.5008,10.4318,10.5402,10.3134,10.4909,-0.5633,81813.52,86380.419,-0.05909999999999904,北京,软件服务,20140129,
300369.SZ,绿盟科技,20170830,10.5304,10.4909,10.698,10.412,10.4613,0.2829,98224.24,105128.313,0.029600000000000293,北京,软件服务,20140129,
300369.SZ,绿盟科技,20170829,10.3726,10.4613,10.7374,10.2937,10.4318,0.2828,124185.78,132485.78,0.02949999999999875,北京,软件服务,20140129,
300369.SZ,绿盟科技,20170828,10.343,10.4318,10.5797,10.2346,10.3923,0.3801,134608.62,142192.391,0.03950000000000031,北京,软件服务,20140129,
300369.SZ,绿盟科技,20170825,10.274,10.3923,10.4318,10.1754,10.2444,1.4437,69335.6,72780.291,0.14789999999999992,北京,软件服务,20140129,
300369.SZ,绿盟科技,20170824,10.4219,10.2444,10.5205,10.1557,10.412,-1.6097,76733.37,80331.703,-0.1676000000000002,北京,软件服务,20140129,
300369.SZ,绿盟科技,20170823,10.6092,10.412,10.698,10.2543,10.6092,-1.8588,115280.99,122110.817,-0.1971999999999987,北京,软件服务,20140129,
300369.SZ,绿盟科技,20170822,10.7473,10.6092,10.905,10.5994,10.8459,-2.1824,152625.81,165994.899,-0.2367000000000008,北京,软件服务,20140129,
300369.SZ,绿盟科技,20170821,10.9938,10.8459,11.0727,10.6388,11.0431,-1.7857,295956.08,325019.852,-0.19720000000000049,北京,软件服务,20140129,
300369.SZ,绿盟科技,20170818,9.8402,11.0431,11.0431,9.8303,10.0374,10.0195,190658.11,206987.704,1.005700000000001,北京,软件服务,20140129,
300369.SZ,绿盟科技,20170817,9.6627,10.0374,10.3529,9.4655,10.1458,-1.0684,248364.45,247929.516,-0.10839999999999961,北京,软件服务,20140129,
300369.SZ,绿盟科技,20170816,10.0275,10.1458,10.3036,9.9191,10.0374,1.08,114329.92,117633.764,0.10839999999999961,北京,软件服务,20140129,
300369.SZ,绿盟科技,20170815,9.8796,10.0374,10.136,9.85,9.8402,2.004,64299.05,65242.451,0.19720000000000049,北京,软件服务,20140129,
300369.SZ,绿盟科技,20170814,9.6331,9.8402,9.8993,9.5937,9.5937,2.5694,58195.12,57939.492,0.24649999999999928,北京,软件服务,20140129,
300369.SZ,绿盟科技,20170811,9.6331,9.5937,9.8007,9.5247,9.643,-0.5113,49050.01,48096.834,-0.049300000000000566,北京,软件服务,20140129,
300369.SZ,绿盟科技,20170810,9.781,9.643,9.8402,9.5247,9.781,-1.4109,42911.26,42070.473,-0.1379999999999999,北京,软件服务,20140129,
300369.SZ,绿盟科技,20170809,9.9191,9.781,9.9191,9.7514,9.8698,-0.8997,36104.28,35996.521,-0.0887999999999991,北京,软件服务,20140129,
300369.SZ,绿盟科技,20170808,9.6824,9.8698,9.9092,9.6233,9.7021,1.7285,53444.35,53134.487,0.16769999999999996,北京,软件服务,20140129,
300369.SZ,绿盟科技,20170807,9.5937,9.7021,9.8402,9.574,9.6528,0.5107,34792.41,34285.817,0.049300000000000566,北京,软件服务,20140129,
300369.SZ,绿盟科技,20170804,9.6923,9.6528,9.8007,9.6035,9.7514,-1.0111,53590.63,52650.373,-0.09860000000000113,北京,软件服务,20140129,
300369.SZ,绿盟科技,20170803,9.5444,9.7514,9.9191,9.4754,9.5247,2.3801,113045.04,111916.935,0.226700000000001,北京,软件服务,20140129,
300369.SZ,绿盟科技,20170802,9.4951,9.5247,9.6233,9.3768,9.5148,0.104,46427.93,44753.977,0.00990000000000002,北京,软件服务,20140129,
300369.SZ,绿盟科技,20170801,9.5345,9.5148,9.5444,9.3965,9.5444,-0.3101,35181.89,33829.516,-0.029600000000000293,北京,软件服务,20140129,
300369.SZ,绿盟科技,20170731,9.3965,9.5444,9.5937,9.3669,9.4754,0.7282,50533.85,48765.045,0.06899999999999906,北京,软件服务,20140129,
300369.SZ,绿盟科技,20170728,9.5641,9.4754,9.6726,9.4556,9.5542,-0.8248,52001.5,50336.277,-0.07879999999999932,北京,软件服务,20140129,
300369.SZ,绿盟科技,20170727,9.1105,9.5542,9.6627,9.1105,9.1401,4.5306,102860.84,98733.746,0.41409999999999947,北京,软件服务,20140129,
300369.SZ,绿盟科技,20170726,9.1401,9.1401,9.2091,9.1105,9.1303,0.1073,25509.05,23690.582,0.009800000000000253,北京,软件服务,20140129,
300369.SZ,绿盟科技,20170725,9.2387,9.1303,9.3176,9.1007,9.2387,-1.1733,34630.05,32359.013,-0.10839999999999961,北京,软件服务,20140129,
300369.SZ,绿盟科技,20170724,9.219,9.2387,9.3669,9.081,9.2387,0.0,35733.63,33406.57,0.0,北京,软件服务,20140129,
300369.SZ,绿盟科技,20170721,9.2584,9.2387,9.4162,9.219,9.2289,0.1062,33298.98,31384.732,0.009800000000000253,北京,软件服务,20140129,
300369.SZ,绿盟科技,20170720,9.15,9.2289,9.4359,9.1401,9.1894,0.4298,50720.16,47951.593,0.03950000000000031,北京,软件服务,20140129,
300369.SZ,绿盟科技,20170719,9.0908,9.1894,9.288,9.0317,9.2486,-0.6401,47530.67,44156.279,-0.059200000000000585,北京,软件服务,20140129,
300369.SZ,绿盟科技,20170718,9.1007,9.2486,9.4359,8.9922,9.2091,0.4289,83207.02,77519.574,0.03950000000000031,北京,软件服务,20140129,
300369.SZ,绿盟科技,20170717,9.9684,9.2091,10.0078,9.2091,10.2346,-10.0199,113127.95,109162.257,-1.025500000000001,北京,软件服务,20140129,
300369.SZ,绿盟科技,20170714,10.629,10.2346,10.629,10.1261,10.6585,-3.9771,87146.24,91756.891,-0.4238999999999997,北京,软件服务,20140129,
300369.SZ,绿盟科技,20170713,10.5698,10.6585,10.6783,10.5304,10.6388,0.1852,43676.47,46856.31,0.019700000000000273,北京,软件服务,20140129,
300369.SZ,绿盟科技,20170712,10.7473,10.6388,10.8163,10.5304,10.7867,-1.3711,54896.81,59214.912,-0.14789999999999992,北京,软件服务,20140129,
300369.SZ,绿盟科技,20170711,10.9543,10.7867,11.0135,10.7867,10.9642,-1.6189,48408.71,53504.967,-0.1775000000000002,北京,软件服务,20140129,
300369.SZ,绿盟科技,20170710,10.9445,10.9642,11.0825,10.9149,10.9938,-0.2692,43948.67,49025.061,-0.029600000000000293,北京,软件服务,20140129,
300369.SZ,绿盟科技,20170707,11.0628,10.9938,11.1811,10.905,11.2107,-1.9348,86399.01,96600.639,-0.21689999999999898,北京,软件服务,20140129,
300369.SZ,绿盟科技,20170706,11.2501,11.2107,11.615,11.1713,11.0825,1.1568,136749.31,157492.997,0.12819999999999965,北京,软件服务,20140129,
300369.SZ,绿盟科技,20170705,10.9248,11.0825,11.0924,10.8459,10.9445,1.2609,68823.68,76519.565,0.1379999999999999,北京,软件服务,20140129,
300369.SZ,绿盟科技,20170704,10.7867,10.9445,10.9642,10.7571,10.8163,1.1852,63753.18,70122.93,0.12819999999999965,北京,软件服务,20140129,
300369.SZ,绿盟科技,20170703,10.8952,10.8163,10.9543,10.5797,10.905,-0.8134,93004.24,101368.352,-0.08869999999999933,北京,软件服务,20140129,
300369.SZ,绿盟科技,20170630,11.122,10.905,11.122,10.8656,11.1713,-2.3838,113289.45,125413.368,-0.2663000000000011,北京,软件服务,20140129,
300369.SZ,绿盟科技,20170629,11.5065,11.1713,11.5755,11.0924,11.3586,-1.649,105349.58,120619.469,-0.1872999999999987,北京,软件服务,20140129,
300369.SZ,绿盟科技,20170628,11.4572,11.3586,11.5854,11.2699,11.3093,0.4359,50993.21,59067.834,0.04929999999999879,北京,软件服务,20140129,
300369.SZ,绿盟科技,20170627,11.3192,11.3093,11.5262,11.2699,11.3586,-0.434,30450.74,35129.335,-0.04929999999999879,北京,软件服务,20140129,
300369.SZ,绿盟科技,20170626,11.3192,11.3586,11.4572,11.122,11.2994,0.5239,36416.28,41665.925,0.05919999999999881,北京,软件服务,20140129,
300369.SZ,绿盟科技,20170623,11.2699,11.2994,11.3685,11.0924,11.2797,0.1747,65088.05,74286.24,0.019700000000000273,北京,软件服务,20140129,
300369.SZ,绿盟科技,20170622,11.7924,11.2797,11.9009,11.2403,11.8516,-4.8255,121764.61,142467.494,-0.5718999999999994,北京,软件服务,20140129,
300369.SZ,绿盟科技,20170621,11.9502,11.8516,11.9798,11.7431,12.0093,-1.3131,93994.82,112550.806,-0.15770000000000017,北京,软件服务,20140129,
300369.SZ,绿盟科技,20170620,11.8122,12.0093,12.3939,11.8122,11.822,1.5843,153202.02,189021.481,0.18730000000000047,北京,软件服务,20140129,
300369.SZ,绿盟科技,20170619,11.9108,11.822,11.9502,11.7431,11.9108,-0.7455,52711.31,63104.642,-0.08880000000000088,北京,软件服务,20140129,
300369.SZ,绿盟科技,20170616,12.0488,11.9108,12.0784,11.8713,12.1375,-1.8678,62597.91,75864.606,-0.22669999999999924,北京,软件服务,20140129,
300369.SZ,绿盟科技,20170615,11.6347,12.1375,12.1474,11.5854,11.8713,2.2424,142445.91,173253.481,0.26619999999999955,北京,软件服务,20140129,
300369.SZ,绿盟科技,20170614,11.6741,11.8713,12.0586,11.6544,11.8023,0.5846,80475.61,96399.618,0.06899999999999906,北京,软件服务,20140129,
300369.SZ,绿盟科技,20170613,11.5854,11.8023,12.0389,11.5854,11.7234,0.673,76706.27,92190.664,0.07890000000000086,北京,软件服务,20140129,
300369.SZ,绿盟科技,20170612,11.8122,11.7234,11.8417,11.6643,11.9896,-2.2203,36783.27,43872.571,-0.26619999999999955,北京,软件服务,20140129,
300369.SZ,绿盟科技,20170609,12.0093,11.9896,12.1178,11.7037,12.0685,-0.6538,67207.37,80872.802,-0.07890000000000086,北京,软件服务,20140129,
300369.SZ,绿盟科技,20170608,12.2065,12.0685,12.2657,11.9699,12.2065,-1.1305,49593.64,60933.83,-0.1379999999999999,北京,软件服务,20140129,
300369.SZ,绿盟科技,20170607,11.9206,12.2065,12.2263,11.8417,11.9009,2.5679,64046.59,78513.022,0.3056000000000001,北京,软件服务,20140129,
300369.SZ,绿盟科技,20170606,11.8319,11.9009,12.0389,11.7629,11.8812,0.1658,31381.65,37828.335,0.019700000000000273,北京,软件服务,20140129,
300369.SZ,绿盟科技,20170605,11.753,11.8812,12.0784,11.7234,11.7333,1.2605,43773.22,52855.448,0.14789999999999992,北京,软件服务,20140129,
300369.SZ,绿盟科技,20170602,11.5262,11.7333,11.8713,11.3586,11.5164,1.8834,36311.65,42811.144,0.21689999999999898,北京,软件服务,20140129,
300369.SZ,绿盟科技,20170601,12.0981,11.5164,12.2263,11.5164,12.2361,-5.8818,51400.48,61559.799,-0.7196999999999996,北京,软件服务,20140129,
300369.SZ,绿盟科技,20170531,12.5418,12.2361,12.6995,12.0882,12.2065,0.2425,72103.79,90040.541,0.029600000000000293,北京,软件服务,20140129,
300369.SZ,绿盟科技,20170526,11.8812,12.2065,12.3446,11.8713,11.8615,2.9086,78293.99,96392.7,0.34500000000000064,北京,软件服务,20140129,
300369.SZ,绿盟科技,20170525,11.8023,11.8615,12.0981,11.5262,11.9108,-0.4139,53837.88,64448.15,-0.049300000000000566,北京,软件服务,20140129,
300369.SZ,绿盟科技,20170524,11.6741,11.9108,11.9305,11.3586,11.6643,2.1133,53461.75,63460.407,0.24649999999999928,北京,软件服务,20140129,
300369.SZ,绿盟科技,20170523,12.0784,11.6643,12.0784,11.4966,12.0784,-3.4284,72294.51,86238.229,-0.41409999999999947,北京,软件服务,20140129,
300369.SZ,绿盟科技,20170522,12.1624,12.079,12.4421,11.8828,12.2017,-1.0056,40410.91,99970.285,-0.12270000000000003,北京,软件服务,20140129,
300369.SZ,绿盟科技,20170519,12.3881,12.2017,12.5598,11.9269,12.4813,-2.2402,57388.63,142897.201,-0.2795999999999985,北京,软件服务,20140129,
300369.SZ,绿盟科技,20170518,12.707,12.4813,12.9769,12.4176,12.8542,-2.901,60277.47,156080.776,-0.37290000000000134,北京,软件服务,20140129,
300369.SZ,绿盟科技,20170517,12.8738,12.8542,13.0946,12.7267,13.0848,-1.7624,93515.58,246234.568,-0.23059999999999903,北京,软件服务,20140129,
300369.SZ,绿盟科技,20170516,13.4233,13.0848,13.4282,12.6776,13.0259,0.4522,186827.41,497803.941,0.05889999999999951,北京,软件服务,20140129,
300369.SZ,绿盟科技,20170515,13.0259,13.0259,13.0259,13.0259,11.8435,9.9835,24904.92,66122.562,1.1823999999999995,北京,软件服务,20140129,
300369.SZ,绿盟科技,20170512,11.5295,11.8435,11.8534,11.4314,11.6424,1.7273,18065.28,42899.044,0.20110000000000028,北京,软件服务,20140129,
300369.SZ,绿盟科技,20170511,11.3235,11.6424,11.6571,11.0978,11.4707,1.4969,34550.24,79838.923,0.17169999999999952,北京,软件服务,20140129,
300369.SZ,绿盟科技,20170510,11.8043,11.4707,11.8828,11.3971,11.8043,-2.8261,27512.46,65604.799,-0.3335999999999988,北京,软件服务,20140129,
300369.SZ,绿盟科技,20170509,11.9956,11.8043,12.0987,11.6571,12.0447,-1.9959,33585.38,80846.182,-0.24040000000000106,北京,软件服务,20140129,
300369.SZ,绿盟科技,20170508,12.0054,12.0447,12.2606,11.8239,12.0054,0.3274,21468.04,53024.756,0.03930000000000078,北京,软件服务,20140129,
300369.SZ,绿盟科技,20170505,12.1183,12.0054,12.1428,11.976,12.1134,-0.8916,15466.7,38017.01,-0.10800000000000054,北京,软件服务,20140129,
300369.SZ,绿盟科技,20170504,12.0692,12.1134,12.3047,12.0251,12.1428,-0.2421,18752.16,46615.931,-0.029399999999998983,北京,软件服务,20140129,
300369.SZ,绿盟科技,20170503,12.1085,12.1428,12.2164,11.9956,12.1085,0.2833,17215.39,42580.175,0.0343,北京,软件服务,20140129,
300369.SZ,绿盟科技,20170502,12.2655,12.1085,12.3685,11.9907,12.4372,-2.6429,25536.59,63226.681,-0.3287000000000013,北京,软件服务,20140129,
300369.SZ,绿盟科技,20170428,12.4176,12.4372,12.5746,12.3734,12.5304,-0.7438,18290.02,46477.129,-0.0931999999999995,北京,软件服务,20140129,
300369.SZ,绿盟科技,20170427,12.3636,12.5304,12.658,11.922,12.447,0.67,39305.22,98321.95,0.08340000000000103,北京,软件服务,20140129,
300369.SZ,绿盟科技,20170426,12.5942,12.447,12.6432,12.3734,12.658,-1.6669,27909.84,70942.656,-0.2110000000000003,北京,软件服务,20140129,
300369.SZ,绿盟科技,20170425,12.3587,12.658,12.918,12.3538,12.3587,2.4218,50131.16,129545.812,0.2992999999999988,北京,软件服务,20140129,
300369.SZ,绿盟科技,20170424,12.1232,12.3587,12.5844,12.1232,12.0202,2.8161,46777.75,118091.829,0.3384999999999998,北京,软件服务,20140129,
300369.SZ,绿盟科技,20170421,12.1673,12.0202,12.3047,12.0202,12.2213,-1.6455,20351.11,50449.273,-0.2010999999999985,北京,软件服务,20140129,
300369.SZ,绿盟科技,20170420,12.0987,12.2213,12.3342,11.976,12.1428,0.6465,28478.24,70663.59,0.07850000000000001,北京,软件服务,20140129,
300369.SZ,绿盟科技,20170419,11.7798,12.1428,12.1575,11.7013,11.9073,1.9778,28862.9,69844.283,0.23550000000000004,北京,软件服务,20140129,
300369.SZ,绿盟科技,20170418,12.0054,11.9073,12.2409,11.8779,11.9956,-0.7361,25132.12,61902.089,-0.08830000000000027,北京,软件服务,20140129,
300369.SZ,绿盟科技,20170417,11.9956,11.9956,12.0643,11.8043,12.0888,-0.771,20073.85,48827.013,-0.09320000000000128,北京,软件服务,20140129,
300369.SZ,绿盟科技,20170414,12.0692,12.0888,12.2164,11.9515,12.1183,-0.2434,25416.22,62564.335,-0.02949999999999875,北京,软件服务,20140129,
300369.SZ,绿盟科技,20170413,12.1428,12.1183,12.3391,12.0153,12.1723,-0.4436,33013.29,81845.514,-0.05400000000000027,北京,软件服务,20140129,
300369.SZ,绿盟科技,20170412,12.5598,12.1723,12.5598,12.1575,12.6138,-3.5001,51625.09,129757.599,-0.44149999999999956,北京,软件服务,20140129,
300369.SZ,绿盟科技,20170411,12.3243,12.6138,12.707,11.9368,12.7021,-0.6952,78548.14,197590.532,-0.08830000000000027,北京,软件服务,20140129,
300369.SZ,绿盟科技,20170410,13.492,12.7021,13.5803,12.7021,14.1151,-10.0106,89953.34,236861.308,-1.4130000000000003,北京,软件服务,20140129,
300369.SZ,绿盟科技,20170407,14.3163,14.1151,14.3163,14.0317,14.1642,-0.3466,30187.13,87064.959,-0.049099999999999255,北京,软件服务,20140129,
300369.SZ,绿盟科技,20170406,14.1053,14.1642,14.3212,14.0268,14.1053,0.4176,32980.04,95298.31,0.05889999999999951,北京,软件服务,20140129,
300369.SZ,绿盟科技,20170405,13.8355,14.1053,14.1249,13.7422,13.7864,2.3131,32734.07,93176.181,0.3188999999999993,北京,软件服务,20140129,
300369.SZ,绿盟科技,20170331,13.6883,13.7864,14.0562,13.6883,13.8355,-0.3549,41240.28,116533.111,-0.049099999999999255,北京,软件服务,20140129,
300369.SZ,绿盟科技,20170330,13.9974,13.8355,14.223,13.7619,13.9974,-1.1566,47586.91,135524.006,-0.16190000000000104,北京,软件服务,20140129,
300369.SZ,绿盟科技,20170329,14.071,13.9974,14.1151,13.8355,14.0072,-0.07,30459.71,86781.258,-0.009799999999998477,北京,软件服务,20140129,
300369.SZ,绿盟科技,20170328,14.1102,14.0072,14.3163,13.9875,14.1838,-1.2451,41851.65,120661.214,-0.17660000000000053,北京,软件服务,20140129,
300369.SZ,绿盟科技,20170327,14.7186,14.1838,14.8118,14.1396,14.8854,-4.7133,74850.75,218204.238,-0.7016000000000009,北京,软件服务,20140129,
300369.SZ,绿盟科技,20170317,14.8559,14.8854,15.3515,14.8167,14.8363,0.3309,116614.37,358200.395,0.04910000000000103,北京,软件服务,20140129,
300369.SZ,绿盟科技,20170316,14.6499,14.8363,14.8658,14.5812,14.6499,1.2724,45919.21,138186.791,0.186399999999999,北京,软件服务,20140129,
300369.SZ,绿盟科技,20170315,14.6303,14.6499,14.8314,14.488,14.6646,-0.1002,44026.28,131208.236,-0.014699999999999491,北京,软件服务,20140129,
300369.SZ,绿盟科技,20170314,14.7873,14.6646,14.8363,14.6646,14.7823,-0.7962,34672.22,104139.915,-0.11769999999999925,北京,软件服务,20140129,
300369.SZ,绿盟科技,20170313,14.434,14.7823,14.8658,14.3555,14.4929,1.9968,52127.88,155732.098,0.28939999999999877,北京,软件服务,20140129,
300369.SZ,绿盟科技,20170310,14.6155,14.4929,14.6989,14.488,14.6352,-0.9723,33945.06,100995.18,-0.14229999999999876,北京,软件服务,20140129,
300369.SZ,绿盟科技,20170309,14.6253,14.6352,14.7186,14.4782,14.7186,-0.5666,39376.97,117055.714,-0.08340000000000103,北京,软件服务,20140129,
300369.SZ,绿盟科技,20170308,14.9148,14.7186,15.0522,14.6352,14.9393,-1.4773,62281.01,188099.361,-0.220699999999999,北京,软件服务,20140129,
300369.SZ,绿盟科技,20170307,14.7676,14.9393,15.0326,14.6793,14.8069,0.8942,86246.0,261140.562,0.13239999999999874,北京,软件服务,20140129,
300369.SZ,绿盟科技,20170306,14.9148,14.8069,15.0424,14.7235,14.7676,0.2661,75462.15,228449.692,0.03930000000000078,北京,软件服务,20140129,
300369.SZ,绿盟科技,20170303,14.4733,14.7676,14.8559,14.2868,14.5272,1.6548,81424.22,242473.01,0.24039999999999928,北京,软件服务,20140129,
300369.SZ,绿盟科技,20170302,14.4144,14.5272,14.6204,14.2917,14.4144,0.7826,58462.18,172427.514,0.11280000000000001,北京,软件服务,20140129,
300369.SZ,绿盟科技,20170301,14.3751,14.4144,14.4929,14.2623,14.3849,0.2051,37991.14,111440.95,0.029500000000000526,北京,软件服务,20140129,
300369.SZ,绿盟科技,20170228,14.4733,14.3849,14.488,14.2574,14.5174,-0.9127,43020.93,125750.162,-0.13250000000000028,北京,软件服务,20140129,
300369.SZ,绿盟科技,20170227,14.6204,14.5174,14.7088,14.4389,14.5616,-0.3035,44459.99,132085.213,-0.04420000000000002,北京,软件服务,20140129,
300369.SZ,绿盟科技,20170224,14.3261,14.5616,14.7186,14.2672,14.3653,1.3665,55123.75,163372.285,0.1963000000000008,北京,软件服务,20140129,
300369.SZ,绿盟科技,20170223,14.3506,14.3653,14.4046,14.1544,14.3751,-0.0682,36848.07,107076.971,-0.009800000000000253,北京,软件服务,20140129,
300369.SZ,绿盟科技,20170222,14.3948,14.3751,14.4487,14.0611,14.174,1.4188,70066.04,204447.339,0.20110000000000028,北京,软件服务,20140129,
300369.SZ,绿盟科技,20170221,13.9826,14.174,14.4536,13.8894,13.9238,1.7969,61073.55,176530.652,0.25019999999999953,北京,软件服务,20140129,
300369.SZ,绿盟科技,20170220,13.8845,13.9238,13.9238,13.6637,13.8256,0.7103,37166.86,104733.134,0.09820000000000029,北京,软件服务,20140129,
300369.SZ,绿盟科技,20170217,14.0857,13.8256,14.1249,13.752,14.1298,-2.1529,50441.88,143089.803,-0.3041999999999998,北京,软件服务,20140129,
300369.SZ,绿盟科技,20170216,14.0906,14.1298,14.1544,13.9826,14.0857,0.3131,34024.38,97620.072,0.04410000000000025,北京,软件服务,20140129,
300369.SZ,绿盟科技,20170215,14.0317,14.0857,14.1544,13.8992,14.174,-0.623,83662.72,239253.826,-0.08830000000000027,北京,软件服务,20140129,
300369.SZ,绿盟科技,20170214,14.3751,14.174,14.4634,14.0808,14.8805,-4.7478,121249.26,351965.648,-0.7065000000000001,北京,软件服务,20140129,
300369.SZ,绿盟科技,20170213,14.7088,14.8805,14.9541,14.3751,14.7725,0.7311,61941.26,185756.573,0.10799999999999876,北京,软件服务,20140129,
300369.SZ,绿盟科技,20170210,14.8167,14.7725,15.0718,14.5959,14.8658,-0.6276,57192.17,173023.617,-0.09329999999999927,北京,软件服务,20140129,
300369.SZ,绿盟科技,20170209,14.4487,14.8658,15.0424,14.331,14.4634,2.7822,81123.08,243099.15,0.4024000000000001,北京,软件服务,20140129,
300369.SZ,绿盟科技,20170208,14.5763,14.4634,14.5763,14.0072,14.6548,-1.3061,96044.55,278193.075,-0.1913999999999998,北京,软件服务,20140129,
300369.SZ,绿盟科技,20170207,14.9344,14.6548,14.9344,14.4978,14.7971,-0.9617,28609.3,85497.427,-0.14230000000000054,北京,软件服务,20140129,
300369.SZ,绿盟科技,20170206,14.2034,14.7971,15.2043,14.0808,14.1789,4.36,63257.35,189099.403,0.6181999999999999,北京,软件服务,20140129,
300369.SZ,绿盟科技,20170203,14.3849,14.1789,14.3899,13.8894,14.4144,-1.6338,33414.4,95828.828,-0.23550000000000004,北京,软件服务,20140129,
300369.SZ,绿盟科技,20170126,14.5665,14.4144,14.6401,14.38,14.4978,-0.5753,23666.26,69834.57,-0.08339999999999925,北京,软件服务,20140129,
300369.SZ,绿盟科技,20170125,14.4831,14.4978,14.645,14.3506,14.4831,0.1015,17932.81,53054.588,0.014699999999999491,北京,软件服务,20140129,
300369.SZ,绿盟科技,20170124,14.7774,14.4831,14.9982,14.4634,14.8707,-2.6065,26768.47,79795.852,-0.38759999999999906,北京,软件服务,20140129,
300369.SZ,绿盟科技,20170123,15.0228,14.8707,15.1847,14.7186,15.0865,-1.4304,42374.18,129269.561,-0.21579999999999977,北京,软件服务,20140129,
300369.SZ,绿盟科技,20170120,14.8608,15.0865,16.1904,14.2279,14.9786,0.7204,87598.44,267418.566,0.107899999999999,北京,软件服务,20140129,
300369.SZ,绿盟科技,20170119,14.7333,14.9786,15.1896,14.645,14.9001,0.5268,17294.54,52846.662,0.07850000000000001,北京,软件服务,20140129,
300369.SZ,绿盟科技,20170118,15.0129,14.9001,15.1013,14.8658,15.2337,-2.1899,12915.52,39425.158,-0.33360000000000056,北京,软件服务,20140129,
300369.SZ,绿盟科技,20170117,14.4733,15.2337,15.3122,14.4733,14.5763,4.5101,27933.67,85409.133,0.6574000000000009,北京,软件服务,20140129,
300369.SZ,绿盟科技,20170116,15.4888,14.5763,15.4888,14.2329,15.5232,-6.0999,45859.5,138304.812,-0.9468999999999994,北京,软件服务,20140129,
300369.SZ,绿盟科技,20170113,16.1806,15.5232,16.2836,15.3956,16.2738,-4.6123,22868.27,73598.176,-0.7506000000000022,北京,软件服务,20140129,
300369.SZ,绿盟科技,20170112,16.1414,16.2738,16.367,15.9844,16.1512,0.7591,21208.8,69808.669,0.12260000000000204,北京,软件服务,20140129,
300369.SZ,绿盟科技,20170111,16.4897,16.1512,16.5339,16.1463,16.4946,-2.0819,12469.86,41463.149,-0.34339999999999904,北京,软件服务,20140129,
300369.SZ,绿盟科技,20170110,16.4014,16.4946,16.6173,16.2395,16.4603,0.2084,14383.07,48171.236,0.03429999999999822,北京,软件服务,20140129,
300369.SZ,绿盟科技,20170109,16.5142,16.4603,16.5878,16.1168,16.6909,-1.3816,29038.55,96247.183,-0.23059999999999903,北京,软件服务,20140129,
300369.SZ,绿盟科技,20170106,16.8871,16.6909,16.9509,16.4505,16.8871,-1.1618,18321.52,62204.471,-0.19620000000000104,北京,软件服务,20140129,
300369.SZ,绿盟科技,20170105,16.9264,16.8871,16.9656,16.7399,16.9509,-0.3764,17400.27,59718.104,-0.06380000000000052,北京,软件服务,20140129,
300369.SZ,绿盟科技,20170104,16.7399,16.9509,17.0637,16.5927,16.6712,1.6777,18925.03,64797.696,0.27970000000000184,北京,软件服务,20140129,
300369.SZ,绿盟科技,20170103,16.7595,16.6712,16.7644,16.5731,16.6663,0.0294,11994.32,40811.129,0.004899999999999238,北京,软件服务,20140129,
300369.SZ,绿盟科技,20161230,16.6418,16.6663,16.7154,16.4652,16.632,0.2062,13691.19,46302.228,0.03429999999999822,北京,软件服务,20140129,
300369.SZ,绿盟科技,20161229,16.8184,16.632,17.0932,16.5927,16.9313,-1.7677,23933.56,82374.262,-0.2992999999999988,北京,软件服务,20140129,
300369.SZ,绿盟科技,20161228,16.8429,16.9313,17.1717,16.8429,16.9264,0.0289,16923.91,58662.454,0.004899999999999238,北京,软件服务,20140129,
300369.SZ,绿盟科技,20161227,16.9264,16.9264,17.0932,16.838,16.9264,0.0,12733.16,44019.243,0.0,北京,软件服务,20140129,
300369.SZ,绿盟科技,20161226,16.2935,16.9264,17.1668,16.1512,16.4554,2.8623,20440.84,69329.373,0.4710000000000001,北京,软件服务,20140129,
300369.SZ,绿盟科技,20161223,16.7056,16.4554,16.7497,16.3965,16.6565,-1.2073,15207.98,51340.762,-0.20110000000000028,北京,软件服务,20140129,
300369.SZ,绿盟科技,20161222,16.9165,16.6565,16.9411,16.5633,16.8675,-1.2509,17754.36,60557.947,-0.21099999999999852,北京,软件服务,20140129,
300369.SZ,绿盟科技,20161221,16.7841,16.8675,16.9754,16.7595,16.7546,0.6738,12963.01,44600.702,0.11289999999999978,北京,软件服务,20140129,
300369.SZ,绿盟科技,20161220,16.8528,16.7546,16.8528,16.5829,16.7694,-0.0883,16389.88,55835.236,-0.014800000000001035,北京,软件服务,20140129,
300369.SZ,绿盟科技,20161219,17.2943,16.7694,17.2943,16.7301,17.3532,-3.3642,20038.43,69379.025,-0.5838000000000001,北京,软件服务,20140129,
300369.SZ,绿盟科技,20161216,16.9754,17.3532,17.5249,16.8331,16.9999,2.0782,29701.85,104218.639,0.35330000000000084,北京,软件服务,20140129,
300369.SZ,绿盟科技,20161215,16.4848,16.9999,17.049,16.3818,16.5486,2.7271,42757.45,146887.335,0.4512999999999998,北京,软件服务,20140129,
300369.SZ,绿盟科技,20161214,16.5093,16.5486,16.6124,15.9844,16.4112,0.8372,37346.14,124028.444,0.13739999999999952,北京,软件服务,20140129,
300369.SZ,绿盟科技,20161213,16.5829,16.4112,16.8037,16.2444,16.8282,-2.478,39686.64,133519.521,-0.41699999999999804,北京,软件服务,20140129,
300369.SZ,绿盟科技,20161212,18.1872,16.8282,18.3001,16.4406,18.2608,-7.8452,53338.49,191141.923,-1.4326000000000008,北京,软件服务,20140129,
300369.SZ,绿盟科技,20161209,18.6337,18.2608,18.6828,18.2069,18.6141,-1.898,29683.86,111374.064,-0.35330000000000084,北京,软件服务,20140129,
300369.SZ,绿盟科技,20161208,18.8888,18.6141,19.0066,18.5896,18.8496,-1.2494,19271.69,73472.562,-0.23549999999999827,北京,软件服务,20140129,
300369.SZ,绿盟科技,20161207,18.879,18.8496,18.9085,18.668,18.7907,0.3135,18764.49,71792.152,0.05889999999999773,北京,软件服务,20140129,
300369.SZ,绿盟科技,20161206,18.9624,18.7907,19.0458,18.7318,18.9281,-0.7259,15620.75,59964.688,-0.13739999999999952,北京,软件服务,20140129,
300369.SZ,绿盟科技,20161205,18.8496,18.9281,19.1096,18.6582,18.8545,0.3904,17588.6,68007.998,0.073599999999999,北京,软件服务,20140129,
300369.SZ,绿盟科技,20161202,19.8063,18.8545,19.8063,18.8545,19.7229,-4.403,40906.07,160116.975,-0.8683999999999976,北京,软件服务,20140129,
300369.SZ,绿盟科技,20161201,19.6346,19.7229,19.8406,19.5315,19.6983,0.1249,18700.39,75010.788,0.02459999999999951,北京,软件服务,20140129,
300369.SZ,绿盟科技,20161130,19.5953,19.6983,19.9976,19.4629,19.6149,0.4252,27481.99,110582.581,0.08340000000000103,北京,软件服务,20140129,
300369.SZ,绿盟科技,20161129,20.0173,19.6149,20.0516,19.5659,19.8946,-1.4059,34778.96,140526.007,-0.27970000000000184,北京,软件服务,20140129,
300369.SZ,绿盟科技,20161128,20.2675,19.8946,20.4097,19.8848,20.2282,-1.6492,30517.01,125073.167,-0.33360000000000056,北京,软件服务,20140129,
300369.SZ,绿盟科技,20161125,20.2626,20.2282,20.3558,19.7768,20.3656,-0.6747,42045.54,172239.999,-0.13739999999999952,北京,软件服务,20140129,
300369.SZ,绿盟科技,20161124,20.5569,20.3656,20.7532,20.3312,20.6256,-1.2606,36182.96,151501.934,-0.259999999999998,北京,软件服务,20140129,
300369.SZ,绿盟科技,20161123,20.9985,20.6256,21.0328,20.4833,20.8513,-1.0824,42848.41,180528.091,-0.2256999999999998,北京,软件服务,20140129,
300369.SZ,绿盟科技,20161122,20.2429,20.8513,21.0672,20.1203,20.2135,3.1553,54574.3,228602.217,0.6377999999999986,北京,软件服务,20140129,
300369.SZ,绿盟科技,20161121,19.9976,20.2135,20.3116,19.924,20.189,0.1214,29061.56,118810.362,0.024499999999999744,北京,软件服务,20140129,
300369.SZ,绿盟科技,20161118,20.3018,20.189,20.4539,20.1252,20.238,-0.2421,26590.51,109897.059,-0.04899999999999949,北京,软件服务,20140129,
300369.SZ,绿盟科技,20161117,20.4392,20.238,20.4637,20.0271,20.606,-1.7859,41157.03,169672.684,-0.3680000000000021,北京,软件服务,20140129,
300369.SZ,绿盟科技,20161116,21.077,20.606,21.9258,20.606,20.6501,-0.2136,103642.99,450547.789,-0.0440999999999967,北京,软件服务,20140129,
300369.SZ,绿盟科技,20161115,20.6649,20.6501,20.8022,20.2037,20.8415,-0.9184,64268.46,268203.412,-0.19140000000000157,北京,软件服务,20140129,
300369.SZ,绿盟科技,20161114,19.9191,20.8415,21.0328,19.8455,19.8112,5.2006,87405.81,362381.783,1.0303000000000004,北京,软件服务,20140129,
300369.SZ,绿盟科技,20161111,19.9191,19.8112,19.9191,19.5463,20.0025,-0.9564,40590.35,162914.543,-0.1913000000000018,北京,软件服务,20140129,
300369.SZ,绿盟科技,20161110,20.2135,20.0025,20.3116,19.8259,19.7131,1.4681,33269.04,135747.843,0.28940000000000055,北京,软件服务,20140129,
300369.SZ,绿盟科技,20161109,20.1792,19.7131,20.1792,19.5708,20.189,-2.3572,52406.04,211870.808,-0.4758999999999993,北京,软件服务,20140129,
300369.SZ,绿盟科技,20161108,19.821,20.189,20.3067,19.6346,19.6493,2.7467,72316.07,295177.727,0.5396999999999998,北京,软件服务,20140129,
300369.SZ,绿盟科技,20161107,19.7229,19.6493,19.9191,19.561,19.7474,-0.4968,31339.71,126053.231,-0.09809999999999874,北京,软件服务,20140129,
300369.SZ,绿盟科技,20161104,19.6002,19.7474,19.7719,19.4481,19.821,-0.3713,42348.68,169225.269,-0.07360000000000255,北京,软件服务,20140129,
300369.SZ,绿盟科技,20161103,19.6051,19.821,19.9338,19.4285,19.5904,1.1771,38450.39,154853.697,0.23060000000000258,北京,软件服务,20140129,
300369.SZ,绿盟科技,20161102,19.8504,19.5904,19.8504,19.4678,19.8848,-1.4805,24986.07,99874.199,-0.29439999999999955,北京,软件服务,20140129,
300369.SZ,绿盟科技,20161101,19.7916,19.8848,19.9927,19.5659,19.875,0.0493,46101.1,185917.958,0.009799999999998477,北京,软件服务,20140129,
300369.SZ,绿盟科技,20161031,19.1734,19.875,20.0369,19.1636,19.3255,2.8434,56844.97,227797.212,0.5494999999999983,北京,软件服务,20140129,
300369.SZ,绿盟科技,20161028,19.3893,19.3255,19.6542,19.2421,19.3696,-0.2277,28815.94,114210.0051,-0.0440999999999967,北京,软件服务,20140129,
300369.SZ,绿盟科技,20161027,19.3255,19.3696,19.4825,19.2175,19.296,0.3814,17675.98,69737.724,0.073599999999999,北京,软件服务,20140129,
300369.SZ,绿盟科技,20161026,19.6542,19.296,19.6542,19.2372,19.6493,-1.798,37820.56,149471.7466,-0.35330000000000084,北京,软件服务,20140129,
300369.SZ,绿盟科技,20161025,19.6885,19.6493,19.9682,19.5266,19.7425,-0.4721,39768.08,159728.8632,-0.0931999999999995,北京,软件服务,20140129,
300369.SZ,绿盟科技,20161024,19.9731,19.7425,20.3165,19.6591,19.4874,1.3091,58896.21,239311.0802,0.25509999999999877,北京,软件服务,20140129,
300369.SZ,绿盟科技,20161021,20.0271,19.4874,20.0859,19.3255,19.8553,-1.8529,35339.88,141391.6006,-0.3678999999999988,北京,软件服务,20140129,
300369.SZ,绿盟科技,20161020,19.4923,19.8553,19.8995,19.3942,19.4776,1.9392,44135.6,176860.1827,0.3777000000000008,北京,软件服务,20140129,
300369.SZ,绿盟科技,20161019,19.5561,19.4776,19.6983,19.3402,19.6346,-0.7996,27384.37,108700.1358,-0.15700000000000003,北京,软件服务,20140129,
300369.SZ,绿盟科技,20161018,19.1832,19.6346,19.7719,19.1489,19.2372,2.0658,42717.29,170102.0187,0.39739999999999753,北京,软件服务,20140129,
300369.SZ,绿盟科技,20161017,19.7229,19.2372,19.7572,19.1341,19.6738,-2.2192,37081.95,146879.6049,-0.43659999999999854,北京,软件服务,20140129,
300369.SZ,绿盟科技,20161014,20.0025,19.6738,20.0173,19.4334,20.0467,-1.8602,36399.33,145460.9448,-0.37290000000000134,北京,软件服务,20140129,
300369.SZ,绿盟科技,20161013,19.9437,20.0467,20.0958,19.7621,19.8995,0.7397,42716.38,173664.7427,0.14720000000000155,北京,软件服务,20140129,
300369.SZ,绿盟科技,20161012,19.9829,19.8995,20.1595,19.7327,20.1448,-1.2177,55299.29,224244.845,-0.2453000000000003,北京,软件服务,20140129,
300369.SZ,绿盟科技,20161011,20.2626,20.1448,20.3607,19.8897,20.2282,-0.4123,92984.17,380786.8729,-0.08340000000000103,北京,软件服务,20140129,
300369.SZ,绿盟科技,20161010,18.7809,20.2282,20.2282,18.7809,18.3884,10.0052,112860.53,456895.2995,1.8398000000000003,北京,软件服务,20140129,
300369.SZ,绿盟科技,20160930,18.462,18.3884,18.516,18.1529,18.4522,-0.3458,17717.14,66278.5567,-0.06380000000000052,北京,软件服务,20140129,
300369.SZ,绿盟科技,20160929,18.2952,18.4522,18.5356,18.202,18.2118,1.32,19703.71,74104.362,0.24040000000000106,北京,软件服务,20140129,
300369.SZ,绿盟科技,20160928,18.2952,18.2118,18.3541,18.0842,18.2952,-0.4559,11267.82,41815.6714,-0.08340000000000103,北京,软件服务,20140129,
300369.SZ,绿盟科技,20160927,17.8831,18.2952,18.3295,17.8831,17.9468,1.9413,15136.59,55956.8322,0.3484000000000016,北京,软件服务,20140129,
300369.SZ,绿盟科技,20160926,18.251,17.9468,18.251,17.9076,18.3835,-2.3755,16070.75,59118.5405,-0.43670000000000186,北京,软件服务,20140129,
300369.SZ,绿盟科技,20160923,18.5454,18.3835,18.5601,18.3344,18.5258,-0.7681,17333.65,65122.7834,-0.14229999999999876,北京,软件服务,20140129,
300369.SZ,绿盟科技,20160922,18.4424,18.5258,18.5945,18.2412,18.251,1.5057,22979.88,86134.2787,0.27479999999999905,北京,软件服务,20140129,
300369.SZ,绿盟科技,20160921,18.2412,18.251,18.4718,18.1087,18.3393,-0.4815,20102.92,74765.0859,-0.08830000000000027,北京,软件服务,20140129,
300369.SZ,绿盟科技,20160920,18.3884,18.3393,18.5699,18.2608,18.2265,0.6189,16790.82,62977.1134,0.11280000000000001,北京,软件服务,20140129,
300369.SZ,绿盟科技,20160919,17.9959,18.2265,18.3246,17.9959,18.0057,1.2263,18375.33,68113.6602,0.22080000000000055,北京,软件服务,20140129,
300369.SZ,绿盟科技,20160914,18.0253,18.0057,18.3884,17.9174,18.1038,-0.5419,23730.92,87592.0414,-0.09809999999999874,北京,软件服务,20140129,
300369.SZ,绿盟科技,20160913,18.1774,18.1038,18.3786,17.9959,18.0989,0.0271,22520.0,83239.4342,0.004899999999999238,北京,软件服务,20140129,
300369.SZ,绿盟科技,20160912,18.9379,18.0989,18.9379,18.0548,19.2813,-6.1324,49777.53,187026.5747,-1.1824000000000012,北京,软件服务,20140129,
300369.SZ,绿盟科技,20160909,19.6002,19.2813,19.6934,19.2421,19.5953,-1.6024,15077.18,59743.1218,-0.31400000000000006,北京,软件服务,20140129,
300369.SZ,绿盟科技,20160908,19.4678,19.5953,19.718,19.4678,19.4972,0.5031,15848.81,63276.3179,0.0981000000000023,北京,软件服务,20140129,
300369.SZ,绿盟科技,20160907,19.8603,19.4972,19.8603,19.4825,19.8063,-1.5606,27759.35,111349.1587,-0.3091000000000008,北京,软件服务,20140129,
300369.SZ,绿盟科技,20160906,19.193,19.8063,19.821,19.1832,19.193,3.1954,32288.84,128641.508,0.6132999999999988,北京,软件服务,20140129,
300369.SZ,绿盟科技,20160905,19.2372,19.193,19.4874,19.1439,19.1734,0.1022,20037.85,78867.3614,0.019600000000000506,北京,软件服务,20140129,
300369.SZ,绿盟科技,20160902,19.6248,19.1734,19.6346,19.0753,19.6051,-2.202,26005.26,102501.6193,-0.4316999999999993,北京,软件服务,20140129,
300369.SZ,绿盟科技,20160901,19.821,19.6051,19.8603,19.5855,19.7768,-0.8682,22863.37,91877.8749,-0.1717000000000013,北京,软件服务,20140129,
300369.SZ,绿盟科技,20160831,19.7916,19.7768,19.8799,19.5855,19.7719,0.0248,24465.01,98605.824,0.004900000000002791,北京,软件服务,20140129,
300369.SZ,绿盟科技,20160830,19.7229,19.7719,19.9093,19.6983,19.8014,-0.149,19975.04,80658.2346,-0.029500000000002302,北京,软件服务,20140129,
300369.SZ,绿盟科技,20160829,19.5266,19.8014,19.9633,19.5266,19.8455,-0.2222,24079.96,96875.3054,-0.04410000000000025,北京,软件服务,20140129,
300369.SZ,绿盟科技,20160826,19.9976,19.8455,20.1546,19.7965,19.8161,0.1484,35585.53,144782.8408,0.029400000000002535,北京,软件服务,20140129,
300369.SZ,绿盟科技,20160825,19.6002,19.8161,19.821,19.3304,19.7033,0.5725,35316.71,141484.9035,0.11280000000000001,北京,软件服务,20140129,
300369.SZ,绿盟科技,20160824,19.453,19.7033,19.8652,19.3206,19.453,1.2867,35051.23,140275.8862,0.2502999999999993,北京,软件服务,20140129,
300369.SZ,绿盟科技,20160823,19.5315,19.453,19.7621,19.3059,19.5414,-0.4524,45423.96,180506.3681,-0.08840000000000003,北京,软件服务,20140129,
300369.SZ,绿盟科技,20160822,19.561,19.5414,20.032,19.5266,19.6444,-0.5243,33662.67,135690.0537,-0.10300000000000153,北京,软件服务,20140129,
300369.SZ,绿盟科技,20160819,19.821,19.6444,19.8848,19.5806,19.9976,-1.7662,57794.86,232396.2457,-0.3531999999999975,北京,软件服务,20140129,
300369.SZ,绿盟科技,20160818,20.4686,19.9976,20.6011,19.6836,21.1359,-5.3856,104824.15,426988.6931,-1.138300000000001,北京,软件服务,20140129,
300369.SZ,绿盟科技,20160817,20.9151,21.1359,21.3714,20.8268,20.9151,1.0557,48618.23,209658.0209,0.22080000000000055,北京,软件服务,20140129,
300369.SZ,绿盟科技,20160816,20.9592,20.9151,21.2095,20.6698,21.0525,-0.6527,43486.62,185258.2462,-0.13739999999999952,北京,软件服务,20140129,
300369.SZ,绿盟科技,20160815,20.1988,21.0525,21.3027,19.8701,20.1056,4.7096,78300.38,330519.0806,0.9468999999999994,北京,软件服务,20140129,
300369.SZ,绿盟科技,20160812,19.3991,20.1056,20.2135,19.3353,19.3304,4.0103,47195.36,190754.6242,0.7751999999999981,北京,软件服务,20140129,
300369.SZ,绿盟科技,20160811,19.875,19.3304,19.9878,19.3304,19.9191,-2.9555,32143.3,128552.5654,-0.5886999999999993,北京,软件服务,20140129,
300369.SZ,绿盟科技,20160810,20.1154,19.9191,20.1988,19.7965,20.189,-1.3369,32258.52,131362.5415,-0.2698999999999998,北京,软件服务,20140129,
300369.SZ,绿盟科技,20160809,20.0663,20.189,20.2086,19.9731,20.1154,0.3659,30664.12,125646.6276,0.073599999999999,北京,软件服务,20140129,
300369.SZ,绿盟科技,20160808,19.5757,20.1154,20.3607,19.139,19.4727,3.3005,44961.59,181658.5322,0.6427000000000014,北京,软件服务,20140129,
300369.SZ,绿盟科技,20160805,19.5806,19.4727,19.7474,19.3255,19.6444,-0.874,32224.23,128283.8773,-0.1717000000000013,北京,软件服务,20140129,
300369.SZ,绿盟科技,20160804,19.3157,19.6444,19.7572,19.2568,19.4236,1.1368,32803.85,130633.7518,0.22080000000000055,北京,软件服务,20140129,
300369.SZ,绿盟科技,20160803,19.4187,19.4236,19.7474,19.139,19.5168,-0.4775,34321.93,136353.2357,-0.0931999999999995,北京,软件服务,20140129,
300369.SZ,绿盟科技,20160802,19.5757,19.5168,19.7474,19.0753,19.5953,-0.4006,38550.8,152191.7529,-0.07850000000000179,北京,软件服务,20140129,
300369.SZ,绿盟科技,20160801,19.6248,19.5953,19.7916,19.1341,19.561,0.1753,42197.85,167919.4769,0.034300000000001774,北京,软件服务,20140129,
300369.SZ,绿盟科技,20160729,19.4285,19.561,19.8259,19.3794,19.4383,0.6312,33652.94,134508.9396,0.12269999999999825,北京,软件服务,20140129,
300369.SZ,绿盟科技,20160728,19.3696,19.4383,19.6689,19.09,19.3451,0.4818,45529.7,180210.4332,0.09320000000000306,北京,软件服务,20140129,
300369.SZ,绿盟科技,20160727,21.1849,19.3451,21.3665,19.1194,21.2438,-8.9377,98049.68,401050.3165,-1.8987000000000016,北京,软件服务,20140129,
300369.SZ,绿盟科技,20160726,21.0819,21.2438,21.2683,20.7826,20.9789,1.2627,42182.62,180586.2734,0.2649000000000008,北京,软件服务,20140129,
300369.SZ,绿盟科技,20160725,21.3665,20.9789,21.7737,20.8709,21.4891,-2.3742,54429.57,235633.0368,-0.5102000000000011,北京,软件服务,20140129,
300369.SZ,绿盟科技,20160722,22.2005,21.4891,22.2741,21.4499,22.3624,-3.9052,58336.23,258548.1712,-0.8733000000000004,北京,软件服务,20140129,
300369.SZ,绿盟科技,20160721,21.9895,22.3624,22.6617,21.9258,22.1171,1.1091,44995.15,204376.9488,0.2453000000000003,北京,软件服务,20140129,
300369.SZ,绿盟科技,20160720,22.3771,22.1171,22.696,22.0877,22.4753,-1.5937,39318.84,179523.6891,-0.3582000000000001,北京,软件服务,20140129,
300369.SZ,绿盟科技,20160719,21.9797,22.4753,22.5685,21.5872,22.176,1.3497,52654.97,237245.3529,0.29930000000000234,北京,软件服务,20140129,
300369.SZ,绿盟科技,20160718,22.019,22.176,22.2986,21.4008,21.8963,1.2774,59841.24,265284.0507,0.2796999999999983,北京,软件服务,20140129,
300369.SZ,绿盟科技,20160715,22.3232,21.8963,23.1965,21.8325,22.3232,-1.9124,63293.5,289591.2795,-0.42689999999999984,北京,软件服务,20140129,
300369.SZ,绿盟科技,20160714,21.7835,22.3232,22.8628,21.7835,21.808,2.3624,84735.56,387423.4472,0.5152000000000001,北京,软件服务,20140129,
300369.SZ,绿盟科技,20160713,21.8031,21.808,22.225,21.5284,22.019,-0.9583,63339.75,281851.7084,-0.21099999999999852,北京,软件服务,20140129,
300369.SZ,绿盟科技,20160712,20.606,22.019,22.0729,20.1154,20.8415,5.6498,106976.55,461958.5803,1.1774999999999984,北京,软件服务,20140129,
300369.SZ,绿盟科技,20160711,21.6461,20.8415,22.3232,20.7924,21.3468,-2.3671,85563.55,377244.9136,-0.5053000000000019,北京,软件服务,20140129,
300369.SZ,绿盟科技,20160708,20.2135,21.3468,22.2741,20.0173,20.2969,5.1727,83053.41,357728.6474,1.049900000000001,北京,软件服务,20140129,
300369.SZ,绿盟科技,20160707,20.9167,20.2953,20.9362,19.8647,20.6231,-1.5895,51912.6,215942.2414,-0.32779999999999987,北京,软件服务,20140129,
300369.SZ,绿盟科技,20160706,20.6622,20.6231,20.9656,20.4274,20.6818,-0.2838,36569.5,154356.6477,-0.0586999999999982,北京,软件服务,20140129,
300369.SZ,绿盟科技,20160705,21.039,20.6818,21.039,20.3882,21.0243,-1.6291,44068.8,186532.0237,-0.34250000000000114,北京,软件服务,20140129,
300369.SZ,绿盟科技,20160704,19.8696,21.0243,21.3766,19.8207,20.1045,4.5751,64028.09,270218.4823,0.9197999999999986,北京,软件服务,20140129,
300369.SZ,绿盟科技,20160701,20.8041,20.1045,21.2836,20.0604,20.7014,-2.8834,74722.18,315277.1576,-0.596899999999998,北京,软件服务,20140129,
300369.SZ,绿盟科技,20160630,21.0145,20.7014,21.0341,20.5742,20.7797,-0.3768,61580.47,262060.3325,-0.0782999999999987,北京,软件服务,20140129,
300369.SZ,绿盟科技,20160629,20.8433,20.7797,21.1858,20.4127,20.9803,-0.9561,106695.68,452977.6219,-0.20060000000000144,北京,软件服务,20140129,
300369.SZ,绿盟科技,20160628,19.9136,20.9803,21.6897,19.8158,19.7179,6.4023,221359.64,940287.5029,1.2623999999999995,北京,软件服务,20140129,
300369.SZ,绿盟科技,20160627,17.9565,19.7179,19.7179,17.8342,17.9272,9.9887,104432.75,409038.6934,1.790700000000001,北京,软件服务,20140129,
300369.SZ,绿盟科技,20160624,18.2795,17.9272,18.5388,17.1345,18.4654,-2.9146,57893.7,213088.6377,-0.5381999999999998,北京,软件服务,20140129,
300369.SZ,绿盟科技,20160623,18.3235,18.4654,18.8715,18.3235,18.1522,1.7254,80243.09,304775.6976,0.31319999999999837,北京,软件服务,20140129,
300369.SZ,绿盟科技,20160622,17.4575,18.1522,18.2452,17.4232,17.6483,2.8552,40696.27,148743.2452,0.5039000000000016,北京,软件服务,20140129,
300369.SZ,绿盟科技,20160621,18.3186,17.6483,18.3284,17.5798,17.9859,-1.877,46811.84,171728.081,-0.3376000000000019,北京,软件服务,20140129,
300369.SZ,绿盟科技,20160620,18.0593,17.9859,18.2452,17.6189,18.0104,-0.136,30012.54,109499.8003,-0.024499999999999744,北京,软件服务,20140129,
300369.SZ,绿盟科技,20160617,18.0152,18.0104,18.5094,17.6189,18.162,-0.8347,53571.91,198611.1843,-0.1515999999999984,北京,软件服务,20140129,
300369.SZ,绿盟科技,20160616,17.8538,18.162,18.4067,17.4477,17.8685,1.6426,73105.83,267495.2719,0.2934999999999981,北京,软件服务,20140129,
300369.SZ,绿盟科技,20160615,17.0269,17.8685,18.074,16.9486,17.2471,3.6029,40689.4,147312.1142,0.6214000000000013,北京,软件服务,20140129,
300369.SZ,绿盟科技,20160614,17.6581,17.2471,17.844,17.0612,17.663,-2.3546,44540.97,158075.6774,-0.4159000000000006,北京,软件服务,20140129,
300369.SZ,绿盟科技,20160613,18.4947,17.663,18.9693,17.614,18.8568,-6.3309,40755.07,153140.3985,-1.1937999999999995,北京,软件服务,20140129,
300369.SZ,绿盟科技,20160608,19.0232,18.8568,19.0574,18.7638,19.1406,-1.4827,28762.47,111140.7941,-0.2837999999999994,北京,软件服务,20140129,
300369.SZ,绿盟科技,20160607,19.0085,19.1406,19.1504,18.7638,18.9889,0.7989,26669.23,103164.093,0.15169999999999817,北京,软件服务,20140129,
300369.SZ,绿盟科技,20160606,19.4244,18.9889,19.7228,18.9351,19.4342,-2.2913,42888.99,168349.6246,-0.4452999999999996,北京,软件服务,20140129,
300369.SZ,绿盟科技,20160603,19.1797,19.4342,19.8158,19.1797,19.1797,1.3269,55131.77,220026.2068,0.25450000000000017,北京,软件服务,20140129,
300369.SZ,绿盟科技,20160602,19.0085,19.1797,19.2531,18.8372,18.9889,1.0048,31068.88,121034.983,0.19079999999999941,北京,软件服务,20140129,
300369.SZ,绿盟科技,20160601,19.1699,18.9889,19.7424,18.984,19.1748,-0.9695,56594.66,224237.0403,-0.18590000000000018,北京,软件服务,20140129,
300369.SZ,绿盟科技,20160531,18.1033,19.1748,19.2727,18.0593,18.0788,6.0623,55815.49,216643.8706,1.096,北京,软件服务,20140129,
300369.SZ,绿盟科技,20160530,18.1082,18.0788,18.3626,17.8734,18.4018,-1.7553,22781.6,84408.0633,-0.3230000000000004,北京,软件服务,20140129,
300369.SZ,绿盟科技,20160527,18.4996,18.4018,18.8177,18.3724,18.6268,-1.2079,38174.25,145117.4081,-0.22499999999999787,北京,软件服务,20140129,
300369.SZ,绿盟科技,20160526,17.6189,18.6268,18.7394,17.5162,17.9614,3.7046,58225.07,216415.8091,0.6653999999999982,北京,软件服务,20140129,
300369.SZ,绿盟科技,20160525,17.8734,17.9614,18.5926,17.8538,17.5847,2.1422,56884.31,212623.243,0.3766999999999996,北京,软件服务,20140129,
300369.SZ,绿盟科技,20160524,17.7217,17.5847,17.8097,17.4477,17.8587,-1.5343,20130.08,72278.2247,-0.27399999999999736,北京,软件服务,20140129,
300369.SZ,绿盟科技,20160523,17.2471,17.8587,18.1963,17.1345,17.2715,3.3998,61209.04,222838.4303,0.5871999999999993,北京,软件服务,20140129,
300369.SZ,绿盟科技,20160520,16.7578,17.2715,17.5113,16.6257,17.0171,1.495,32387.88,113255.7685,0.2544000000000004,北京,软件服务,20140129,
300369.SZ,绿盟科技,20160519,16.5768,17.0171,17.3254,16.5132,16.5376,2.8995,50350.87,175992.0516,0.47949999999999804,北京,软件服务,20140129,
300369.SZ,绿盟科技,20160518,16.885,16.5376,16.9193,16.4398,17.1639,-3.6489,36923.04,125673.8904,-0.6263000000000005,北京,软件服务,20140129,
300369.SZ,绿盟科技,20160517,17.0758,17.1639,17.6385,16.9682,17.159,0.0286,46675.55,164952.6568,0.004900000000002791,北京,软件服务,20140129,
300369.SZ,绿盟科技,20160516,16.4887,17.159,17.159,16.2832,16.5621,3.604,30473.49,104479.4444,0.596899999999998,北京,软件服务,20140129,
300369.SZ,绿盟科技,20160513,16.9144,16.5621,17.2471,16.474,17.0514,-2.8696,28224.35,97228.1715,-0.48930000000000007,北京,软件服务,20140129,
300369.SZ,绿盟科技,20160512,16.7089,17.0514,17.2618,16.293,16.9339,0.6939,33923.11,117241.8423,0.11749999999999972,北京,软件服务,20140129,
300369.SZ,绿盟科技,20160511,17.7853,16.9339,17.7951,16.929,17.5064,-3.2702,43549.82,152836.5992,-0.572499999999998,北京,软件服务,20140129,
300369.SZ,绿盟科技,20160510,17.5162,17.5064,17.8538,17.296,17.5162,-0.0559,28312.25,101409.1165,-0.00980000000000203,北京,软件服务,20140129,
300369.SZ,绿盟科技,20160509,18.3039,17.5162,18.3186,17.4917,18.8617,-7.1335,50683.92,184994.558,-1.3454999999999977,北京,软件服务,20140129,
300369.SZ,绿盟科技,20160506,19.0917,18.8617,20.0604,18.8617,19.0917,-1.2047,91289.56,363489.8833,-0.23000000000000043,北京,软件服务,20140129,
300369.SZ,绿盟科技,20160505,18.8568,19.0917,19.214,18.6366,18.8323,1.3774,41976.81,162884.3375,0.2593999999999994,北京,软件服务,20140129,
300369.SZ,绿盟科技,20160504,18.9938,18.8323,19.2629,18.7394,19.1357,-1.5855,41990.86,162816.7006,-0.3033999999999999,北京,软件服务,20140129,
300369.SZ,绿盟科技,20160503,18.299,19.1357,19.165,18.0201,18.2501,4.8526,55364.86,213383.2144,0.8856000000000002,北京,软件服务,20140129,
300369.SZ,绿盟科技,20160429,18.1522,18.2501,18.5828,18.1033,18.3088,-0.3206,27848.91,104769.2002,-0.05870000000000175,北京,软件服务,20140129,
300369.SZ,绿盟科技,20160428,18.5926,18.3088,18.7149,17.6727,18.4947,-1.0052,44119.85,163184.4023,-0.18590000000000018,北京,软件服务,20140129,
300369.SZ,绿盟科技,20160427,18.8813,18.4947,18.9987,18.4605,18.7198,-1.2025,38588.21,148009.5523,-0.22509999999999764,北京,软件服务,20140129,
300369.SZ,绿盟科技,20160426,18.2746,18.7198,18.8274,18.2207,18.2746,2.4362,41438.59,157219.5437,0.4451999999999998,北京,软件服务,20140129,
300369.SZ,绿盟科技,20160425,18.5926,18.2746,18.5926,17.9272,18.7638,-2.6071,38463.88,143299.1246,-0.4892000000000003,北京,软件服务,20140129,
300369.SZ,绿盟科技,20160422,18.2403,18.7638,18.8372,17.8734,18.4311,1.8051,38825.68,147002.7665,0.3326999999999991,北京,软件服务,20140129,
300369.SZ,绿盟科技,20160421,18.9351,18.4311,19.1602,18.348,18.6953,-1.4132,48464.0,186690.7084,-0.2641999999999989,北京,软件服务,20140129,
300369.SZ,绿盟科技,20160420,19.943,18.6953,20.2317,18.1033,19.4831,-4.0435,89823.51,353352.4647,-0.7878000000000007,北京,软件服务,20140129,
300369.SZ,绿盟科技,20160419,19.3314,19.4831,19.7081,18.9449,19.1455,1.7633,61480.7,242401.8978,0.3376000000000019,北京,软件服务,20140129,
300369.SZ,绿盟科技,20160418,19.806,19.1455,19.806,18.9302,20.0506,-4.5141,52345.9,205552.0377,-0.9051000000000009,北京,软件服务,20140129,
300369.SZ,绿盟科技,20160415,20.4861,20.0506,20.5204,19.899,20.5008,-2.196,43275.42,177863.1293,-0.4502000000000024,北京,软件服务,20140129,
300369.SZ,绿盟科技,20160414,20.4176,20.5008,20.6133,20.1779,20.2121,1.4284,49780.08,207461.4682,0.2887000000000022,北京,软件服务,20140129,
300369.SZ,绿盟科技,20160413,20.1338,20.2121,20.8677,19.9185,20.0555,0.7808,70923.82,296717.8137,0.15660000000000096,北京,软件服务,20140129,
300369.SZ,绿盟科技,20160412,20.3051,20.0555,20.4714,19.5956,20.4763,-2.0551,47000.95,191766.4044,-0.42079999999999984,北京,软件服务,20140129,
300369.SZ,绿盟科技,20160411,20.6329,20.4763,21.1173,20.3785,20.3149,0.7945,66530.56,282770.4964,0.16139999999999688,北京,软件服务,20140129,
300369.SZ,绿盟科技,20160408,20.0555,20.3149,20.4812,19.7277,20.217,0.4842,59692.45,245328.6133,0.09790000000000276,北京,软件服务,20140129,
300369.SZ,绿盟科技,20160407,21.0879,20.217,21.2347,20.2072,20.8726,-3.141,95535.04,401384.0289,-0.6555999999999997,北京,软件服务,20140129,
300369.SZ,绿盟科技,20160406,19.9332,20.8726,21.4647,19.9088,19.8843,4.9703,133703.76,568453.4347,0.9882999999999988,北京,软件服务,20140129,
300369.SZ,绿盟科技,20160405,19.165,19.8843,20.0017,18.9987,19.0819,4.205,79960.96,320160.7697,0.8023999999999987,北京,软件服务,20140129,
300369.SZ,绿盟科技,20160401,19.4342,19.0819,19.4978,18.5975,19.5809,-2.5484,75059.61,290209.7285,-0.4989999999999988,北京,软件服务,20140129,
300369.SZ,绿盟科技,20160331,19.5712,19.5809,20.1974,19.4244,19.5027,0.401,111068.25,447884.8122,0.07819999999999894,北京,软件服务,20140129,
300369.SZ,绿盟科技,20160330,18.8911,19.5027,19.669,18.7883,18.666,4.4825,71518.48,280849.5531,0.8367000000000004,北京,软件服务,20140129,
300369.SZ,绿盟科技,20160329,19.1748,18.666,19.1797,18.2501,19.1259,-2.4046,73920.29,281186.7299,-0.4599000000000011,北京,软件服务,20140129,
300369.SZ,绿盟科技,20160328,20.0555,19.1259,20.3197,19.0819,19.8305,-3.5531,106409.13,427319.2182,-0.7045999999999992,北京,软件服务,20140129,
300369.SZ,绿盟科技,20160325,18.8519,19.8305,19.8941,18.8421,18.9204,4.8102,126255.56,504254.3161,0.9100999999999999,北京,软件服务,20140129,
300369.SZ,绿盟科技,20160324,19.0232,18.9204,19.7669,18.5339,19.5173,-3.0583,111093.83,433944.2916,-0.596899999999998,北京,软件服务,20140129,
300369.SZ,绿盟科技,20160323,19.576,19.5173,19.9381,18.9351,19.488,0.1503,115574.36,459402.1006,0.029299999999999216,北京,软件服务,20140129,
300369.SZ,绿盟科技,20160322,19.6592,19.488,19.85,19.3901,20.0115,-2.616,68165.23,273062.4666,-0.5235000000000021,北京,软件服务,20140129,
300369.SZ,绿盟科技,20160321,19.5124,20.0115,20.0458,19.0672,19.4488,2.8932,110674.95,444422.29,0.5627000000000031,北京,软件服务,20140129,
300369.SZ,绿盟科技,20160318,18.5143,19.4488,19.7326,18.3773,18.299,6.2834,123634.72,485149.4855,1.149799999999999,北京,软件服务,20140129,
300369.SZ,绿盟科技,20160317,17.022,18.299,18.348,17.0073,17.0024,7.626,95623.83,348741.894,1.296599999999998,北京,软件服务,20140129,
300369.SZ,绿盟科技,20160316,17.8978,17.0024,18.0495,16.611,17.3694,-2.1129,63172.05,223901.8947,-0.36699999999999733,北京,软件服务,20140129,
300369.SZ,绿盟科技,20160315,17.6189,17.3694,17.7608,17.3303,17.751,-2.1497,70915.72,254699.259,-0.3816000000000024,北京,软件服务,20140129,
300369.SZ,绿盟科技,20160314,16.7578,17.751,18.0299,16.7578,16.4398,7.9758,94477.35,337990.4214,1.3111999999999995,北京,软件服务,20140129,
300369.SZ,绿盟科技,20160311,15.652,16.4398,16.4642,15.4172,16.1853,1.5724,48622.03,158765.8286,0.25450000000000017,北京,软件服务,20140129,
300369.SZ,绿盟科技,20160310,16.6893,16.1853,17.0171,16.0973,16.4789,-1.7817,50042.58,169205.903,-0.29359999999999786,北京,软件服务,20140129,
300369.SZ,绿盟科技,20160309,16.4153,16.4789,17.1394,16.3419,17.0269,-3.2184,56556.33,193057.7684,-0.5480000000000018,北京,软件服务,20140129,
300369.SZ,绿盟科技,20160308,16.0924,17.0269,17.0709,15.1676,16.337,4.2229,85886.43,283972.2952,0.6899000000000015,北京,软件服务,20140129,
300369.SZ,绿盟科技,20160307,16.0826,16.337,17.066,15.9505,15.6912,4.1157,63985.87,216038.0776,0.6457999999999995,北京,软件服务,20140129,
300369.SZ,绿盟科技,20160304,17.1737,15.6912,17.3449,15.6422,17.3792,-9.7128,97177.1,323441.4812,-1.6880000000000006,北京,软件服务,20140129,
300369.SZ,绿盟科技,20160303,16.6648,17.3792,18.348,16.6599,16.7578,3.7081,109185.33,392348.3697,0.6214000000000013,北京,软件服务,20140129,
300369.SZ,绿盟科技,20160302,15.8037,16.7578,17.0758,15.4906,15.838,5.8076,83377.7,276194.4786,0.9198000000000004,北京,软件服务,20140129,
300369.SZ,绿盟科技,20160301,15.1725,15.838,16.2294,14.4827,15.2361,3.9505,79821.66,248506.8764,0.6018999999999988,北京,软件服务,20140129,
300369.SZ,绿盟科技,20160229,16.6942,15.2361,16.9193,15.2361,16.929,-10.0,73237.95,232817.6685,-1.692899999999998,北京,软件服务,20140129,
300369.SZ,绿盟科技,20160226,17.663,16.929,17.8538,15.9505,17.5455,-3.5137,70291.31,246148.7186,-0.616500000000002,北京,软件服务,20140129,
300369.SZ,绿盟科技,20160225,19.3265,17.5455,19.3705,17.5455,19.4929,-9.9903,75878.48,283128.5154,-1.9473999999999982,北京,软件服务,20140129,
300369.SZ,绿盟科技,20160224,18.8813,19.4929,19.4978,18.4458,18.9742,2.7337,76928.12,299935.527,0.518699999999999,北京,软件服务,20140129,
300369.SZ,绿盟科技,20160223,19.4488,18.9742,19.4488,18.573,19.4978,-2.6854,57333.14,222904.576,-0.5236000000000018,北京,软件服务,20140129,
300369.SZ,绿盟科技,20160222,19.5712,19.4978,19.6788,18.984,19.4195,0.4032,79630.02,312940.0674,0.07830000000000226,北京,软件服务,20140129,
300369.SZ,绿盟科技,20160219,18.8617,19.4195,19.9626,18.7932,18.9351,2.5582,75705.92,299615.3811,0.48440000000000083,北京,软件服务,20140129,
300369.SZ,绿盟科技,20160218,19.3852,18.9351,19.6886,18.9351,19.3608,-2.1988,57897.95,227948.2833,-0.42570000000000263,北京,软件服务,20140129,
300369.SZ,绿盟科技,20160217,19.3901,19.3608,19.6103,18.847,19.7081,-1.7622,99102.91,387917.8201,-0.3473000000000006,北京,软件服务,20140129,
300369.SZ,绿盟科技,20160216,19.1308,19.7081,20.0458,19.0868,19.3559,1.8196,73259.59,293532.1593,0.3522000000000034,北京,软件服务,20140129,
300369.SZ,绿盟科技,20160215,17.3694,19.3559,19.5712,17.3694,18.1033,6.9192,71241.92,271301.1404,1.2525999999999975,北京,软件服务,20140129,
300369.SZ,绿盟科技,20160205,18.0201,18.1033,18.6904,17.8342,18.1865,-0.4575,53249.69,198544.902,-0.08319999999999794,北京,软件服务,20140129,
300369.SZ,绿盟科技,20160204,18.0984,18.1865,18.6904,17.7119,18.0544,0.7317,78551.88,292005.2994,0.13209999999999766,北京,软件服务,20140129,
300369.SZ,绿盟科技,20160203,17.5162,18.0544,18.5339,17.066,17.1981,4.979,109001.6,395265.4688,0.856300000000001,北京,软件服务,20140129,
300369.SZ,绿盟科技,20160202,15.9016,17.1981,17.1981,15.7156,15.6325,10.015,58056.51,198953.1399,1.5655999999999999,北京,软件服务,20140129,
300369.SZ,绿盟科技,20160201,15.3634,15.6325,16.0386,15.197,15.3976,1.5256,83636.08,268633.1386,0.23489999999999966,北京,软件服务,20140129,
300369.SZ,绿盟科技,20160129,14.2869,15.3976,15.3976,13.9591,13.9983,9.9962,82321.73,249751.8167,1.3993000000000002,北京,软件服务,20140129,
300369.SZ,绿盟科技,20160128,15.3095,13.9983,15.3144,13.9493,15.5004,-9.6907,56449.89,167882.9985,-1.5021000000000004,北京,软件服务,20140129,
300369.SZ,绿盟科技,20160127,15.4563,15.5004,15.7058,14.331,15.4563,0.2853,52018.09,160309.1883,0.04410000000000025,北京,软件服务,20140129,
300369.SZ,绿盟科技,20160126,16.7333,15.4563,16.8801,15.4563,17.1737,-10.0002,49719.98,163801.3597,-1.7173999999999996,北京,软件服务,20140129,
300369.SZ,绿盟科技,20160125,17.3058,17.1737,17.5651,16.929,17.2226,-0.2839,34722.65,122761.0694,-0.04889999999999972,北京,软件服务,20140129,
300369.SZ,绿盟科技,20160122,17.3694,17.2226,17.5455,16.6795,17.1248,0.5711,49875.06,174728.437,0.09779999999999944,北京,软件服务,20140129,
300369.SZ,绿盟科技,20160121,17.9076,17.1248,18.8226,17.1248,18.162,-5.7108,74938.38,277620.1741,-1.0371999999999986,北京,软件服务,20140129,
300369.SZ,绿盟科技,20160120,18.5926,18.162,18.7785,18.0055,18.8911,-3.8595,58970.75,222040.262,-0.7291000000000025,北京,软件服务,20140129,
300369.SZ,绿盟科技,20160119,18.3871,18.8911,19.0281,17.8636,18.5535,1.8196,80047.98,302173.3653,0.3376000000000019,北京,软件服务,20140129,
300369.SZ,绿盟科技,20160118,16.9095,18.5535,19.0819,16.9095,17.8097,4.1764,85235.92,319173.5441,0.7438000000000002,北京,软件服务,20140129,
300369.SZ,绿盟科技,20160115,18.3969,17.8097,18.6758,17.2226,18.2941,-2.6478,111585.12,411513.2317,-0.48440000000000083,北京,软件服务,20140129,
300369.SZ,绿盟科技,20160114,15.5591,18.2941,18.2941,15.3585,16.6306,10.0026,97925.7,350598.3611,1.663499999999999,北京,软件服务,20140129,
300369.SZ,绿盟科技,20160113,16.6844,16.6306,17.5162,16.5376,16.6061,0.1475,89725.56,312539.3479,0.024499999999999744,北京,软件服务,20140129,
300369.SZ,绿盟科技,20160112,15.9113,16.6061,17.022,15.3144,15.882,4.5592,94022.67,312922.1962,0.7241000000000017,北京,软件服务,20140129,
300369.SZ,绿盟科技,20160111,17.0612,15.882,17.4575,15.882,17.6483,-10.0083,61128.75,207114.9663,-1.7662999999999993,北京,软件服务,20140129,
300369.SZ,绿盟科技,20160108,18.3235,17.6483,18.6611,16.4642,18.0348,-2.1431,80103.35,289997.5529,-0.3865000000000016,北京,软件服务,20140129,
300369.SZ,绿盟科技,20160107,19.3265,18.0348,19.3852,18.0348,20.0409,-10.01,19654.77,74242.0662,-2.0061,北京,软件服务,20140129,
300369.SZ,绿盟科技,20160106,19.8158,20.0409,20.1387,18.6073,19.4244,3.1738,75706.48,301525.6283,0.616500000000002,北京,软件服务,20140129,
300369.SZ,绿盟科技,20160105,19.7424,19.4244,20.7601,19.2776,21.4206,-9.3191,94110.52,380692.8944,-1.9962000000000018,北京,软件服务,20140129,
300369.SZ,绿盟科技,20160104,23.4903,21.4206,23.6322,21.4206,23.7985,-9.9918,63456.03,285634.9733,-2.3779000000000003,北京,软件服务,20140129,
300369.SZ,绿盟科技,20151231,25.1881,23.7985,25.3202,23.7936,25.2174,-5.6267,62483.88,310505.8588,-1.4189000000000007,北京,软件服务,20140129,
300369.SZ,绿盟科技,20151230,24.5422,25.2174,25.4376,24.5129,24.4639,3.08,78910.2,405576.3588,0.7535000000000025,北京,软件服务,20140129,
300369.SZ,绿盟科技,20151229,23.8768,24.4639,24.6352,23.73,24.185,1.1532,39180.11,194401.6306,0.27890000000000015,北京,软件服务,20140129,
300369.SZ,绿盟科技,20151228,25.2859,24.185,25.5648,24.1704,25.2957,-4.3909,72574.85,369890.5238,-1.1107000000000014,北京,软件服务,20140129,
300369.SZ,绿盟科技,20151225,25.9318,25.2957,25.9318,24.9532,25.9513,-2.5263,62218.97,322534.2694,-0.6555999999999997,北京,软件服务,20140129,
300369.SZ,绿盟科技,20151224,25.1734,25.9513,26.3085,24.7184,24.7086,5.0294,94882.63,498935.9454,1.2426999999999992,北京,软件服务,20140129,
300369.SZ,绿盟科技,20151223,25.8731,24.7086,25.8731,24.7086,25.6235,-3.5706,63774.36,328779.3583,-0.9148999999999994,北京,软件服务,20140129,
300369.SZ,绿盟科技,20151222,25.5893,25.6235,25.8731,25.1342,25.4082,0.8474,68579.98,357100.6771,0.21529999999999916,北京,软件服务,20140129,
300369.SZ,绿盟科技,20151221,26.1079,25.4082,26.1079,24.9532,26.1764,-2.9347,86033.84,444301.2086,-0.7682000000000002,北京,软件服务,20140129,
300369.SZ,绿盟科技,20151218,27.2039,26.1764,27.2039,26.0296,27.2724,-4.0187,73866.34,399346.8421,-1.096,北京,软件服务,20140129,
300369.SZ,绿盟科技,20151217,26.5434,27.2724,27.6687,26.0688,26.5287,2.8034,107398.44,588686.8595,0.7437000000000005,北京,软件服务,20140129,
300369.SZ,绿盟科技,20151216,26.9593,26.5287,27.8302,26.0835,26.8859,-1.3286,108700.23,598517.541,-0.35719999999999885,北京,软件服务,20140129,
300369.SZ,绿盟科技,20151215,26.0345,26.8859,27.7812,26.0345,26.2596,2.385,134507.29,742291.5549,0.6263000000000005,北京,软件服务,20140129,
300369.SZ,绿盟科技,20151214,26.9103,26.2596,27.6345,25.2957,27.9378,-6.0069,169702.37,910069.426,-1.6782000000000004,北京,软件服务,20140129,
300369.SZ,绿盟科技,20151211,27.155,27.9378,27.9378,26.9005,25.3985,9.9978,224320.53,1275232.7489,2.539300000000001,北京,软件服务,20140129,
300369.SZ,绿盟科技,20151210,24.9434,25.3985,26.1373,24.2682,24.4688,3.7995,124361.81,639105.3042,0.9296999999999969,北京,软件服务,20140129,
300369.SZ,绿盟科技,20151209,23.045,24.4688,25.2223,23.045,23.3484,4.7986,98175.21,488438.3739,1.1204,北京,软件服务,20140129,
300369.SZ,绿盟科技,20151208,23.045,23.3484,23.9747,22.9325,23.3141,0.1471,63044.18,302371.5801,0.034300000000001774,北京,软件服务,20140129,
300369.SZ,绿盟科技,20151207,22.634,23.3141,24.0725,22.634,22.5313,3.4743,58950.79,282003.805,0.7827999999999982,北京,软件服务,20140129,
300369.SZ,绿盟科技,20151204,22.4579,22.5313,22.9178,22.1448,22.7172,-0.8183,53128.0,244990.147,-0.18589999999999662,北京,软件服务,20140129,
300369.SZ,绿盟科技,20151203,21.1173,22.7172,22.7515,21.1173,21.1173,7.5763,59518.88,271592.2569,1.599899999999998,北京,软件服务,20140129,
300369.SZ,绿盟科技,20151202,22.0469,21.1173,22.2279,20.3051,21.9442,-3.7682,53730.12,231717.992,-0.8268999999999984,北京,软件服务,20140129,
300369.SZ,绿盟科技,20151201,22.9178,21.9442,23.1037,21.675,23.138,-5.1595,46827.1,215071.4088,-1.193800000000003,北京,软件服务,20140129,
300369.SZ,绿盟科技,20151130,23.0597,23.138,23.6517,21.1515,23.0597,0.3396,60193.64,277736.9396,0.07830000000000226,北京,软件服务,20140129,
300369.SZ,绿盟科技,20151127,25.144,23.0597,26.059,22.6781,25.1587,-8.343,69556.71,347504.6107,-2.099,北京,软件服务,20140129,
300369.SZ,绿盟科技,20151126,26.1519,25.1587,26.2009,25.1049,26.1764,-3.8879,72800.92,380896.8152,-1.0177000000000014,北京,软件服务,20140129,
300369.SZ,绿盟科技,20151125,24.4395,26.1764,26.9103,24.2682,24.5569,6.5949,106638.49,559699.91,1.6195000000000022,北京,软件服务,20140129,
300369.SZ,绿盟科技,20151124,23.8523,24.5569,24.733,23.4707,23.8426,2.9959,64375.86,317256.5182,0.7142999999999979,北京,软件服务,20140129,
300369.SZ,绿盟科技,20151123,24.7037,23.8426,25.0119,23.7153,24.6841,-3.4091,65883.66,323928.8987,-0.8414999999999999,北京,软件服务,20140129,
300369.SZ,绿盟科技,20151120,24.6988,24.6841,25.3202,24.0432,24.7477,-0.257,61199.89,308736.3392,-0.06359999999999744,北京,软件服务,20140129,
300369.SZ,绿盟科技,20151119,23.8817,24.7477,24.9288,23.7398,23.6517,4.6339,57266.06,284159.4353,1.0959999999999965,北京,软件服务,20140129,
300369.SZ,绿盟科技,20151118,24.5912,23.6517,25.3838,23.4756,24.9532,-5.2158,66445.77,333480.9026,-1.3014999999999972,北京,软件服务,20140129,
300369.SZ,绿盟科技,20151117,27.0327,24.9532,27.0327,24.7575,26.7097,-6.5763,126555.53,666508.0782,-1.7565000000000026,北京,软件服务,20140129,
300369.SZ,绿盟科技,20151116,25.9318,26.7097,27.3849,25.4963,26.2058,1.9229,76586.16,413545.753,0.5039000000000016,北京,软件服务,20140129,
300369.SZ,绿盟科技,20151113,26.8125,26.2058,27.6442,26.1226,26.8614,-2.4407,120531.15,664770.1969,-0.6555999999999997,北京,软件服务,20140129,
300369.SZ,绿盟科技,20151112,26.1764,26.8614,28.0406,25.3446,25.9269,3.6044,119255.53,644146.3757,0.9344999999999999,北京,软件服务,20140129,
300369.SZ,绿盟科技,20151111,24.2682,25.9269,26.2987,24.2193,24.4982,5.8319,119498.16,618105.8693,1.4286999999999992,北京,软件服务,20140129,
300369.SZ,绿盟科技,20151110,24.8945,24.4982,25.692,24.2291,25.0021,-2.0154,83188.61,421837.1266,-0.503899999999998,北京,软件服务,20140129,
300369.SZ,绿盟科技,20151109,24.3661,25.0021,25.7801,23.5735,25.0902,-0.3511,116512.73,585301.8995,-0.08810000000000073,北京,软件服务,20140129,
300369.SZ,绿盟科技,20151106,24.6352,25.0902,25.8339,24.5129,24.9043,0.7465,100153.9,514049.0282,0.18590000000000018,北京,软件服务,20140129,
300369.SZ,绿盟科技,20151105,24.9043,24.9043,26.8516,24.552,25.7752,-3.3788,121494.93,631673.4372,-0.8709000000000024,北京,软件服务,20140129,
300369.SZ,绿盟科技,20151104,24.5373,25.7752,26.1666,23.0597,23.7887,8.3506,181055.81,900093.372,1.986500000000003,北京,软件服务,20140129,
300369.SZ,绿盟科技,20151103,21.4793,23.7887,23.7887,21.3228,21.6261,10.0,122232.61,577901.3753,2.1625999999999976,北京,软件服务,20140129,
300369.SZ,绿盟科技,20151102,20.0702,21.6261,22.409,19.3265,21.4744,0.7064,153943.11,671359.2573,0.15170000000000172,北京,软件服务,20140129,
300369.SZ,绿盟科技,20151030,19.4929,21.4744,21.4744,18.9204,19.5222,9.9999,129765.0,543811.4314,1.9521999999999977,北京,软件服务,20140129,
300369.SZ,绿盟科技,20151029,19.7081,19.5222,20.2757,18.4947,19.4978,0.1251,82668.11,325850.6575,0.024399999999999977,北京,软件服务,20140129,
300369.SZ,绿盟科技,20151028,19.5124,19.4978,20.9313,19.2972,19.8158,-1.6048,92018.21,378449.7256,-0.31799999999999784,北京,软件服务,20140129,
300369.SZ,绿盟科技,20151027,19.4831,19.8158,20.6476,18.6904,20.1681,-1.7468,95845.45,382173.8626,-0.3522999999999996,北京,软件服务,20140129,
300369.SZ,绿盟科技,20151026,21.3179,20.1681,21.4206,19.3657,20.6182,-2.183,103981.38,428689.1402,-0.4501000000000026,北京,软件服务,20140129,
300369.SZ,绿盟科技,20151023,18.7198,20.6182,20.6182,18.7198,18.7443,9.9972,109320.29,443523.9157,1.8739000000000026,北京,软件服务,20140129,
300369.SZ,绿盟科技,20151022,17.7119,18.7443,19.0329,17.7119,17.8391,5.0742,71999.97,272230.0996,0.9052000000000007,北京,软件服务,20140129,
300369.SZ,绿盟科技,20151021,19.3657,17.8391,20.491,17.614,19.5712,-8.8502,98828.39,391195.3881,-1.7321000000000026,北京,软件服务,20140129,
300369.SZ,绿盟科技,20151020,18.7394,19.5712,19.7864,18.7394,18.6317,5.0425,81504.32,321643.8109,0.9395000000000024,北京,软件服务,20140129,
300369.SZ,绿盟科技,20151019,19.0868,18.6317,19.4048,18.3039,19.4831,-4.3699,75873.51,291010.245,-0.8514000000000017,北京,软件服务,20140129,
300369.SZ,绿盟科技,20151016,19.7815,19.4831,20.0604,18.9889,19.5222,-0.2003,70391.21,278911.9322,-0.039100000000001245,北京,软件服务,20140129,
300369.SZ,绿盟科技,20151015,18.6464,19.5222,20.0017,18.5975,18.8226,3.7168,57813.81,228161.6283,0.6996000000000002,北京,软件服务,20140129,
300369.SZ,绿盟科技,20151014,19.0819,18.8226,19.3265,18.5926,19.5663,-3.8009,63239.5,245214.0743,-0.7436999999999969,北京,软件服务,20140129,
300369.SZ,绿盟科技,20151013,18.5926,19.5663,20.0604,18.5926,18.9693,3.1472,73617.34,292371.6462,0.5969999999999978,北京,软件服务,20140129,
300369.SZ,绿盟科技,20151012,18.1963,18.9693,19.3705,17.8636,17.6091,7.7244,80645.89,309065.243,1.360199999999999,北京,软件服务,20140129,
300369.SZ,绿盟科技,20151009,17.3205,17.6091,17.7755,17.1248,17.252,2.0699,60236.46,215400.52,0.35710000000000264,北京,软件服务,20140129,
300369.SZ,绿盟科技,20151008,17.3694,17.252,18.0055,17.0416,16.5376,4.3199,70834.85,253387.2298,0.7143999999999977,北京,软件服务,20140129,
300369.SZ,绿盟科技,20150930,16.7382,16.5376,17.1884,16.063,16.7627,-1.3429,54659.23,186035.4063,-0.22509999999999764,北京,软件服务,20140129,
300369.SZ,绿盟科技,20150929,17.4673,16.7627,18.0006,16.7089,17.8489,-6.0855,98411.68,349578.5564,-1.0862000000000016,北京,软件服务,20140129,
300369.SZ,绿盟科技,20150928,16.2196,17.8489,17.8489,16.2196,16.2245,10.012,98694.12,347138.4596,1.6244000000000014,北京,软件服务,20140129,
300369.SZ,绿盟科技,20150925,16.9829,16.2245,17.0269,15.6471,17.2715,-6.062,84000.49,279904.0356,-1.0470000000000006,北京,软件服务,20140129,
300369.SZ,绿盟科技,20150924,17.8587,17.2715,18.0788,17.1248,17.751,-2.7013,94646.18,338358.5834,-0.4795000000000016,北京,软件服务,20140129,
300369.SZ,绿盟科技,20150923,16.4055,17.751,18.3773,16.156,16.8312,5.4649,134200.3,474550.1905,0.9198000000000022,北京,软件服务,20140129,
300369.SZ,绿盟科技,20150922,16.6893,16.8312,17.4428,16.156,17.0171,-1.0924,123383.4,426171.7697,-0.18590000000000018,北京,软件服务,20140129,
300369.SZ,绿盟科技,20150921,15.6178,17.0171,17.296,15.1676,16.2881,4.4757,148023.19,494192.7193,0.7289999999999992,北京,软件服务,20140129,
300369.SZ,绿盟科技,20150918,15.1627,16.2881,16.3223,14.2869,14.8398,9.7596,170033.5,531942.3354,1.4482999999999997,北京,软件服务,20140129,
300369.SZ,绿盟科技,20150917,14.6784,14.8398,14.8398,13.8466,13.4894,10.0108,111141.78,332473.2785,1.3504000000000005,北京,软件服务,20140129,
300369.SZ,绿盟科技,20150916,12.4766,13.4894,13.4894,12.4277,12.2613,10.0161,94961.99,256480.6574,1.2280999999999995,北京,软件服务,20140129,
300369.SZ,绿盟科技,20150915,12.4815,12.2613,13.6949,11.7427,12.9952,-5.6475,82265.23,214776.3936,-0.7339000000000002,北京,软件服务,20140129,
300369.SZ,绿盟科技,20150914,14.9181,12.9952,15.0209,12.9952,14.4386,-9.9968,76078.65,217080.523,-1.4433999999999987,北京,软件服务,20140129,
300369.SZ,绿盟科技,20150911,14.1891,14.4386,15.1432,14.0863,13.9542,3.4714,76767.89,228725.8364,0.48439999999999905,北京,软件服务,20140129,
300369.SZ,绿盟科技,20150910,14.1304,13.9542,14.5218,13.6998,14.5267,-3.941,61738.03,178760.2613,-0.5724999999999998,北京,软件服务,20140129,
300369.SZ,绿盟科技,20150909,13.4062,14.5267,14.6686,13.4062,13.3818,8.5557,113758.74,328884.1134,1.1448999999999998,北京,软件服务,20140129,
300369.SZ,绿盟科技,20150908,12.1586,13.3818,13.4943,11.7427,12.5158,6.9193,76653.9,196531.7447,0.8659999999999997,北京,软件服务,20140129,
300369.SZ,绿盟科技,20150907,12.4668,12.5158,13.235,12.2369,12.1879,2.6904,114002.39,295983.5794,0.32789999999999964,北京,软件服务,20140129,
300369.SZ,绿盟科技,20150902,10.7005,12.1879,12.594,10.4706,11.4491,6.4529,127888.86,318204.5313,0.7388000000000012,北京,软件服务,20140129,
300369.SZ,绿盟科技,20150901,12.2711,11.4491,12.2809,11.4442,12.7164,-9.9659,65879.29,157567.4586,-1.2673000000000005,北京,软件服务,20140129,
300369.SZ,绿盟科技,20150831,14.145,12.7164,14.145,12.7164,14.1304,-10.0068,68070.95,186803.7161,-1.4139999999999997,北京,软件服务,20140129,
300369.SZ,绿盟科技,20150828,13.4062,14.1304,14.1304,12.8534,12.8436,10.019,89534.43,245847.6736,1.2867999999999995,北京,软件服务,20140129,
300369.SZ,绿盟科技,20150827,13.1127,12.8436,13.4258,11.8503,12.687,1.2343,71038.22,186089.1465,0.15660000000000096,北京,软件服务,20140129,
300369.SZ,绿盟科技,20150826,13.9444,12.687,14.4044,12.6087,14.0081,-9.431,83327.52,227638.2992,-1.3211000000000013,北京,软件服务,20140129,
300369.SZ,绿盟科技,20150825,14.0081,14.0081,14.4093,14.0081,15.564,-9.9968,46108.67,132477.333,-1.5558999999999994,北京,软件服务,20140129,
300369.SZ,绿盟科技,20150824,16.2441,15.564,16.2441,15.564,17.2911,-9.9884,33800.6,108200.4918,-1.7271,北京,软件服务,20140129,
300369.SZ,绿盟科技,20150821,18.5437,17.2911,18.8568,17.2862,19.2042,-9.9619,86196.3,314940.8212,-1.9131,北京,软件服务,20140129,
300369.SZ,绿盟科技,20150820,20.0604,19.2042,20.4274,19.1308,20.3589,-5.6717,76970.64,310473.7665,-1.1546999999999983,北京,软件服务,20140129,
300369.SZ,绿盟科技,20150819,18.7883,20.3589,20.5497,17.9957,18.8911,7.7698,100050.22,395912.7008,1.4677999999999969,北京,软件服务,20140129,
300369.SZ,绿盟科技,20150818,19.7962,18.8911,20.809,18.3528,19.9381,-5.2513,125460.92,513154.0343,-1.046999999999997,北京,软件服务,20140129,
300369.SZ,绿盟科技,20150817,20.7161,19.9381,21.0096,19.9136,22.1252,-9.8851,181854.16,747753.2317,-2.187100000000001,北京,软件服务,20140129,
300369.SZ,绿盟科技,20150814,22.4432,22.1252,23.4365,22.1252,24.5814,-9.9921,237664.74,1090531.2445,-2.456199999999999,北京,软件服务,20140129,
300369.SZ,绿盟科技,20150813,23.2407,24.5814,24.9532,23.0059,23.6224,4.0597,69800.71,345779.7253,0.9589999999999996,北京,软件服务,20140129,
300369.SZ,绿盟科技,20150812,22.957,23.6224,24.6156,22.5068,23.4854,0.5833,58591.94,284517.7127,0.13700000000000045,北京,软件服务,20140129,
300369.SZ,绿盟科技,20150811,24.3172,23.4854,25.5746,22.9961,23.8523,-1.5382,99467.5,496360.5225,-0.3669000000000011,北京,软件服务,20140129,
300369.SZ,绿盟科技,20150810,22.0175,23.8523,23.8523,22.0175,21.6848,9.9955,77370.85,366693.1168,2.1675000000000004,北京,软件服务,20140129,
300369.SZ,绿盟科技,20150807,20.1142,21.6848,21.6848,20.1142,19.713,10.0025,87891.27,382716.4685,1.9717999999999982,北京,软件服务,20140129,
300369.SZ,绿盟科技,20150806,19.0819,19.713,20.5742,18.1033,20.1045,-1.9473,45828.14,186018.4825,-0.3915000000000006,北京,软件服务,20140129,
300369.SZ,绿盟科技,20150805,20.9803,20.1045,21.9686,19.9724,21.4304,-6.187,74634.79,322688.4397,-1.3258999999999972,北京,软件服务,20140129,
300369.SZ,绿盟科技,20150804,17.8636,21.4304,21.4793,17.8636,19.5809,9.4454,82425.8,332612.5909,1.849499999999999,北京,软件服务,20140129,
300369.SZ,绿盟科技,20150803,19.5809,19.5809,20.0604,19.5809,21.7582,-10.0068,18000.0,72173.4876,-2.177299999999999,北京,软件服务,20140129,
300369.SZ,绿盟科技,20150731,22.5558,21.7582,23.3875,21.7582,24.1753,-9.9982,70122.99,315539.3421,-2.4171000000000014,北京,软件服务,20140129,
300369.SZ,绿盟科技,20150730,25.0511,24.1753,26.8272,24.1753,26.8614,-9.9999,83071.68,425919.8999,-2.6860999999999997,北京,软件服务,20140129,
300369.SZ,绿盟科技,20150724,26.6168,26.8614,28.6522,26.6168,26.9103,-0.1817,71205.44,403157.6378,-0.04889999999999972,北京,软件服务,20140129,
300369.SZ,绿盟科技,20150723,25.6871,26.9103,27.6687,24.9092,25.7361,4.5625,65841.96,361380.9952,1.174199999999999,北京,软件服务,20140129,
300369.SZ,绿盟科技,20150722,24.0236,25.7361,25.7361,23.8964,24.459,5.2214,71612.15,363895.6264,1.2771000000000008,北京,软件服务,20140129,
300369.SZ,绿盟科技,20150721,23.8768,24.459,25.2957,23.867,24.8113,-1.4199,80597.42,406419.8014,-0.3522999999999996,北京,软件服务,20140129,
300369.SZ,绿盟科技,20150720,23.2407,24.8113,25.2419,23.2407,23.4267,5.9104,98316.43,487633.8379,1.384599999999999,北京,软件服务,20140129,
300369.SZ,绿盟科技,20150717,21.4793,23.4267,23.6273,20.8482,21.4793,9.0664,90210.7,418611.7775,1.9474000000000018,北京,软件服务,20140129,
300369.SZ,绿盟科技,20150716,19.8647,21.4793,22.4481,18.5681,20.628,4.1269,102721.99,436954.5016,0.8512999999999984,北京,软件服务,20140129,
300369.SZ,绿盟科技,20150715,22.7025,20.628,22.9374,20.628,22.9178,-9.9914,149805.94,648507.8929,-2.2897999999999996,北京,软件服务,20140129,
300369.SZ,绿盟科技,20150714,22.9178,22.9178,22.9178,21.9931,20.8335,10.0046,117714.27,549139.5465,2.084299999999999,北京,软件服务,20140129,
300369.SZ,绿盟科技,20150713,20.8335,20.8335,20.8335,20.8335,18.94,9.9974,4036.17,17186.0119,1.8934999999999995,北京,软件服务,20140129,
300369.SZ,绿盟科技,20150710,18.94,18.94,18.94,18.7638,17.2177,10.0031,23461.68,90802.5397,1.7223000000000006,北京,软件服务,20140129,
300369.SZ,绿盟科技,20150709,15.1089,17.2177,17.2177,14.8007,15.652,10.0032,96109.37,326792.2596,1.5657000000000014,北京,软件服务,20140129,
300369.SZ,绿盟科技,20150708,13.9102,15.652,16.3126,13.9102,15.4563,1.2662,191479.46,557993.3105,0.19569999999999865,北京,软件服务,20140129,
300369.SZ,绿盟科技,20150707,16.1462,15.4563,16.8801,15.4563,17.1737,-10.0002,50837.04,162675.7525,-1.7173999999999996,北京,软件服务,20140129,
300369.SZ,绿盟科技,20150706,20.447,17.1737,20.447,16.7284,18.5877,-7.6072,113085.24,418425.6945,-1.4140000000000015,北京,软件服务,20140129,
300369.SZ,绿盟科技,20150703,18.5926,18.5877,21.5087,18.5877,20.6525,-9.9978,93480.97,370662.0026,-2.064799999999998,北京,软件服务,20140129,
300369.SZ,绿盟科技,20150702,22.0175,20.6525,23.7153,20.6525,22.9472,-9.9999,76792.6,338797.0157,-2.294699999999999,北京,软件服务,20140129,
300369.SZ,绿盟科技,20150701,23.5392,22.9472,26.1666,22.4579,24.9532,-8.039,78443.9,397298.6567,-2.0060000000000002,北京,软件服务,20140129,
300369.SZ,绿盟科技,20150630,22.0127,24.9532,25.3349,21.083,23.4267,6.5161,92118.16,430414.6569,1.5264999999999986,北京,软件服务,20140129,
300369.SZ,绿盟科技,20150629,26.1373,23.4267,26.4211,23.4267,26.0296,-9.9998,54650.04,267327.9894,-2.602899999999998,北京,软件服务,20140129,
300369.SZ,绿盟科技,20150626,27.8791,26.0296,27.8791,26.0296,28.9213,-9.9985,48051.83,260283.2189,-2.8917,北京,软件服务,20140129,
300369.SZ,绿盟科技,20150625,31.808,28.9213,32.0869,28.4026,31.0203,-6.7665,55167.24,347077.9548,-2.099,北京,软件服务,20140129,
300369.SZ,绿盟科技,20150624,32.3413,31.0203,33.4177,30.2717,31.852,-2.6111,57949.81,375025.1142,-0.8317000000000014,北京,软件服务,20140129,
300369.SZ,绿盟科技,20150623,30.0221,31.852,31.901,28.3831,30.2766,5.2034,53607.02,337566.5767,1.575400000000002,北京,软件服务,20140129,
300369.SZ,绿盟科技,20150619,28.3782,30.2766,31.1083,27.791,29.9292,1.1607,64565.61,390627.321,0.3473999999999968,北京,软件服务,20140129,
300369.SZ,绿盟科技,20150618,32.5077,29.9292,32.8453,29.572,32.8551,-8.9055,60255.01,385508.6673,-2.9258999999999986,北京,软件服务,20140129,
300369.SZ,绿盟科技,20150617,30.1396,32.8551,33.4275,29.3567,30.6582,7.1658,75222.37,481243.2516,2.1968999999999994,北京,软件服务,20140129,
300369.SZ,绿盟科技,20150616,32.0771,30.6582,32.7376,30.6582,34.0636,-9.9972,68500.11,435431.1005,-3.4054,北京,软件服务,20140129,
300369.SZ,绿盟科技,20150615,37.1852,34.0636,37.557,34.0636,37.8506,-10.0051,79548.79,565749.4765,-3.786999999999999,北京,软件服务,20140129,
300369.SZ,绿盟科技,20150612,37.5277,37.8506,38.8438,37.4788,37.4788,0.992,49884.48,389210.2355,0.37180000000000035,北京,软件服务,20140129,
300369.SZ,绿盟科技,20150611,37.9191,37.4788,38.1637,36.9454,38.4671,-2.5692,53742.09,411670.9641,-0.9883000000000024,北京,软件服务,20140129,
300369.SZ,绿盟科技,20150610,37.9093,38.4671,39.2402,35.6635,37.6255,2.2368,67243.45,518792.3181,0.8415999999999997,北京,软件服务,20140129,
300369.SZ,绿盟科技,20150609,37.6745,37.6255,40.8548,37.1852,40.4242,-6.9233,91505.26,716465.0472,-2.7986999999999966,北京,软件服务,20140129,
300369.SZ,绿盟科技,20150608,43.0565,40.4242,43.0565,40.4242,44.9158,-10.0,52814.67,442759.4708,-4.491599999999998,北京,软件服务,20140129,
300369.SZ,绿盟科技,20150605,43.6339,44.9158,46.4962,43.6339,42.2688,6.2623,123966.49,1155916.887,2.6469999999999985,北京,软件服务,20140129,
300369.SZ,绿盟科技,20150604,41.3441,42.2688,42.8608,36.9895,39.9741,5.7405,104308.36,882719.2743,2.294699999999999,北京,软件服务,20140129,
300369.SZ,绿盟科技,20150603,41.3441,39.9741,41.5789,38.4916,41.0505,-2.6221,88754.7,722068.5517,-1.0763999999999996,北京,软件服务,20140129,
300369.SZ,绿盟科技,20150602,42.5183,41.0505,42.5183,39.0444,42.9978,-4.5288,104805.17,878207.5216,-1.9472999999999985,北京,软件服务,20140129,
300369.SZ,绿盟科技,20150601,41.0016,42.9978,44.4363,40.1209,41.0798,4.669,91107.56,781313.2398,1.9179999999999993,北京,软件服务,20140129,
300369.SZ,绿盟科技,20150529,39.4848,41.0798,42.5575,39.1521,39.1423,4.9499,88650.44,740892.4464,1.9375,北京,软件服务,20140129,
300369.SZ,绿盟科技,20150528,40.6101,39.1423,42.6798,38.1637,39.9056,-1.9128,90619.95,749371.4365,-0.763300000000001,北京,软件服务,20140129,
300369.SZ,绿盟科技,20150527,42.1899,39.9099,42.1899,38.1305,41.6404,-4.1558,26907.43,549131.7283,-1.7304999999999993,北京,软件服务,20140129,
300369.SZ,绿盟科技,20150526,38.1305,41.6404,41.746,37.7414,38.5685,7.9648,26417.09,539141.8852,3.0718999999999994,北京,软件服务,20140129,
300369.SZ,绿盟科技,20150525,39.3683,38.5685,40.2814,38.5685,42.8528,-9.9977,40380.74,807583.3379,-4.284300000000002,北京,软件服务,20140129,
300369.SZ,绿盟科技,20150522,48.2575,42.8528,48.2575,41.8067,44.7398,-4.2177,31668.38,720979.7606,-1.8870000000000005,北京,软件服务,20140129,
300369.SZ,绿盟科技,20150521,41.6502,44.7398,44.7398,41.2591,40.6725,10.0001,18188.0,403487.4837,4.067300000000003,北京,软件服务,20140129,
300369.SZ,绿盟科技,20150520,41.308,40.6725,44.3213,40.0957,40.6725,0.0,20282.78,436083.2541,0.0,北京,软件服务,20140129,
300369.SZ,绿盟科技,20150519,37.5439,40.6725,40.6725,35.9795,36.9748,10.0006,26781.37,517898.4775,3.6976999999999975,北京,软件服务,20140129,
300369.SZ,绿盟科技,20150518,33.633,36.9748,36.9748,33.633,33.6135,9.9999,17057.71,312605.5833,3.3613,北京,软件服务,20140129,
300369.SZ,绿盟科技,20150515,30.915,33.6135,33.8872,29.8219,32.0316,4.9386,18743.46,306557.7241,1.5819000000000045,北京,软件服务,20140129,
300369.SZ,绿盟科技,20150514,32.1274,32.0316,34.5443,31.6542,32.6162,-1.7924,17140.78,288087.8375,-0.5846000000000018,北京,软件服务,20140129,
300369.SZ,绿盟科技,20150513,31.6991,32.6162,34.9197,30.7019,33.0816,-1.4068,23902.4,398273.833,-0.4654000000000025,北京,软件服务,20140129,
300369.SZ,绿盟科技,20150512,31.4821,33.0816,34.2392,30.8485,31.705,4.3419,30945.21,509564.1697,1.3766000000000034,北京,软件服务,20140129,
300369.SZ,绿盟科技,20150511,28.7445,31.705,31.705,27.7668,28.8227,10.0001,40586.01,624101.0685,2.882299999999997,北京,软件服务,20140129,
300369.SZ,绿盟科技,20150508,26.7891,28.8227,28.8227,26.6933,26.2025,9.9998,28699.94,410506.657,2.6202000000000005,北京,软件服务,20140129,
300369.SZ,绿盟科技,20150507,27.3757,26.2025,28.549,26.2025,28.023,-6.4964,23872.37,335583.9322,-1.8204999999999991,北京,软件服务,20140129,
300369.SZ,绿盟科技,20150506,25.7312,28.023,28.4903,25.7058,25.8994,8.1994,32191.49,462092.6487,2.1235999999999997,北京,软件服务,20140129,
300369.SZ,绿盟科技,20150505,24.8337,25.8994,26.3941,23.856,25.1211,3.0982,18635.9,238131.6567,0.7783000000000015,北京,软件服务,20140129,
300369.SZ,绿盟科技,20150504,25.4203,25.1211,26.3159,23.8599,25.6823,-2.1852,17593.57,227488.7176,-0.561200000000003,北京,软件服务,20140129,
300369.SZ,绿盟科技,20150430,24.6577,25.6823,27.5126,24.6382,25.1661,2.0512,30784.95,411127.9376,0.5162000000000013,北京,软件服务,20140129,
300369.SZ,绿盟科技,20150429,22.409,25.1661,25.1661,22.409,22.8783,9.9999,33293.89,408556.4053,2.2878000000000007,北京,软件服务,20140129,
300369.SZ,绿盟科技,20150428,24.5287,22.8783,25.217,22.626,25.1407,-8.999,28821.21,342915.8787,-2.2623999999999995,北京,软件服务,20140129,
300369.SZ,绿盟科技,20150427,25.917,25.1407,25.917,25.0292,23.5607,6.7061,29740.49,391793.3109,1.5799999999999983,北京,软件服务,20140129,
300369.SZ,绿盟科技,20150424,22.4872,23.5607,24.4426,22.2291,22.8196,3.2476,25456.58,305561.9417,0.7410999999999994,北京,软件服务,20140129,
300369.SZ,绿盟科技,20150423,21.5095,22.8196,23.152,21.1184,21.7402,4.965,31312.58,354733.5598,1.0793999999999997,北京,软件服务,20140129,
300369.SZ,绿盟科技,20150422,21.5095,21.7402,21.7402,20.7273,19.7633,10.0029,50416.13,553250.7162,1.9769000000000005,北京,软件服务,20140129,
300369.SZ,绿盟科技,20150421,17.9898,19.7633,19.7633,17.9898,17.9663,10.0021,18981.89,185961.4392,1.7970000000000006,北京,软件服务,20140129,
300369.SZ,绿盟科技,20150420,18.9675,17.9663,18.9675,17.802,19.1239,-6.0532,20348.04,189675.314,-1.1575999999999986,北京,软件服务,20140129,
300369.SZ,绿盟科技,20150417,19.6128,19.1239,19.9002,18.8717,19.339,-1.1123,16482.63,163278.5572,-0.21509999999999962,北京,软件服务,20140129,
300369.SZ,绿盟科技,20150416,18.1853,19.339,19.3977,17.6163,18.7328,3.236,26218.31,250617.4555,0.6061999999999976,北京,软件服务,20140129,
300369.SZ,绿盟科技,20150415,18.3183,18.7328,19.5306,17.364,18.2831,2.4596,26669.68,252697.2523,0.4497,北京,软件服务,20140129,
300369.SZ,绿盟科技,20150414,18.5823,18.2831,18.7602,17.892,18.5744,-1.5683,23708.62,220148.0684,-0.29129999999999967,北京,软件服务,20140129,
300369.SZ,绿盟科技,20150413,18.6937,18.5744,18.944,18.113,18.5764,-0.0108,16943.42,160919.9911,-0.0019999999999988916,北京,软件服务,20140129,
300369.SZ,绿盟科技,20150410,18.3808,18.5764,19.0222,18.1853,18.7719,-1.0415,22508.61,213942.2358,-0.19549999999999912,北京,软件服务,20140129,
300369.SZ,绿盟科技,20150409,18.9675,18.7719,19.1611,17.5635,19.515,-3.8078,32127.31,302003.2554,-0.7431000000000019,北京,软件服务,20140129,
300369.SZ,绿盟科技,20150408,20.9424,19.515,21.0402,18.9675,20.8642,-6.4666,21658.89,219130.2839,-1.3491999999999997,北京,软件服务,20140129,
300369.SZ,绿盟科技,20150407,20.1955,20.8642,21.4274,20.1955,20.0429,4.0977,28473.51,304210.3587,0.8213000000000008,北京,软件服务,20140129,
300369.SZ,绿盟科技,20150403,19.3507,20.0429,20.0781,19.0105,19.3507,3.5771,30905.78,311386.4131,0.6921999999999997,北京,软件服务,20140129,
300369.SZ,绿盟科技,20150402,19.2256,19.3507,19.9471,18.8306,19.4172,-0.3425,17705.84,175209.9446,-0.06650000000000134,北京,软件服务,20140129,
300369.SZ,绿盟科技,20150401,18.987,19.4172,19.6499,18.8013,19.3859,0.1615,17079.91,168673.6141,0.03130000000000166,北京,软件服务,20140129,
300369.SZ,绿盟科技,20150331,18.3241,19.3859,19.7301,17.9663,18.2948,5.964,30682.97,298922.5944,1.0911000000000008,北京,软件服务,20140129,
300369.SZ,绿盟科技,20150330,18.8286,18.2948,18.8286,17.892,18.8736,-3.0667,31248.55,289781.992,-0.5788000000000011,北京,软件服务,20140129,
300369.SZ,绿盟科技,20150327,18.6448,18.8736,19.0555,18.1912,18.6155,1.3865,17199.34,164851.7016,0.2580999999999989,北京,软件服务,20140129,
300369.SZ,绿盟科技,20150326,19.7496,18.6155,20.1016,18.4258,20.4731,-9.0734,37883.12,369330.0504,-1.857599999999998,北京,软件服务,20140129,
300369.SZ,绿盟科技,20150325,20.5709,20.4731,21.4313,20.3363,21.0754,-2.8578,37451.28,395241.4372,-0.6022999999999996,北京,软件服务,20140129,
300369.SZ,绿盟科技,20150324,21.5682,21.0754,21.5682,19.5521,21.5095,-2.0182,39824.47,425006.388,-0.4341000000000008,北京,软件服务,20140129,
300369.SZ,绿盟科技,20150323,21.314,21.5095,22.1313,20.7273,20.8779,3.0252,46779.37,512748.9556,0.6315999999999988,北京,软件服务,20140129,
300369.SZ,绿盟科技,20150320,19.3586,20.8779,20.8779,19.163,18.9792,10.0041,52490.26,546280.3371,1.8987000000000016,北京,软件服务,20140129,
300369.SZ,绿盟科技,20150319,17.892,18.9792,18.9792,17.7532,17.2545,9.9957,54910.92,514925.2004,1.7246999999999986,北京,软件服务,20140129,
300369.SZ,绿盟科技,20150318,16.3863,17.2545,17.5009,16.2455,16.6464,3.653,36703.97,319771.4254,0.6081000000000003,北京,软件服务,20140129,
300369.SZ,绿盟科技,20150317,16.6796,16.6464,16.8908,16.2064,16.7637,-0.6997,23330.72,197260.9628,-0.11730000000000018,北京,软件服务,20140129,
300369.SZ,绿盟科技,20150316,16.4352,16.7637,16.881,16.3863,16.093,4.1677,24210.33,205833.6325,0.6707000000000001,北京,软件服务,20140129,
300369.SZ,绿盟科技,20150313,15.3402,16.093,16.1282,15.2522,15.3402,4.9074,19232.39,153153.341,0.7528000000000006,北京,软件服务,20140129,
300369.SZ,绿盟科技,20150312,16.1556,15.3402,16.8107,15.1153,16.1654,-5.1047,16110.04,130113.0496,-0.8252000000000024,北京,软件服务,20140129,
300369.SZ,绿盟科技,20150311,16.4958,16.1654,16.4958,15.9659,16.3805,-1.3131,7210.78,59431.5611,-0.21509999999999962,北京,软件服务,20140129,
300369.SZ,绿盟科技,20150310,16.2886,16.3805,16.7637,16.2886,16.2925,0.5401,10736.54,90523.8586,0.08800000000000097,北京,软件服务,20140129,
300369.SZ,绿盟科技,20150309,15.9268,16.2925,16.4802,15.5455,15.9952,1.8587,12045.51,100208.7045,0.2972999999999999,北京,软件服务,20140129,
300369.SZ,绿盟科技,20150306,16.2299,15.9952,16.4802,15.9092,16.2338,-1.4698,12140.48,100606.0766,-0.23859999999999815,北京,软件服务,20140129,
300369.SZ,绿盟科技,20150305,17.0121,16.2338,17.0121,15.9679,17.1704,-5.4547,22118.09,185754.8618,-0.9366000000000021,北京,软件服务,20140129,
300369.SZ,绿盟科技,20150304,16.8165,17.1704,17.6534,16.666,17.0101,0.9424,15040.35,133120.6235,0.16029999999999944,北京,软件服务,20140129,
300369.SZ,绿盟科技,20150303,16.8165,17.0101,17.3425,16.5819,17.192,-1.0581,19562.11,168882.4262,-0.18189999999999884,北京,软件服务,20140129,
300369.SZ,绿盟科技,20150302,16.2103,17.192,17.2721,15.7058,15.7019,9.4899,26076.68,222906.0996,1.4901,北京,软件服务,20140129,
300369.SZ,绿盟科技,20150227,15.2913,15.7019,15.7606,15.262,15.4477,1.6456,9751.47,77856.1556,0.25420000000000087,北京,软件服务,20140129,
300369.SZ,绿盟科技,20150226,15.7019,15.4477,15.7978,15.1935,15.5142,-0.4286,17221.7,136244.3751,-0.06650000000000134,北京,软件服务,20140129,
300369.SZ,绿盟科技,20150225,17.3836,15.5142,17.3836,15.5142,17.2369,-9.9943,25049.99,206827.0839,-1.722699999999998,北京,软件服务,20140129,
300369.SZ,绿盟科技,20150217,16.4196,17.2369,17.3562,16.2103,16.2299,6.2046,21334.46,182173.0981,1.006999999999998,北京,软件服务,20140129,
300369.SZ,绿盟科技,20150216,16.0989,16.2299,16.621,15.4477,16.1849,0.278,18621.61,152660.0725,0.045000000000001705,北京,软件服务,20140129,
300369.SZ,绿盟科技,20150213,15.6628,16.1849,16.3277,15.2561,15.6433,3.4622,16858.07,136727.7828,0.541599999999999,北京,软件服务,20140129,
300369.SZ,绿盟科技,20150212,15.8388,15.6433,16.5232,15.4477,15.9366,-1.8404,9102.53,74105.2583,-0.29330000000000034,北京,软件服务,20140129,
300369.SZ,绿盟科技,20150211,15.9307,15.9366,16.3257,15.479,15.6433,1.8749,8564.97,70097.3473,0.29330000000000034,北京,软件服务,20140129,
300369.SZ,绿盟科技,20150210,15.4673,15.6433,15.7802,15.131,15.4262,1.4073,8522.76,67611.7976,0.2171000000000003,北京,软件服务,20140129,
300369.SZ,绿盟科技,20150209,15.6198,15.4262,16.1986,15.0606,15.7606,-2.1217,10649.57,84861.8086,-0.3344000000000005,北京,软件服务,20140129,
300369.SZ,绿盟科技,20150206,15.4301,15.7606,16.621,15.1544,15.2541,3.3204,22893.08,186850.4635,0.5065000000000008,北京,软件服务,20140129,
300369.SZ,绿盟科技,20150205,14.6265,15.2541,15.741,14.294,14.6656,4.0128,17291.67,133966.2535,0.5884999999999998,北京,软件服务,20140129,
300369.SZ,绿盟科技,20150204,14.47,14.6656,15.0312,14.3723,14.5228,0.9833,11728.86,88445.7754,0.14279999999999937,北京,软件服务,20140129,
300369.SZ,绿盟科技,20150203,13.8599,14.5228,14.8396,13.6292,13.8091,5.1683,23306.15,170315.1921,0.7136999999999993,北京,软件服务,20140129,
300369.SZ,绿盟科技,20150202,13.7465,13.8091,14.4896,13.5236,14.1493,-2.4044,18923.25,134951.7154,-0.3401999999999994,北京,软件服务,20140129,
300369.SZ,绿盟科技,20150130,15.7274,14.1493,15.7978,14.1493,15.7215,-10.0003,31460.21,233494.9118,-1.5722000000000005,北京,软件服务,20140129,
300369.SZ,绿盟科技,20150129,14.7203,15.7215,15.7215,14.6695,14.8416,5.9286,22098.37,174397.1035,0.879900000000001,北京,软件服务,20140129,
300369.SZ,绿盟科技,20150128,14.7399,14.8416,15.741,14.6656,14.7399,0.69,21214.66,165933.3529,0.10169999999999924,北京,软件服务,20140129,
300369.SZ,绿盟科技,20150127,14.0809,14.7399,15.0175,14.0301,14.2569,3.3878,14832.4,110009.6136,0.48300000000000054,北京,软件服务,20140129,
300369.SZ,绿盟科技,20150126,13.6879,14.2569,14.3742,13.5119,13.2577,7.5368,16230.12,116989.5606,0.9992000000000001,北京,软件服务,20140129,
300369.SZ,绿盟科技,20150123,14.075,13.2577,14.0789,13.0797,14.1083,-6.0291,15197.81,105343.1931,-0.8506,北京,软件服务,20140129,
300369.SZ,绿盟科技,20150122,14.0731,14.1083,14.4309,13.8071,14.1181,-0.0694,10094.48,72692.352,-0.009800000000000253,北京,软件服务,20140129,
300369.SZ,绿盟科技,20150121,14.0789,14.1181,14.1748,13.4923,13.8834,1.6905,19324.91,138180.1928,0.23470000000000013,北京,软件服务,20140129,
300369.SZ,绿盟科技,20150120,13.5138,13.8834,13.9616,13.2596,13.2479,4.797,16696.89,116563.8293,0.6355000000000004,北京,软件服务,20140129,
300369.SZ,绿盟科技,20150119,13.2968,13.2479,14.1376,13.0797,13.4923,-1.8114,25030.39,175070.4751,-0.24440000000000062,北京,软件服务,20140129,
300369.SZ,绿盟科技,20150116,12.5068,13.4923,13.7289,12.4168,12.5342,7.6439,22263.97,150311.9006,0.9581,北京,软件服务,20140129,
300369.SZ,绿盟科技,20150115,12.8783,12.5342,13.1462,12.3797,12.8705,-2.613,9806.24,63947.5009,-0.3362999999999996,北京,软件服务,20140129,
300369.SZ,绿盟科技,20150114,12.7199,12.8705,13.991,12.5146,12.7258,1.1371,26386.86,177943.7188,0.14470000000000027,北京,软件服务,20140129,
300369.SZ,绿盟科技,20150113,11.8693,12.7258,12.8764,11.6933,11.8889,7.0393,19241.9,123393.9623,0.8369,北京,软件服务,20140129,
300369.SZ,绿盟科技,20150112,11.5565,11.8889,12.0453,11.2456,11.5975,2.5126,13410.99,80806.5793,0.29139999999999944,北京,软件服务,20140129,
300369.SZ,绿盟科技,20150109,11.5936,11.5975,11.9671,11.3433,11.6582,-0.5207,13864.23,83050.9925,-0.06070000000000064,北京,软件服务,20140129,
300369.SZ,绿盟科技,20150108,11.3433,11.6582,12.2721,11.2436,11.4489,1.8281,25623.54,154367.6472,0.2093000000000007,北京,软件服务,20140129,
300369.SZ,绿盟科技,20150107,11.009,11.4489,11.576,10.9112,11.1849,2.3603,20634.57,118479.1804,0.26399999999999935,北京,软件服务,20140129,
300369.SZ,绿盟科技,20150106,10.0704,11.1849,11.1849,10.0704,10.1681,9.9999,27795.45,153297.049,1.0168,北京,软件服务,20140129,
300369.SZ,绿盟科技,20150105,10.3128,10.1681,10.3343,9.7575,10.4204,-2.4212,14144.92,72361.863,-0.25229999999999997,北京,软件服务,20140129,
300369.SZ,绿盟科技,20141231,10.2229,10.4204,10.438,10.0801,10.1271,2.8962,13751.61,71952.278,0.29330000000000034,北京,软件服务,20140129,
300369.SZ,绿盟科技,20141230,10.6746,10.1271,10.7489,9.9511,10.5983,-4.446,20093.14,104917.8446,-0.4711999999999996,北京,软件服务,20140129,
300369.SZ,绿盟科技,20141229,11.5565,10.5983,11.5565,10.5788,11.5428,-8.1826,22959.51,126984.8823,-0.9444999999999997,北京,软件服务,20140129,
300369.SZ,绿盟科技,20141226,11.7911,11.5428,11.8889,11.4137,11.7911,-2.1058,16282.52,96926.9771,-0.2483000000000004,北京,软件服务,20140129,
300369.SZ,绿盟科技,20141225,11.5917,11.7911,12.1001,11.3414,11.5369,2.2034,15276.32,91846.3674,0.25420000000000087,北京,软件服务,20140129,
300369.SZ,绿盟科技,20141224,11.1497,11.5369,11.7911,11.1497,11.1224,3.7267,14441.81,85027.355,0.41449999999999854,北京,软件服务,20140129,
300369.SZ,绿盟科技,20141223,10.833,11.1224,11.6308,10.8291,10.9151,1.8992,15945.93,91993.5448,0.20730000000000004,北京,软件服务,20140129,
300369.SZ,绿盟科技,20141222,11.7285,10.9151,11.7305,10.7704,11.9671,-8.7908,22757.01,127287.8152,-1.0519999999999996,北京,软件服务,20140129,
300369.SZ,绿盟科技,20141219,13.1012,11.9671,13.1012,11.9671,13.2968,-10.0002,25411.94,158697.4788,-1.329699999999999,北京,软件服务,20140129,
300369.SZ,绿盟科技,20141218,13.4649,13.2968,13.9812,13.2205,13.1873,0.8303,18540.29,128068.0139,0.10949999999999882,北京,软件服务,20140129,
300369.SZ,绿盟科技,20141210,12.8275,13.1873,13.244,12.5733,12.6124,4.5582,10114.14,67558.3943,0.5749000000000013,北京,软件服务,20140129,
300369.SZ,绿盟科技,20141209,13.4161,12.6124,13.4161,12.4755,13.4493,-6.2226,21006.65,139913.3772,-0.8369,北京,软件服务,20140129,
300369.SZ,绿盟科技,20141208,14.3488,13.4493,14.47,13.3946,14.5346,-7.467,28490.53,202116.7604,-1.0853000000000002,北京,软件服务,20140129,
300369.SZ,绿盟科技,20141205,14.9198,14.5346,15.2522,14.0809,15.3324,-5.2034,18702.46,139605.5191,-0.7978000000000005,北京,软件服务,20140129,
300369.SZ,绿盟科技,20141204,15.1349,15.3324,15.8095,14.8963,15.1544,1.1746,20634.9,162911.7009,0.17799999999999905,北京,软件服务,20140129,
300369.SZ,绿盟科技,20141203,14.2745,15.1544,15.5455,13.8306,14.3918,5.2989,26551.21,198492.868,0.7626000000000008,北京,软件服务,20140129,
300369.SZ,绿盟科技,20141202,13.727,14.3918,14.5639,13.727,13.6879,5.1425,24747.16,181413.8007,0.7038999999999991,北京,软件服务,20140129,
300369.SZ,绿盟科技,20141201,14.0789,13.6879,14.1767,13.6272,13.9988,-2.2209,15188.12,107031.0153,-0.3108999999999984,北京,软件服务,20140129,
300369.SZ,绿盟科技,20141128,13.9069,13.9988,14.5287,13.684,13.903,0.6891,22617.22,162928.7377,0.09579999999999878,北京,软件服务,20140129,
300369.SZ,绿盟科技,20141127,14.0731,13.903,14.077,13.8052,14.1552,-1.7817,22243.45,158334.4483,-0.2522000000000002,北京,软件服务,20140129,
300369.SZ,绿盟科技,20141126,12.9644,14.1552,14.1552,12.8666,12.8685,9.9988,40457.85,287751.8791,1.2867000000000015,北京,软件服务,20140129,
300369.SZ,绿盟科技,20141125,13.156,12.8685,13.2733,12.6711,13.0348,-1.2758,12518.86,82412.8548,-0.16630000000000145,北京,软件服务,20140129,
300369.SZ,绿盟科技,20141124,13.2968,13.0348,13.3946,13.023,13.156,-0.9213,10913.3,73872.292,-0.12119999999999997,北京,软件服务,20140129,
300369.SZ,绿盟科技,20141121,12.9409,13.156,13.3515,12.8764,12.9409,1.6622,7873.45,53085.5893,0.2151000000000014,北京,软件服务,20140129,
300369.SZ,绿盟科技,20141120,13.199,12.9409,13.2381,12.7708,13.2381,-2.245,8085.73,53459.5873,-0.29720000000000013,北京,软件服务,20140129,
300369.SZ,绿盟科技,20141119,12.9057,13.2381,13.5314,12.7297,12.7414,3.8983,13130.64,88567.8436,0.4966999999999988,北京,软件服务,20140129,
300369.SZ,绿盟科技,20141118,12.673,12.7414,12.8451,12.4775,12.5674,1.3845,5568.72,36200.1289,0.17400000000000126,北京,软件服务,20140129,
300369.SZ,绿盟科技,20141117,12.4833,12.5674,12.9057,12.1235,12.4168,1.2129,7446.1,48143.8354,0.15059999999999896,北京,软件服务,20140129,
300369.SZ,绿盟科技,20141114,13.0797,12.4168,13.0993,12.3445,13.0817,-5.0827,9323.34,60394.0223,-0.6648999999999994,北京,软件服务,20140129,
300369.SZ,绿盟科技,20141113,13.4923,13.0817,13.6664,12.9448,13.6879,-4.4287,11228.65,75418.7548,-0.6062000000000012,北京,软件服务,20140129,
300369.SZ,绿盟科技,20141112,13.2811,13.6879,13.8756,13.0054,13.1599,4.0122,9956.44,68692.0512,0.5280000000000005,北京,软件服务,20140129,
300369.SZ,绿盟科技,20141111,13.8639,13.1599,13.8639,12.8822,13.8599,-5.0505,15172.77,103359.8181,-0.6999999999999993,北京,软件服务,20140129,
300369.SZ,绿盟科技,20141110,14.0027,13.8599,14.1435,13.7465,14.0692,-1.4876,9836.57,69974.1221,-0.2093000000000007,北京,软件服务,20140129,
300369.SZ,绿盟科技,20141107,14.0398,14.0692,14.5287,13.8932,13.8834,1.3383,13359.0,97560.0243,0.1858000000000004,北京,软件服务,20140129,
300369.SZ,绿盟科技,20141106,13.9616,13.8834,14.0555,13.6624,13.8834,0.0,8965.61,63447.8077,0.0,北京,软件服务,20140129,
300369.SZ,绿盟科技,20141105,13.6918,13.8834,13.9049,13.6918,13.7837,0.7233,4515.39,31934.1668,0.09970000000000034,北京,软件服务,20140129,
300369.SZ,绿盟科技,20141104,14.1787,13.7837,14.2119,13.5471,14.2119,-3.013,13211.64,93373.8969,-0.42820000000000036,北京,软件服务,20140129,
300369.SZ,绿盟科技,20141103,14.2686,14.2119,14.47,14.1963,14.2647,-0.3701,8228.41,60141.3932,-0.052799999999999514,北京,软件服务,20140129,
300369.SZ,绿盟科技,20141031,14.4192,14.2647,14.4622,14.1767,14.4055,-0.9774,6911.71,50446.8651,-0.14080000000000048,北京,软件服务,20140129,
300369.SZ,绿盟科技,20141030,14.4505,14.4055,14.5952,14.1767,14.4505,-0.3114,11781.72,86798.9929,-0.04499999999999993,北京,软件服务,20140129,
300369.SZ,绿盟科技,20141029,14.1317,14.4505,14.5874,14.1141,14.1024,2.4684,12967.84,95580.7858,0.3481000000000005,北京,软件服务,20140129,
300369.SZ,绿盟科技,20141028,13.6644,14.1024,14.1063,13.5432,13.4904,4.5366,9133.19,64991.2277,0.6120000000000001,北京,软件服务,20140129,
300369.SZ,绿盟科技,20141027,13.5999,13.4904,13.5999,13.2577,13.682,-1.4004,6730.79,46270.3876,-0.1916000000000011,北京,软件服务,20140129,
300369.SZ,绿盟科技,20141024,13.8052,13.682,13.9069,13.5529,13.68,0.0146,6078.74,42681.928,0.002000000000000668,北京,软件服务,20140129,
300369.SZ,绿盟科技,20141023,14.0633,13.68,14.0633,13.4532,14.1865,-3.5703,14055.7,98740.3741,-0.5065000000000008,北京,软件服务,20140129,
300369.SZ,绿盟科技,20141022,14.7633,14.1865,14.8572,14.1376,14.7633,-3.907,13209.45,97987.3819,-0.5767999999999986,北京,软件服务,20140129,
300369.SZ,绿盟科技,20141021,14.603,14.7633,14.8142,14.4896,14.5756,1.2878,12560.33,94445.4397,0.18769999999999953,北京,软件服务,20140129,
300369.SZ,绿盟科技,20141020,14.4114,14.5756,14.7575,14.4114,14.5678,0.0535,12333.5,91578.4083,0.007799999999999585,北京,软件服务,20140129,
300369.SZ,绿盟科技,20141017,14.0809,14.5678,14.7575,13.9225,14.3097,1.8037,14021.96,102667.9012,0.25810000000000066,北京,软件服务,20140129,
300369.SZ,绿盟科技,20141016,14.2745,14.3097,14.9726,14.1474,14.1474,1.1472,26947.35,200532.7102,0.1623000000000001,北京,软件服务,20140129,
300369.SZ,绿盟科技,20141015,13.8032,14.1474,14.2354,13.6272,13.6683,3.5052,16917.82,121205.3075,0.47909999999999897,北京,软件服务,20140129,
300369.SZ,绿盟科技,20141014,13.991,13.6683,14.1924,13.5041,14.1044,-3.0919,17253.47,122220.5144,-0.4360999999999997,北京,软件服务,20140129,
300369.SZ,绿盟科技,20141013,14.0789,14.1044,14.3723,13.9225,13.9518,1.0938,20084.53,145314.0072,0.15259999999999962,北京,软件服务,20140129,
300369.SZ,绿盟科技,20141010,14.3507,13.9518,14.8611,13.7524,14.5287,-3.9708,34658.42,250958.1936,-0.5769000000000002,北京,软件服务,20140129,
300369.SZ,绿盟科技,20141009,15.9464,14.5287,15.9464,14.5052,14.4974,0.2159,54271.02,420559.4586,0.031299999999999883,北京,软件服务,20140129,
300369.SZ,绿盟科技,20141008,14.4974,14.4974,14.4974,14.4974,13.1795,9.9996,489.54,3629.4496,1.3178999999999998,北京,软件服务,20140129,
300369.SZ,绿盟科技,20140930,13.1795,13.1795,13.1795,13.1795,11.9808,10.0052,416.89,2809.8386,1.1987000000000005,北京,软件服务,20140129,
300369.SZ,绿盟科技,20140625,11.5526,11.9808,12.0258,11.3433,11.5721,3.5318,25170.8,151556.3105,0.4086999999999996,北京,软件服务,20140129,
300369.SZ,绿盟科技,20140624,11.6249,11.5721,11.8244,11.4783,11.6347,-0.538,13447.41,79845.7379,-0.06259999999999977,北京,软件服务,20140129,
300369.SZ,绿盟科技,20140623,11.1673,11.6347,11.8635,11.0872,11.1361,4.4773,21289.21,125761.4539,0.4985999999999997,北京,软件服务,20140129,
300369.SZ,绿盟科技,20140620,10.7899,11.1361,11.1361,10.5592,10.8897,2.2627,19041.06,105733.4448,0.24640000000000128,北京,软件服务,20140129,
300369.SZ,绿盟科技,20140619,11.5858,10.8897,11.7305,10.5592,11.6679,-6.6696,26438.72,150196.8954,-0.7782,北京,软件服务,20140129,
300369.SZ,绿盟科技,20140618,11.7911,11.6679,12.0453,11.6171,11.7325,-0.5506,18208.96,110238.7594,-0.06460000000000043,北京,软件服务,20140129,
300369.SZ,绿盟科技,20140617,11.7344,11.7325,12.2154,11.6112,11.7325,0.0,27893.51,170243.611,0.0,北京,软件服务,20140129,
300369.SZ,绿盟科技,20140616,11.2416,11.7325,12.237,11.1576,11.2221,4.5482,35754.47,214305.6174,0.5104000000000006,北京,软件服务,20140129,
300369.SZ,绿盟科技,20140613,10.9327,11.2221,11.4176,10.8134,10.9483,2.5008,22429.88,127924.3708,0.2737999999999996,北京,软件服务,20140129,
300369.SZ,绿盟科技,20140612,10.9522,10.9483,11.0676,10.7352,10.9992,-0.4628,14207.78,79063.4149,-0.05090000000000039,北京,软件服务,20140129,
300369.SZ,绿盟科技,20140611,11.224,10.9992,11.2592,10.8623,11.2143,-1.9181,18382.66,103896.9524,-0.21509999999999962,北京,软件服务,20140129,
300369.SZ,绿盟科技,20140610,10.9503,11.2143,11.3296,10.7548,11.0461,1.5227,22875.11,130146.2172,0.16820000000000057,北京,软件服务,20140129,
300369.SZ,绿盟科技,20140609,11.2436,11.0461,11.3257,10.9268,11.4548,-3.5679,19957.69,113092.4857,-0.4087000000000014,北京,软件服务,20140129,
300369.SZ,绿盟科技,20140606,10.9112,11.4548,11.533,10.9053,10.9053,5.0388,31223.12,179852.7727,0.5495000000000001,北京,软件服务,20140129,
300369.SZ,绿盟科技,20140605,10.7743,10.9053,11.005,10.6863,10.8877,0.1617,18886.24,104635.5477,0.017599999999999838,北京,软件服务,20140129,
300369.SZ,绿盟科技,20140604,10.8427,10.8877,11.1458,10.7098,10.7313,1.4574,21840.14,121596.3795,0.15640000000000143,北京,软件服务,20140129,
300369.SZ,绿盟科技,20140603,10.8916,10.7313,10.9151,10.5201,11.05,-2.8842,22287.3,122100.6853,-0.31870000000000154,北京,软件服务,20140129,
300369.SZ,绿盟科技,20140530,10.7528,11.05,11.3414,10.5397,10.7939,2.3726,39281.51,221508.2765,0.2561,北京,软件服务,20140129,
300369.SZ,绿盟科技,20140529,11.1458,10.7939,11.3394,10.5397,11.2123,-3.7316,32576.69,182854.9963,-0.4184000000000001,北京,软件服务,20140129,
300369.SZ,绿盟科技,20140528,10.6299,11.211,11.2183,10.441,10.5385,6.3814,23318.75,209708.2318,0.6724999999999994,北京,软件服务,20140129,
300369.SZ,绿盟科技,20140527,10.4532,10.5385,10.9868,10.4045,10.3752,1.5739,18299.39,160043.7246,0.16330000000000133,北京,软件服务,20140129,
300369.SZ,绿盟科技,20140526,10.3436,10.3752,10.5019,10.1255,10.3631,0.1168,14551.59,123642.188,0.012100000000000222,北京,软件服务,20140129,
300369.SZ,绿盟科技,20140523,9.5224,10.3631,10.4764,9.5188,9.5638,8.3576,22247.35,182921.1154,0.7992999999999988,北京,软件服务,20140129,
300369.SZ,绿盟科技,20140522,9.6248,9.5638,9.9415,9.4786,9.4737,0.9511,19843.91,157876.513,0.0901000000000014,北京,软件服务,20140129,
300369.SZ,绿盟科技,20140521,9.1374,9.4737,9.4798,8.9912,9.2349,2.5858,17853.71,135071.689,0.23879999999999946,北京,软件服务,20140129,
300369.SZ,绿盟科技,20140520,8.8292,9.2349,9.4481,8.8292,8.5892,7.5176,28130.66,215224.8799,0.6456999999999997,北京,软件服务,20140129,
300369.SZ,绿盟科技,20140519,8.8925,8.5892,8.9059,8.4064,8.9742,-4.2901,10299.48,72952.5177,-0.3849999999999998,北京,软件服务,20140129,
300369.SZ,绿盟科技,20140516,8.8791,8.9742,9.2081,8.8596,8.9181,0.6291,10579.13,78435.824,0.05609999999999893,北京,软件服务,20140129,
300369.SZ,绿盟科技,20140515,8.8938,8.9181,9.1374,8.8024,8.8755,0.48,11500.59,84705.2055,0.04260000000000019,北京,软件服务,20140129,
300369.SZ,绿盟科技,20140514,8.5807,8.8755,8.9425,8.5404,8.6452,2.6639,8525.3,61326.894,0.23029999999999973,北京,软件服务,20140129,
300369.SZ,绿盟科技,20140513,8.5892,8.6452,8.8194,8.5636,8.5636,0.9529,6101.74,43381.5704,0.08160000000000167,北京,软件服务,20140129,
300369.SZ,绿盟科技,20140512,8.4734,8.5636,8.5953,8.3114,8.4308,1.5752,8332.81,57899.9153,0.13279999999999959,北京,软件服务,20140129,
300369.SZ,绿盟科技,20140509,8.8085,8.4308,8.9547,8.4064,8.8938,-5.2059,12503.21,87971.0048,-0.46300000000000097,北京,软件服务,20140129,
300369.SZ,绿盟科技,20140508,8.9559,8.8938,9.1594,8.8328,9.0375,-1.59,5985.83,44165.0019,-0.14369999999999905,北京,软件服务,20140129,
300369.SZ,绿盟科技,20140507,9.0278,9.0375,9.2081,8.8767,9.124,-0.948,7549.3,56225.4824,-0.08650000000000091,北京,软件服务,20140129,
300369.SZ,绿盟科技,20140506,8.8816,9.124,9.1935,8.845,8.923,2.2526,9588.23,71320.9591,0.2010000000000005,北京,软件服务,20140129,
300369.SZ,绿盟科技,20140505,8.5502,8.923,9.0497,8.309,8.5563,4.2857,10061.04,72008.157,0.3666999999999998,北京,软件服务,20140129,
300369.SZ,绿盟科技,20140430,8.5709,8.5563,8.7098,8.4856,8.5636,-0.0852,7547.91,53328.0706,-0.007299999999998974,北京,软件服务,20140129,
300369.SZ,绿盟科技,20140429,8.5283,8.5636,8.6964,8.4673,8.4454,1.3996,6028.79,42358.1224,0.11819999999999986,北京,软件服务,20140129,
300369.SZ,绿盟科技,20140428,9.0765,8.4454,9.1557,8.4113,9.2654,-8.8501,9634.72,69006.6143,-0.8200000000000003,北京,软件服务,20140129,
300369.SZ,绿盟科技,20140425,9.2008,9.2654,9.6101,9.2008,9.241,0.264,5639.51,43448.79,0.024399999999999977,北京,软件服务,20140129,
300369.SZ,绿盟科技,20140424,9.615,9.241,9.6613,9.1386,9.5541,-3.2771,11591.78,88779.9357,-0.3131000000000004,北京,软件服务,20140129,
300369.SZ,绿盟科技,20140423,9.5151,9.5541,9.799,9.5127,9.5992,-0.4698,7440.02,59048.1547,-0.045099999999999696,北京,软件服务,20140129,
300369.SZ,绿盟科技,20140422,10.3813,9.5992,10.5738,9.4518,10.463,-8.2558,24336.54,197099.1693,-0.8637999999999995,北京,软件服务,20140129,
300369.SZ,绿盟科技,20140421,10.3289,10.463,10.6932,10.2595,10.4739,-0.1041,8947.42,77793.9532,-0.010900000000001242,北京,软件服务,20140129,
300369.SZ,绿盟科技,20140418,10.5604,10.4739,10.6201,10.4301,10.5933,-1.1271,5578.24,48187.1112,-0.11939999999999884,北京,软件服务,20140129,
300369.SZ,绿盟科技,20140417,10.6128,10.5933,10.7931,10.5397,10.6299,-0.3443,4564.95,39974.8579,-0.036599999999999966,北京,软件服务,20140129,
300369.SZ,绿盟科技,20140416,10.7212,10.6299,10.915,10.4496,10.7663,-1.2669,5631.88,49251.2783,-0.13640000000000008,北京,软件服务,20140129,
300369.SZ,绿盟科技,20140415,10.5994,10.7663,10.9162,10.5994,10.575,1.809,8051.49,71168.4509,0.19130000000000003,北京,软件服务,20140129,
300369.SZ,绿盟科技,20140414,10.8187,10.575,10.9527,10.4191,11.1379,-5.0539,14523.62,126754.3823,-0.5629000000000008,北京,软件服务,20140129,
300369.SZ,绿盟科技,20140409,11.0258,11.1379,11.2658,10.8918,11.0867,0.4618,10615.88,96511.7955,0.05119999999999969,北京,软件服务,20140129,
300369.SZ,绿盟科技,20140408,11.0258,11.0867,11.328,10.7091,11.2549,-1.4945,9217.59,82936.5025,-0.1681999999999988,北京,软件服务,20140129,
300369.SZ,绿盟科技,20140404,10.6116,11.2549,11.4145,10.5312,10.7444,4.7513,12863.32,116510.3526,0.5104999999999986,北京,软件服务,20140129,
300369.SZ,绿盟科技,20140403,10.6421,10.7444,10.904,10.5677,10.7639,-0.1812,5406.5,47570.2714,-0.019499999999998963,北京,软件服务,20140129,
300369.SZ,绿盟科技,20140402,10.6238,10.7639,10.8431,10.2583,10.7212,0.3983,8187.29,71284.5773,0.04269999999999996,北京,软件服务,20140129,
300369.SZ,绿盟科技,20140401,10.1133,10.7212,10.9649,10.0037,10.2461,4.6369,11620.36,102035.6759,0.4750999999999994,北京,软件服务,20140129,
300369.SZ,绿盟科技,20140331,10.1133,10.2461,10.586,9.905,10.3058,-0.5793,11051.87,93298.1048,-0.05969999999999942,北京,软件服务,20140129,
300369.SZ,绿盟科技,20140328,10.3862,10.3058,10.7042,10.0207,10.3862,-0.7741,12436.75,105912.9702,-0.08040000000000092,北京,软件服务,20140129,
300369.SZ,绿盟科技,20140327,11.306,10.3862,11.3304,10.3862,11.5363,-9.9694,19624.3,174896.4448,-1.1501000000000001,北京,软件服务,20140129,
300369.SZ,绿盟科技,20140326,11.6959,11.5363,11.9907,11.5132,11.8787,-2.8825,13134.37,126600.0125,-0.3423999999999996,北京,软件服务,20140129,
300369.SZ,绿盟科技,20140325,11.8177,11.8787,11.9846,11.1964,11.9993,-1.0051,20347.73,193373.3624,-0.1205999999999996,北京,软件服务,20140129,
300369.SZ,绿盟科技,20140324,12.7108,11.9993,12.7802,11.6472,12.4184,-3.3748,30508.69,303580.8832,-0.41910000000000025,北京,软件服务,20140129,
300369.SZ,绿盟科技,20140321,11.2463,12.4184,12.4184,11.1001,11.289,10.0044,27659.13,269754.7856,1.1294000000000004,北京,软件服务,20140129,
300369.SZ,绿盟科技,20140320,11.6106,11.289,12.4269,11.2695,11.7203,-3.6799,27100.82,265745.9831,-0.43130000000000024,北京,软件服务,20140129,
300369.SZ,绿盟科技,20140319,11.3243,11.7203,11.797,11.1269,11.529,1.6593,18441.16,173151.3018,0.19130000000000003,北京,软件服务,20140129,
300369.SZ,绿盟科技,20140318,11.3304,11.529,11.9798,11.2829,11.3511,1.5672,29987.07,287675.136,0.17789999999999928,北京,软件服务,20140129,
300369.SZ,绿盟科技,20140317,11.3353,11.3511,11.6289,11.1135,11.0648,2.5875,22260.39,207270.8084,0.28630000000000067,北京,软件服务,20140129,
300369.SZ,绿盟科技,20140314,9.8745,11.0648,11.0648,9.8745,10.0585,10.0045,35420.44,308618.3431,1.0062999999999995,北京,软件服务,20140129,
300369.SZ,绿盟科技,20140313,9.8026,10.0585,10.2059,9.7563,9.8441,2.178,13643.64,111827.608,0.21440000000000126,北京,软件服务,20140129,
300369.SZ,绿盟科技,20140312,9.8806,9.8441,9.9744,9.3811,10.0268,-1.8221,19605.81,156881.5048,-0.18270000000000053,北京,软件服务,20140129,
300369.SZ,绿盟科技,20140311,9.8441,10.0268,10.1121,9.6625,9.7807,2.5162,16385.95,132820.4999,0.2461000000000002,北京,软件服务,20140129,
300369.SZ,绿盟科技,20140310,10.1608,9.7807,10.3168,9.7478,10.424,-6.1713,21825.38,179331.4572,-0.6433,北京,软件服务,20140129,
300369.SZ,绿盟科技,20140307,10.9637,10.424,11.1306,10.4118,11.0989,-6.0808,18537.16,163350.8881,-0.6749000000000009,北京,软件服务,20140129,
300369.SZ,绿盟科技,20140306,10.7456,11.0989,11.261,10.1608,10.7809,2.9497,21240.35,188573.815,0.3179999999999996,北京,软件服务,20140129,
300369.SZ,绿盟科技,20140305,11.4181,10.7809,11.4181,10.7212,11.1903,-3.6585,20156.51,183246.5967,-0.40939999999999976,北京,软件服务,20140129,
300369.SZ,绿盟科技,20140304,11.6021,11.1903,11.8299,10.8443,11.8945,-5.9204,31417.81,292449.2673,-0.7042000000000002,北京,软件服务,20140129,
300369.SZ,绿盟科技,20140303,10.9649,11.8945,11.9384,10.8443,11.2756,5.4888,42918.75,400764.7543,0.6189,北京,软件服务,20140129,
300369.SZ,绿盟科技,20140228,11.1221,11.2756,11.2756,10.6676,10.251,9.9951,59816.97,544954.5319,1.0246000000000013,北京,软件服务,20140129,
300369.SZ,绿盟科技,20140227,11.2086,10.251,11.4839,10.251,11.3901,-10.0008,35038.45,310030.3671,-1.139100000000001,北京,软件服务,20140129,
300369.SZ,绿盟科技,20140226,11.3304,11.3901,11.5497,10.7334,11.8555,-3.9256,33611.1,310443.7888,-0.4653999999999989,北京,软件服务,20140129,
300369.SZ,绿盟科技,20140225,12.1893,11.8555,13.2858,11.5741,12.0785,-1.8463,59049.79,614592.0127,-0.22300000000000075,北京,软件服务,20140129,
300369.SZ,绿盟科技,20140224,11.6106,12.0785,12.1711,11.5205,11.6971,3.2606,32456.35,316187.7588,0.3813999999999993,北京,软件服务,20140129,
300369.SZ,绿盟科技,20140221,11.4522,11.6971,11.7654,11.211,11.7422,-0.3841,25782.42,243674.7195,-0.045099999999999696,北京,软件服务,20140129,
300369.SZ,绿盟科技,20140220,11.9396,11.7422,12.1223,11.3804,12.2405,-4.0709,28858.56,278474.5382,-0.4983000000000004,北京,软件服务,20140129,
300369.SZ,绿盟科技,20140219,11.8177,12.2405,12.5804,11.5497,11.8908,2.9409,37218.99,368697.2476,0.34970000000000034,北京,软件服务,20140129,
300369.SZ,绿盟科技,20140218,12.5804,11.8908,12.5804,11.7666,11.4388,3.9515,64964.57,648979.6019,0.45199999999999996,北京,软件服务,20140129,
300369.SZ,绿盟科技,20140213,11.5595,11.4388,11.5826,10.9783,10.53,8.6306,87794.63,824443.3573,0.9088000000000012,北京,软件服务,20140129,
300369.SZ,绿盟科技,20140212,10.53,10.53,10.53,10.53,9.5724,10.0038,2834.52,24498.7564,0.9575999999999993,北京,软件服务,20140129,
300369.SZ,绿盟科技,20140210,9.5724,9.5724,9.5724,9.5638,8.7025,9.996,13125.91,103130.0129,0.8698999999999995,北京,软件服务,20140129,
300369.SZ,绿盟科技,20140207,8.4064,8.7025,8.7025,8.0409,7.9118,9.9939,54466.05,379445.7321,0.7907000000000002,北京,软件服务,20140129,
300369.SZ,绿盟科技,20140130,7.9118,7.9118,7.9118,7.9118,7.193,9.993,18180.32,118062.9981,0.7188000000000008,北京,软件服务,20140129,
300369.SZ,绿盟科技,20140129,5.9942,7.193,7.193,5.9942,4.9951,44.0011,3621.41,21128.8055,2.1978999999999997,北京,软件服务,20140129,
sz300369,绿盟科技,2020-06-22,21.36,21.88,21.28,21.5,21.5,8709820.0,187499280.0
sz300369,绿盟科技,2020-06-23,21.35,22.05,21.06,21.95,21.5,11239778.0,242142673.0
sz300369,绿盟科技,2020-06-24,21.73,22.45,21.6,21.8,21.95,14024057.0,306848021.0
sz300369,绿盟科技,2020-06-30,22.28,23.45,21.95,23.29,21.99,10473146.0,240137960.0
