数据由w0x7ce整理
股票代码,股票名称,交易日期,开盘价,收盘价,最高价,最低价,前收盘价,复权因子,成交量,成交额,波动,地区,行业,上市日期,退市日期
601008.SH,连云港,20200618,3.38,3.42,3.48,3.37,3.4,0.5882,103005.6,35327.117,0.020000000000000018,江苏,港口,20070426,
601008.SH,连云港,20200617,3.43,3.4,3.44,3.37,3.45,-1.4493,85218.0,28991.949,-0.050000000000000266,江苏,港口,20070426,
601008.SH,连云港,20200616,3.38,3.45,3.47,3.37,3.38,2.071,90903.99,31139.479,0.07000000000000028,江苏,港口,20070426,
601008.SH,连云港,20200615,3.38,3.38,3.44,3.36,3.39,-0.295,63759.06,21663.974,-0.010000000000000231,江苏,港口,20070426,
601008.SH,连云港,20200612,3.35,3.39,3.4,3.31,3.39,0.0,44747.68,15062.325,0.0,江苏,港口,20070426,
601008.SH,连云港,20200611,3.41,3.39,3.45,3.38,3.4,-0.2941,42738.76,14578.682,-0.009999999999999787,江苏,港口,20070426,
601008.SH,连云港,20200610,3.45,3.4,3.46,3.39,3.44,-1.1628,54501.56,18555.148,-0.040000000000000036,江苏,港口,20070426,
601008.SH,连云港,20200609,3.42,3.44,3.46,3.42,3.43,0.2915,53697.0,18453.602,0.009999999999999787,江苏,港口,20070426,
601008.SH,连云港,20200608,3.45,3.43,3.48,3.43,3.45,-0.5797,71703.0,24777.181,-0.020000000000000018,江苏,港口,20070426,
601008.SH,连云港,20200605,3.52,3.45,3.52,3.42,3.49,-1.1461,90705.5,31397.42,-0.040000000000000036,江苏,港口,20070426,
601008.SH,连云港,20200604,3.5,3.49,3.54,3.48,3.51,-0.5698,72817.01,25450.969,-0.019999999999999574,江苏,港口,20070426,
601008.SH,连云港,20200603,3.55,3.51,3.6,3.5,3.62,-3.0387,162490.0,57479.063,-0.11000000000000032,江苏,港口,20070426,
601008.SH,连云港,20200602,3.44,3.62,3.79,3.44,3.48,4.023,357704.62,127809.298,0.14000000000000012,江苏,港口,20070426,
601008.SH,连云港,20200601,3.45,3.48,3.52,3.38,3.51,-0.8547,206845.37,71263.298,-0.029999999999999805,江苏,港口,20070426,
601008.SH,连云港,20200529,3.28,3.51,3.52,3.26,3.27,7.3394,233489.85,79314.357,0.23999999999999977,江苏,港口,20070426,
601008.SH,连云港,20200528,3.25,3.27,3.28,3.18,3.26,0.3067,97936.99,31619.438,0.010000000000000231,江苏,港口,20070426,
601008.SH,连云港,20200527,3.28,3.26,3.29,3.25,3.29,-0.9119,49207.0,16101.948,-0.03000000000000025,江苏,港口,20070426,
601008.SH,连云港,20200526,3.29,3.29,3.29,3.26,3.27,0.6116,50458.9,16526.243,0.020000000000000018,江苏,港口,20070426,
601008.SH,连云港,20200525,3.3,3.27,3.3,3.26,3.28,-0.3049,26783.52,8766.853,-0.009999999999999787,江苏,港口,20070426,
601008.SH,连云港,20200522,3.31,3.28,3.32,3.27,3.32,-1.2048,42682.3,14030.841,-0.040000000000000036,江苏,港口,20070426,
601008.SH,连云港,20200521,3.35,3.32,3.38,3.31,3.36,-1.1905,58246.9,19493.29,-0.040000000000000036,江苏,港口,20070426,
601008.SH,连云港,20200520,3.31,3.36,3.4,3.29,3.33,0.9009,96958.55,32387.016,0.029999999999999805,江苏,港口,20070426,
601008.SH,连云港,20200519,3.32,3.33,3.34,3.31,3.31,0.6042,40177.01,13359.135,0.020000000000000018,江苏,港口,20070426,
601008.SH,连云港,20200518,3.3,3.31,3.34,3.28,3.31,0.0,45223.55,14995.738,0.0,江苏,港口,20070426,
601008.SH,连云港,20200515,3.3,3.31,3.36,3.3,3.3,0.303,57956.0,19255.479,0.010000000000000231,江苏,港口,20070426,
601008.SH,连云港,20200514,3.32,3.3,3.33,3.29,3.34,-1.1976,34649.85,11472.584,-0.040000000000000036,江苏,港口,20070426,
601008.SH,连云港,20200513,3.33,3.34,3.35,3.31,3.34,0.0,29986.0,9992.6,0.0,江苏,港口,20070426,
601008.SH,连云港,20200512,3.34,3.34,3.35,3.32,3.36,-0.5952,29593.67,9863.387,-0.020000000000000018,江苏,港口,20070426,
601008.SH,连云港,20200511,3.38,3.36,3.38,3.31,3.37,-0.2967,62636.02,21003.349,-0.010000000000000231,江苏,港口,20070426,
601008.SH,连云港,20200508,3.35,3.37,3.39,3.35,3.35,0.597,67251.1,22639.296,0.020000000000000018,江苏,港口,20070426,
601008.SH,连云港,20200507,3.32,3.35,3.37,3.31,3.33,0.6006,50301.0,16818.407,0.020000000000000018,江苏,港口,20070426,
601008.SH,连云港,20200506,3.24,3.33,3.33,3.24,3.29,1.2158,61243.65,20206.48,0.040000000000000036,江苏,港口,20070426,
601008.SH,连云港,20200430,3.26,3.29,3.31,3.25,3.24,1.5432,52495.83,17247.075,0.04999999999999982,江苏,港口,20070426,
601008.SH,连云港,20200429,3.25,3.24,3.28,3.23,3.25,-0.3077,53076.54,17268.274,-0.009999999999999787,江苏,港口,20070426,
601008.SH,连云港,20200428,3.35,3.25,3.37,3.18,3.34,-2.6946,81228.0,26399.666,-0.08999999999999986,江苏,港口,20070426,
601008.SH,连云港,20200427,3.39,3.34,3.41,3.34,3.4,-1.7647,59529.8,20037.09,-0.06000000000000005,江苏,港口,20070426,
601008.SH,连云港,20200424,3.44,3.4,3.45,3.38,3.46,-1.7341,81300.54,27740.053,-0.06000000000000005,江苏,港口,20070426,
601008.SH,连云港,20200423,3.45,3.46,3.51,3.43,3.45,0.2899,106965.2,37219.85,0.009999999999999787,江苏,港口,20070426,
601008.SH,连云港,20200422,3.45,3.45,3.46,3.42,3.49,-1.1461,86215.56,29609.83,-0.040000000000000036,江苏,港口,20070426,
601008.SH,连云港,20200421,3.49,3.49,3.57,3.47,3.47,0.5764,127942.38,44875.318,0.020000000000000018,江苏,港口,20070426,
601008.SH,连云港,20200420,3.47,3.47,3.49,3.44,3.46,0.289,61361.76,21281.095,0.010000000000000231,江苏,港口,20070426,
601008.SH,连云港,20200417,3.49,3.46,3.5,3.45,3.47,-0.2882,59677.6,20725.494,-0.010000000000000231,江苏,港口,20070426,
601008.SH,连云港,20200416,3.45,3.47,3.49,3.45,3.5,-0.8571,60752.59,21075.152,-0.029999999999999805,江苏,港口,20070426,
601008.SH,连云港,20200415,3.48,3.5,3.53,3.43,3.48,0.5747,116352.13,40464.232,0.020000000000000018,江苏,港口,20070426,
601008.SH,连云港,20200414,3.44,3.48,3.5,3.43,3.44,1.1628,62083.79,21519.908,0.040000000000000036,江苏,港口,20070426,
601008.SH,连云港,20200413,3.46,3.44,3.47,3.41,3.51,-1.9943,76495.76,26284.896,-0.06999999999999984,江苏,港口,20070426,
601008.SH,连云港,20200410,3.45,3.51,3.57,3.4,3.45,1.7391,174063.53,60714.355,0.05999999999999961,江苏,港口,20070426,
601008.SH,连云港,20200409,3.45,3.45,3.47,3.44,3.45,0.0,70731.0,24433.154,0.0,江苏,港口,20070426,
601008.SH,连云港,20200408,3.42,3.45,3.47,3.4,3.45,0.0,66623.63,22872.264,0.0,江苏,港口,20070426,
601008.SH,连云港,20200407,3.41,3.45,3.48,3.4,3.37,2.3739,103781.79,35724.093,0.08000000000000007,江苏,港口,20070426,
601008.SH,连云港,20200403,3.39,3.37,3.4,3.36,3.42,-1.462,44675.0,15097.858,-0.04999999999999982,江苏,港口,20070426,
601008.SH,连云港,20200402,3.38,3.42,3.42,3.36,3.38,1.1834,56959.01,19292.581,0.040000000000000036,江苏,港口,20070426,
601008.SH,连云港,20200401,3.4,3.38,3.45,3.38,3.43,-1.4577,53903.45,18398.846,-0.050000000000000266,江苏,港口,20070426,
601008.SH,连云港,20200331,3.41,3.43,3.51,3.4,3.4,0.8824,87962.41,30304.342,0.03000000000000025,江苏,港口,20070426,
601008.SH,连云港,20200330,3.49,3.4,3.49,3.36,3.5,-2.8571,79885.15,27158.188,-0.10000000000000009,江苏,港口,20070426,
601008.SH,连云港,20200327,3.51,3.5,3.54,3.48,3.48,0.5747,91079.12,31961.516,0.020000000000000018,江苏,港口,20070426,
601008.SH,连云港,20200326,3.5,3.48,3.55,3.46,3.55,-1.9718,86368.5,30299.444,-0.06999999999999984,江苏,港口,20070426,
601008.SH,连云港,20200325,3.49,3.55,3.58,3.45,3.42,3.8012,130438.36,45755.001,0.1299999999999999,江苏,港口,20070426,
601008.SH,连云港,20200324,3.45,3.42,3.46,3.34,3.39,0.885,92715.86,31561.624,0.029999999999999805,江苏,港口,20070426,
601008.SH,连云港,20200323,3.48,3.39,3.55,3.38,3.55,-4.507,95003.0,32869.972,-0.1599999999999997,江苏,港口,20070426,
601008.SH,连云港,20200320,3.53,3.55,3.57,3.49,3.51,1.1396,78140.72,27649.231,0.040000000000000036,江苏,港口,20070426,
601008.SH,连云港,20200319,3.52,3.51,3.6,3.42,3.55,-1.1268,124805.12,43820.779,-0.040000000000000036,江苏,港口,20070426,
601008.SH,连云港,20200318,3.66,3.55,3.76,3.55,3.63,-2.2039,165141.23,60515.666,-0.08000000000000007,江苏,港口,20070426,
601008.SH,连云港,20200317,3.72,3.63,3.79,3.52,3.71,-2.1563,148215.23,53885.823,-0.08000000000000007,江苏,港口,20070426,
601008.SH,连云港,20200316,3.82,3.71,3.94,3.69,3.85,-3.6364,200978.88,76950.818,-0.14000000000000012,江苏,港口,20070426,
601008.SH,连云港,20200313,3.66,3.85,3.94,3.51,3.81,1.0499,263669.84,97618.843,0.040000000000000036,江苏,港口,20070426,
601008.SH,连云港,20200312,3.81,3.81,3.95,3.75,3.89,-2.0566,201210.99,76787.84,-0.08000000000000007,江苏,港口,20070426,
601008.SH,连云港,20200311,3.85,3.89,4.03,3.82,3.86,0.7772,296121.36,116578.458,0.03000000000000025,江苏,港口,20070426,
601008.SH,连云港,20200310,3.73,3.86,3.89,3.66,3.78,2.1164,236952.16,89749.449,0.08000000000000007,江苏,港口,20070426,
601008.SH,连云港,20200309,3.73,3.78,3.92,3.66,3.79,-0.2639,257454.03,98044.794,-0.010000000000000231,江苏,港口,20070426,
601008.SH,连云港,20200306,3.79,3.79,3.82,3.74,3.85,-1.5584,215980.15,81459.268,-0.06000000000000005,江苏,港口,20070426,
601008.SH,连云港,20200305,3.94,3.85,3.97,3.82,3.94,-2.2843,397715.61,154129.741,-0.08999999999999986,江苏,港口,20070426,
601008.SH,连云港,20200304,3.66,3.94,4.06,3.66,3.82,3.1414,692968.65,267930.495,0.1200000000000001,江苏,港口,20070426,
601008.SH,连云港,20200303,3.51,3.82,3.82,3.45,3.47,10.0865,673408.18,253836.191,0.34999999999999964,江苏,港口,20070426,
601008.SH,连云港,20200302,3.39,3.47,3.52,3.37,3.36,3.2738,114132.05,39458.755,0.11000000000000032,江苏,港口,20070426,
601008.SH,连云港,20200228,3.45,3.36,3.49,3.36,3.53,-4.8159,139977.09,47723.655,-0.16999999999999993,江苏,港口,20070426,
601008.SH,连云港,20200227,3.56,3.53,3.62,3.53,3.58,-1.3966,120391.0,42943.374,-0.050000000000000266,江苏,港口,20070426,
601008.SH,连云港,20200226,3.44,3.58,3.64,3.39,3.47,3.17,182545.43,64628.963,0.10999999999999988,江苏,港口,20070426,
601008.SH,连云港,20200225,3.5,3.47,3.5,3.38,3.56,-2.5281,137964.62,47536.206,-0.08999999999999986,江苏,港口,20070426,
601008.SH,连云港,20200224,3.63,3.56,3.63,3.55,3.64,-2.1978,105241.0,37613.388,-0.08000000000000007,江苏,港口,20070426,
601008.SH,连云港,20200221,3.63,3.64,3.65,3.6,3.62,0.5525,85339.75,30955.198,0.020000000000000018,江苏,港口,20070426,
601008.SH,连云港,20200220,3.55,3.62,3.62,3.54,3.55,1.9718,90485.26,32418.052,0.07000000000000028,江苏,港口,20070426,
601008.SH,连云港,20200219,3.56,3.55,3.64,3.55,3.58,-0.838,86986.0,31253.961,-0.03000000000000025,江苏,港口,20070426,
601008.SH,连云港,20200218,3.52,3.58,3.59,3.49,3.51,1.9943,98649.3,35044.809,0.07000000000000028,江苏,港口,20070426,
601008.SH,连云港,20200217,3.41,3.51,3.51,3.41,3.42,2.6316,91138.26,31689.671,0.08999999999999986,江苏,港口,20070426,
601008.SH,连云港,20200214,3.42,3.42,3.46,3.4,3.44,-0.5814,61421.08,21018.07,-0.020000000000000018,江苏,港口,20070426,
601008.SH,连云港,20200213,3.48,3.44,3.5,3.43,3.48,-1.1494,87463.03,30363.196,-0.040000000000000036,江苏,港口,20070426,
601008.SH,连云港,20200212,3.5,3.48,3.5,3.44,3.47,0.2882,68295.23,23723.784,0.009999999999999787,江苏,港口,20070426,
601008.SH,连云港,20200211,3.43,3.47,3.54,3.4,3.43,1.1662,101336.38,35258.323,0.040000000000000036,江苏,港口,20070426,
601008.SH,连云港,20200210,3.31,3.43,3.47,3.27,3.32,3.3133,102095.88,34591.809,0.11000000000000032,江苏,港口,20070426,
601008.SH,连云港,20200207,3.28,3.32,3.32,3.24,3.29,0.9119,94867.86,31038.665,0.029999999999999805,江苏,港口,20070426,
601008.SH,连云港,20200206,3.24,3.29,3.29,3.21,3.24,1.5432,99087.18,32217.286,0.04999999999999982,江苏,港口,20070426,
601008.SH,连云港,20200205,3.2,3.24,3.29,3.2,3.2,1.25,89058.04,28967.691,0.040000000000000036,江苏,港口,20070426,
601008.SH,连云港,20200204,3.06,3.2,3.27,3.06,3.4,-5.8824,161199.02,51387.143,-0.19999999999999973,江苏,港口,20070426,
601008.SH,连云港,20200203,3.4,3.4,3.4,3.4,3.78,-10.0529,19249.0,6544.66,-0.3799999999999999,江苏,港口,20070426,
601008.SH,连云港,20200123,3.85,3.78,3.89,3.73,3.87,-2.3256,74472.12,28424.168,-0.0900000000000003,江苏,港口,20070426,
601008.SH,连云港,20200122,3.86,3.87,3.9,3.81,3.87,0.0,60296.1,23174.606,0.0,江苏,港口,20070426,
601008.SH,连云港,20200121,3.89,3.87,3.91,3.85,3.88,-0.2577,51170.0,19829.811,-0.009999999999999787,江苏,港口,20070426,
601008.SH,连云港,20200120,3.86,3.88,3.89,3.85,3.87,0.2584,47784.99,18488.245,0.009999999999999787,江苏,港口,20070426,
601008.SH,连云港,20200117,3.87,3.87,3.88,3.85,3.86,0.2591,42600.1,16448.743,0.010000000000000231,江苏,港口,20070426,
601008.SH,连云港,20200116,3.92,3.86,3.92,3.85,3.91,-1.2788,53980.22,20924.756,-0.050000000000000266,江苏,港口,20070426,
601008.SH,连云港,20200115,3.98,3.91,3.98,3.89,3.98,-1.7588,78514.0,30765.924,-0.06999999999999984,江苏,港口,20070426,
601008.SH,连云港,20200114,3.95,3.98,4.0,3.93,3.95,0.7595,118391.49,46921.718,0.029999999999999805,江苏,港口,20070426,
601008.SH,连云港,20200113,3.91,3.95,3.95,3.87,3.93,0.5089,65982.12,25785.962,0.020000000000000018,江苏,港口,20070426,
601008.SH,连云港,20200110,3.96,3.93,3.96,3.9,3.94,-0.2538,51501.0,20220.419,-0.009999999999999787,江苏,港口,20070426,
601008.SH,连云港,20200109,3.9,3.94,3.95,3.9,3.88,1.5464,66725.6,26222.839,0.06000000000000005,江苏,港口,20070426,
601008.SH,连云港,20200108,3.95,3.88,3.97,3.85,3.98,-2.5126,97942.37,38376.441,-0.10000000000000009,江苏,港口,20070426,
601008.SH,连云港,20200107,3.96,3.98,3.98,3.94,3.94,1.0152,119808.86,47399.046,0.040000000000000036,江苏,港口,20070426,
601008.SH,连云港,20200106,3.93,3.94,3.97,3.91,3.96,-0.5051,114617.0,45210.189,-0.020000000000000018,江苏,港口,20070426,
601008.SH,连云港,20200103,4.01,3.96,4.04,3.93,3.96,0.0,124675.85,49605.864,0.0,江苏,港口,20070426,
601008.SH,连云港,20200102,3.9,3.96,3.99,3.88,3.87,2.3256,143090.62,56420.225,0.08999999999999986,江苏,港口,20070426,
601008.SH,连云港,20191231,3.84,3.87,3.87,3.82,3.85,0.5195,68441.36,26351.919,0.020000000000000018,江苏,港口,20070426,
601008.SH,连云港,20191230,3.81,3.85,3.85,3.74,3.83,0.5222,82640.23,31368.555,0.020000000000000018,江苏,港口,20070426,
601008.SH,连云港,20191227,3.85,3.83,3.88,3.82,3.84,-0.2604,91763.6,35335.637,-0.009999999999999787,江苏,港口,20070426,
601008.SH,连云港,20191226,3.82,3.84,3.84,3.81,3.81,0.7874,70246.84,26876.685,0.029999999999999805,江苏,港口,20070426,
601008.SH,连云港,20191225,3.86,3.81,3.87,3.81,3.87,-1.5504,98049.01,37585.355,-0.06000000000000005,江苏,港口,20070426,
601008.SH,连云港,20191224,3.86,3.87,3.9,3.85,3.86,0.2591,102567.01,39699.248,0.010000000000000231,江苏,港口,20070426,
601008.SH,连云港,20191223,4.0,3.86,4.01,3.84,3.99,-3.2581,124178.27,48624.568,-0.13000000000000034,江苏,港口,20070426,
601008.SH,连云港,20191220,4.09,3.99,4.1,3.98,4.08,-2.2059,161711.1,65132.07,-0.08999999999999986,江苏,港口,20070426,
601008.SH,连云港,20191219,4.05,4.08,4.1,4.0,4.03,1.2407,136350.03,55266.107,0.04999999999999982,江苏,港口,20070426,
601008.SH,连云港,20191218,4.02,4.03,4.05,3.99,4.01,0.4988,141609.58,56985.766,0.020000000000000462,江苏,港口,20070426,
601008.SH,连云港,20191217,3.88,4.01,4.06,3.87,3.87,3.6176,202763.01,80912.856,0.13999999999999968,江苏,港口,20070426,
601008.SH,连云港,20191216,3.82,3.87,3.87,3.79,3.8,1.8421,104495.25,40150.774,0.07000000000000028,江苏,港口,20070426,
601008.SH,连云港,20191213,3.75,3.8,3.8,3.74,3.74,1.6043,77342.0,29228.2,0.05999999999999961,江苏,港口,20070426,
601008.SH,连云港,20191212,3.75,3.74,3.82,3.72,3.75,-0.2667,74629.82,28033.414,-0.009999999999999787,江苏,港口,20070426,
601008.SH,连云港,20191211,3.74,3.75,3.77,3.73,3.75,0.0,43001.0,16137.191,0.0,江苏,港口,20070426,
601008.SH,连云港,20191210,3.75,3.75,3.75,3.71,3.76,-0.266,31488.0,11753.758,-0.009999999999999787,江苏,港口,20070426,
601008.SH,连云港,20191209,3.77,3.76,3.78,3.75,3.77,-0.2653,41491.7,15609.519,-0.010000000000000231,江苏,港口,20070426,
601008.SH,连云港,20191206,3.75,3.77,3.78,3.72,3.75,0.5333,49481.2,18528.531,0.020000000000000018,江苏,港口,20070426,
601008.SH,连云港,20191205,3.73,3.75,3.76,3.72,3.73,0.5362,43045.1,16099.739,0.020000000000000018,江苏,港口,20070426,
601008.SH,连云港,20191204,3.72,3.73,3.76,3.71,3.77,-1.061,39207.5,14626.357,-0.040000000000000036,江苏,港口,20070426,
601008.SH,连云港,20191203,3.72,3.77,3.79,3.7,3.74,0.8021,50721.6,18997.734,0.029999999999999805,江苏,港口,20070426,
601008.SH,连云港,20191202,3.72,3.74,3.77,3.72,3.7,1.0811,48164.0,18034.765,0.040000000000000036,江苏,港口,20070426,
601008.SH,连云港,20191129,3.71,3.7,3.72,3.67,3.71,-0.2695,30769.26,11371.081,-0.009999999999999787,江苏,港口,20070426,
601008.SH,连云港,20191128,3.73,3.71,3.76,3.71,3.72,-0.2688,36802.12,13749.138,-0.010000000000000231,江苏,港口,20070426,
601008.SH,连云港,20191127,3.75,3.72,3.77,3.71,3.77,-1.3263,48784.0,18217.852,-0.04999999999999982,江苏,港口,20070426,
601008.SH,连云港,20191126,3.79,3.77,3.82,3.75,3.79,-0.5277,46956.0,17719.429,-0.020000000000000018,江苏,港口,20070426,
601008.SH,连云港,20191125,3.71,3.79,3.79,3.66,3.71,2.1563,88668.71,33200.729,0.08000000000000007,江苏,港口,20070426,
601008.SH,连云港,20191122,3.67,3.71,3.73,3.66,3.67,1.0899,62451.7,23079.234,0.040000000000000036,江苏,港口,20070426,
601008.SH,连云港,20191121,3.7,3.67,3.73,3.65,3.73,-1.6086,61586.01,22666.941,-0.06000000000000005,江苏,港口,20070426,
601008.SH,连云港,20191120,3.71,3.73,3.83,3.69,3.71,0.5391,69565.21,26114.669,0.020000000000000018,江苏,港口,20070426,
601008.SH,连云港,20191119,3.67,3.71,3.71,3.66,3.66,1.3661,30775.9,11364.822,0.04999999999999982,江苏,港口,20070426,
601008.SH,连云港,20191118,3.65,3.66,3.68,3.62,3.69,-0.813,41678.31,15212.59,-0.029999999999999805,江苏,港口,20070426,
601008.SH,连云港,20191115,3.75,3.69,3.75,3.68,3.75,-1.6,40201.94,14897.122,-0.06000000000000005,江苏,港口,20070426,
601008.SH,连云港,20191114,3.77,3.75,3.78,3.68,3.78,-0.7937,41426.6,15434.813,-0.029999999999999805,江苏,港口,20070426,
601008.SH,连云港,20191113,3.78,3.78,3.86,3.76,3.74,1.0695,62699.0,23810.243,0.03999999999999959,江苏,港口,20070426,
601008.SH,连云港,20191112,3.75,3.74,3.78,3.7,3.75,-0.2667,44401.0,16568.015,-0.009999999999999787,江苏,港口,20070426,
601008.SH,连云港,20191111,3.89,3.75,3.89,3.73,3.87,-3.1008,51454.0,19506.736,-0.1200000000000001,江苏,港口,20070426,
601008.SH,连云港,20191108,3.9,3.87,3.92,3.86,3.88,-0.2577,35053.1,13622.941,-0.009999999999999787,江苏,港口,20070426,
601008.SH,连云港,20191107,3.87,3.88,3.91,3.86,3.86,0.5181,29752.03,11561.332,0.020000000000000018,江苏,港口,20070426,
601008.SH,连云港,20191106,3.93,3.86,3.93,3.86,3.94,-2.0305,60105.14,23377.57,-0.08000000000000007,江苏,港口,20070426,
601008.SH,连云港,20191105,3.93,3.94,3.97,3.9,3.93,0.2545,55620.62,21919.738,0.009999999999999787,江苏,港口,20070426,
601008.SH,连云港,20191104,3.94,3.93,3.94,3.9,3.93,0.0,49286.2,19341.163,0.0,江苏,港口,20070426,
601008.SH,连云港,20191101,3.91,3.93,3.94,3.86,3.91,0.5115,32017.2,12518.778,0.020000000000000018,江苏,港口,20070426,
601008.SH,连云港,20191031,3.93,3.91,3.94,3.9,3.91,0.0,38898.03,15228.38,0.0,江苏,港口,20070426,
601008.SH,连云港,20191030,3.99,3.91,3.99,3.9,4.0,-2.25,69693.44,27469.459,-0.08999999999999986,江苏,港口,20070426,
601008.SH,连云港,20191029,4.06,4.0,4.06,4.0,4.07,-1.7199,51514.0,20727.754,-0.07000000000000028,江苏,港口,20070426,
601008.SH,连云港,20191028,4.02,4.07,4.08,4.02,4.03,0.9926,67947.01,27546.047,0.040000000000000036,江苏,港口,20070426,
601008.SH,连云港,20191025,4.01,4.03,4.04,3.97,4.01,0.4988,38701.0,15514.641,0.020000000000000462,江苏,港口,20070426,
601008.SH,连云港,20191024,3.99,4.01,4.01,3.96,3.99,0.5013,31793.37,12696.221,0.019999999999999574,江苏,港口,20070426,
601008.SH,连云港,20191023,4.01,3.99,4.02,3.98,4.02,-0.7463,34220.47,13692.849,-0.02999999999999936,江苏,港口,20070426,
601008.SH,连云港,20191022,3.98,4.02,4.03,3.98,4.0,0.5,38382.01,15383.356,0.019999999999999574,江苏,港口,20070426,
601008.SH,连云港,20191021,4.03,4.0,4.03,3.95,4.03,-0.7444,48591.0,19333.473,-0.03000000000000025,江苏,港口,20070426,
601008.SH,连云港,20191018,4.11,4.03,4.14,4.02,4.12,-2.1845,57757.0,23465.632,-0.08999999999999986,江苏,港口,20070426,
601008.SH,连云港,20191017,4.14,4.12,4.18,4.1,4.11,0.2433,36626.79,15139.47,0.009999999999999787,江苏,港口,20070426,
601008.SH,连云港,20191016,4.17,4.11,4.21,4.1,4.17,-1.4388,51477.0,21408.244,-0.05999999999999961,江苏,港口,20070426,
601008.SH,连云港,20191015,4.16,4.17,4.22,4.13,4.19,-0.4773,68706.7,28671.534,-0.020000000000000462,江苏,港口,20070426,
601008.SH,连云港,20191014,4.16,4.19,4.28,4.16,4.15,0.9639,96767.2,40811.977,0.040000000000000036,江苏,港口,20070426,
601008.SH,连云港,20191011,4.14,4.15,4.19,4.07,4.14,0.2415,75101.45,31103.768,0.010000000000000675,江苏,港口,20070426,
601008.SH,连云港,20191010,4.06,4.14,4.16,4.05,4.07,1.7199,57807.57,23815.808,0.0699999999999994,江苏,港口,20070426,
601008.SH,连云港,20191009,4.03,4.07,4.07,3.98,4.03,0.9926,45966.85,18578.037,0.040000000000000036,江苏,港口,20070426,
601008.SH,连云港,20191008,4.0,4.03,4.06,4.0,4.01,0.4988,37617.2,15189.247,0.020000000000000462,江苏,港口,20070426,
601008.SH,连云港,20190930,4.02,4.01,4.04,4.0,4.02,-0.2488,44869.0,18029.594,-0.009999999999999787,江苏,港口,20070426,
601008.SH,连云港,20190927,4.01,4.02,4.04,4.0,4.0,0.5,50943.26,20519.251,0.019999999999999574,江苏,港口,20070426,
601008.SH,连云港,20190926,4.12,4.0,4.12,4.0,4.09,-2.2005,95634.55,38578.336,-0.08999999999999986,江苏,港口,20070426,
601008.SH,连云港,20190925,4.18,4.09,4.19,4.08,4.21,-2.8504,90462.0,37244.443,-0.1200000000000001,江苏,港口,20070426,
601008.SH,连云港,20190924,4.24,4.21,4.24,4.2,4.23,-0.4728,68201.0,28775.792,-0.020000000000000462,江苏,港口,20070426,
601008.SH,连云港,20190923,4.31,4.23,4.31,4.2,4.31,-1.8561,69812.0,29501.636,-0.07999999999999918,江苏,港口,20070426,
601008.SH,连云港,20190920,4.31,4.31,4.35,4.27,4.29,0.4662,81113.2,34989.131,0.019999999999999574,江苏,港口,20070426,
601008.SH,连云港,20190919,4.27,4.29,4.29,4.21,4.26,0.7042,91699.65,38976.866,0.03000000000000025,江苏,港口,20070426,
601008.SH,连云港,20190918,4.3,4.26,4.33,4.25,4.3,-0.9302,84797.7,36352.53,-0.040000000000000036,江苏,港口,20070426,
601008.SH,连云港,20190917,4.42,4.3,4.44,4.27,4.44,-3.1532,149526.59,64704.55,-0.14000000000000057,江苏,港口,20070426,
601008.SH,连云港,20190916,4.47,4.44,4.51,4.43,4.48,-0.8929,108897.93,48666.082,-0.040000000000000036,江苏,港口,20070426,
601008.SH,连云港,20190912,4.44,4.48,4.49,4.43,4.42,1.3575,126754.85,56606.78,0.0600000000000005,江苏,港口,20070426,
601008.SH,连云港,20190911,4.48,4.42,4.5,4.42,4.48,-1.3393,157982.76,70506.892,-0.0600000000000005,江苏,港口,20070426,
601008.SH,连云港,20190910,4.52,4.48,4.52,4.43,4.51,-0.6652,171797.8,76799.468,-0.02999999999999936,江苏,港口,20070426,
601008.SH,连云港,20190909,4.47,4.51,4.52,4.4,4.46,1.1211,232762.49,104135.23,0.04999999999999982,江苏,港口,20070426,
601008.SH,连云港,20190906,4.39,4.46,4.63,4.37,4.37,2.0595,329493.87,147802.332,0.08999999999999986,江苏,港口,20070426,
601008.SH,连云港,20190905,4.38,4.37,4.45,4.35,4.37,0.0,217880.56,95777.114,0.0,江苏,港口,20070426,
601008.SH,连云港,20190904,4.27,4.37,4.37,4.26,4.3,1.6279,198003.0,85596.806,0.07000000000000028,江苏,港口,20070426,
601008.SH,连云港,20190903,4.31,4.3,4.31,4.24,4.3,0.0,131961.21,56366.851,0.0,江苏,港口,20070426,
601008.SH,连云港,20190902,4.25,4.3,4.31,4.21,4.25,1.1765,171299.7,73294.739,0.04999999999999982,江苏,港口,20070426,
601008.SH,连云港,20190830,4.34,4.25,4.37,4.22,4.31,-1.3921,222413.13,95225.931,-0.05999999999999961,江苏,港口,20070426,
601008.SH,连云港,20190829,4.46,4.31,4.46,4.29,4.41,-2.2676,263835.03,114655.335,-0.10000000000000053,江苏,港口,20070426,
601008.SH,连云港,20190828,4.55,4.41,4.63,4.41,4.71,-6.3694,450187.14,202783.428,-0.2999999999999998,江苏,港口,20070426,
601008.SH,连云港,20190827,4.53,4.71,4.85,4.53,4.41,6.8027,672301.26,317537.734,0.2999999999999998,江苏,港口,20070426,
601008.SH,连云港,20190826,4.36,4.41,4.69,4.35,4.56,-3.2895,339575.6,152426.921,-0.14999999999999947,江苏,港口,20070426,
601008.SH,连云港,20190823,4.56,4.56,4.72,4.51,4.57,-0.2188,261632.14,120023.967,-0.010000000000000675,江苏,港口,20070426,
601008.SH,连云港,20190822,4.49,4.57,4.61,4.38,4.5,1.5556,288293.2,129587.454,0.07000000000000028,江苏,港口,20070426,
601008.SH,连云港,20190821,4.24,4.5,4.66,4.24,4.27,5.3864,340004.24,151026.442,0.23000000000000043,江苏,港口,20070426,
601008.SH,连云港,20190820,4.09,4.27,4.33,4.07,4.07,4.914,241772.0,101664.975,0.1999999999999993,江苏,港口,20070426,
601008.SH,连云港,20190819,3.98,4.07,4.1,3.98,3.96,2.7778,121947.0,49505.416,0.11000000000000032,江苏,港口,20070426,
601008.SH,连云港,20190816,3.98,3.96,4.02,3.94,3.97,-0.2519,65626.0,26106.326,-0.010000000000000231,江苏,港口,20070426,
601008.SH,连云港,20190815,3.91,3.97,3.99,3.86,3.98,-0.2513,63822.59,25044.875,-0.009999999999999787,江苏,港口,20070426,
601008.SH,连云港,20190814,4.04,3.98,4.05,3.97,4.0,-0.5,65593.0,26398.158,-0.020000000000000018,江苏,港口,20070426,
601008.SH,连云港,20190813,3.99,4.0,4.07,3.93,3.99,0.2506,81391.94,32602.483,0.009999999999999787,江苏,港口,20070426,
601008.SH,连云港,20190812,3.95,3.99,3.99,3.93,3.96,0.7576,49078.0,19451.711,0.03000000000000025,江苏,港口,20070426,
601008.SH,连云港,20190809,4.05,3.96,4.07,3.95,4.05,-2.2222,84236.47,33753.774,-0.08999999999999986,江苏,港口,20070426,
601008.SH,连云港,20190808,3.97,4.05,4.14,3.92,3.96,2.2727,118866.61,47718.183,0.08999999999999986,江苏,港口,20070426,
601008.SH,连云港,20190807,4.04,3.96,4.05,3.95,3.99,-0.7519,85636.49,34215.54,-0.03000000000000025,江苏,港口,20070426,
601008.SH,连云港,20190806,4.19,3.99,4.19,3.88,4.28,-6.7757,202722.95,81389.674,-0.29000000000000004,江苏,港口,20070426,
601008.SH,连云港,20190805,4.34,4.28,4.43,4.26,4.37,-2.0595,80964.0,35029.774,-0.08999999999999986,江苏,港口,20070426,
601008.SH,连云港,20190802,4.32,4.37,4.41,4.28,4.44,-1.5766,93012.62,40514.833,-0.07000000000000028,江苏,港口,20070426,
601008.SH,连云港,20190801,4.41,4.44,4.47,4.39,4.43,0.2257,65433.44,29008.992,0.010000000000000675,江苏,港口,20070426,
601008.SH,连云港,20190731,4.47,4.43,4.49,4.41,4.49,-1.3363,64308.71,28604.276,-0.0600000000000005,江苏,港口,20070426,
601008.SH,连云港,20190730,4.46,4.49,4.52,4.46,4.49,0.0,62270.46,28017.008,0.0,江苏,港口,20070426,
601008.SH,连云港,20190729,4.5,4.49,4.55,4.46,4.56,-1.5351,80284.81,36099.682,-0.0699999999999994,江苏,港口,20070426,
601008.SH,连云港,20190726,4.46,4.56,4.57,4.42,4.46,2.2422,147479.54,66526.896,0.09999999999999964,江苏,港口,20070426,
601008.SH,连云港,20190725,4.43,4.46,4.49,4.36,4.45,0.2247,128887.9,57281.776,0.009999999999999787,江苏,港口,20070426,
601008.SH,连云港,20190724,4.31,4.45,4.48,4.31,4.27,4.2155,145359.1,63618.327,0.1800000000000006,江苏,港口,20070426,
601008.SH,连云港,20190723,4.25,4.27,4.29,4.22,4.25,0.4706,56324.71,24000.343,0.019999999999999574,江苏,港口,20070426,
601008.SH,连云港,20190722,4.46,4.25,4.48,4.22,4.46,-4.7085,116674.91,50172.242,-0.20999999999999996,江苏,港口,20070426,
601008.SH,连云港,20190719,4.47,4.46,4.54,4.46,4.46,0.0,66183.0,29738.189,0.0,江苏,港口,20070426,
601008.SH,连云港,20190718,4.56,4.46,4.58,4.45,4.61,-3.2538,133754.21,60052.192,-0.15000000000000036,江苏,港口,20070426,
601008.SH,连云港,20190717,4.54,4.61,4.65,4.53,4.57,0.8753,140306.0,64657.413,0.040000000000000036,江苏,港口,20070426,
601008.SH,连云港,20190716,4.53,4.57,4.57,4.51,4.54,0.6608,77601.0,35271.112,0.03000000000000025,江苏,港口,20070426,
601008.SH,连云港,20190715,4.5,4.54,4.59,4.41,4.53,0.2208,106868.16,48212.852,0.009999999999999787,江苏,港口,20070426,
601008.SH,连云港,20190712,4.54,4.53,4.58,4.49,4.57,-0.8753,99771.46,45196.335,-0.040000000000000036,江苏,港口,20070426,
601008.SH,连云港,20190711,4.53,4.57,4.75,4.53,4.52,1.1062,143557.0,66175.375,0.05000000000000071,江苏,港口,20070426,
601008.SH,连云港,20190710,4.56,4.52,4.62,4.51,4.56,-0.8772,75574.71,34514.48,-0.040000000000000036,江苏,港口,20070426,
601008.SH,连云港,20190709,4.61,4.56,4.61,4.5,4.58,-0.4367,90720.21,41273.165,-0.020000000000000462,江苏,港口,20070426,
601008.SH,连云港,20190708,4.83,4.58,4.83,4.56,4.85,-5.567,192874.0,89792.849,-0.2699999999999996,江苏,港口,20070426,
601008.SH,连云港,20190705,4.82,4.85,4.91,4.81,4.84,0.2066,134677.39,65493.867,0.009999999999999787,江苏,港口,20070426,
601008.SH,连云港,20190704,4.93,4.84,4.95,4.8,4.92,-1.626,204119.88,99240.103,-0.08000000000000007,江苏,港口,20070426,
601008.SH,连云港,20190703,4.93,4.92,5.06,4.88,4.94,-0.4049,216367.13,107335.52,-0.020000000000000462,江苏,港口,20070426,
601008.SH,连云港,20190702,4.9,4.94,5.13,4.88,4.96,-0.4032,307386.09,153203.496,-0.019999999999999574,江苏,港口,20070426,
601008.SH,连云港,20190701,4.86,4.96,4.97,4.77,4.77,3.9832,347154.4,168952.473,0.1900000000000004,江苏,港口,20070426,
601008.SH,连云港,20190628,4.71,4.77,4.83,4.55,4.71,1.2739,281841.0,133119.084,0.05999999999999961,江苏,港口,20070426,
601008.SH,连云港,20190627,4.71,4.71,4.75,4.68,4.68,0.641,110651.01,52246.785,0.03000000000000025,江苏,港口,20070426,
601008.SH,连云港,20190626,4.67,4.68,4.75,4.66,4.76,-1.6807,101703.69,47760.323,-0.08000000000000007,江苏,港口,20070426,
601008.SH,连云港,20190625,4.8,4.76,4.87,4.62,4.81,-1.0395,193380.01,91575.389,-0.04999999999999982,江苏,港口,20070426,
601008.SH,连云港,20190624,4.77,4.81,4.84,4.72,4.76,1.0504,190527.22,91150.545,0.04999999999999982,江苏,港口,20070426,
601008.SH,连云港,20190621,4.73,4.76,4.82,4.7,4.73,0.6342,221951.51,105815.177,0.02999999999999936,江苏,港口,20070426,
601008.SH,连云港,20190620,4.68,4.73,4.79,4.62,4.74,-0.211,258564.12,121402.109,-0.009999999999999787,江苏,港口,20070426,
601008.SH,连云港,20190619,4.68,4.74,4.88,4.61,4.55,4.1758,359214.24,169449.603,0.1900000000000004,江苏,港口,20070426,
601008.SH,连云港,20190618,4.53,4.55,4.55,4.46,4.52,0.6637,92413.97,41746.256,0.03000000000000025,江苏,港口,20070426,
601008.SH,连云港,20190617,4.5,4.52,4.56,4.46,4.49,0.6682,99891.15,44923.859,0.02999999999999936,江苏,港口,20070426,
601008.SH,连云港,20190614,4.64,4.49,4.68,4.46,4.65,-3.4409,137773.0,62980.123,-0.16000000000000014,江苏,港口,20070426,
601008.SH,连云港,20190613,4.59,4.65,4.68,4.54,4.58,1.5284,157268.29,72851.649,0.07000000000000028,江苏,港口,20070426,
601008.SH,连云港,20190612,4.55,4.58,4.68,4.54,4.6,-0.4348,166761.21,76737.312,-0.019999999999999574,江苏,港口,20070426,
601008.SH,连云港,20190611,4.42,4.6,4.69,4.39,4.4,4.5455,197800.33,90236.687,0.1999999999999993,江苏,港口,20070426,
601008.SH,连云港,20190610,4.37,4.4,4.44,4.32,4.35,1.1494,108631.01,47645.602,0.05000000000000071,江苏,港口,20070426,
601008.SH,连云港,20190606,4.55,4.35,4.56,4.35,4.57,-4.814,171598.0,75945.359,-0.22000000000000064,江苏,港口,20070426,
601008.SH,连云港,20190605,4.68,4.57,4.73,4.56,4.75,-3.7895,247972.25,114734.474,-0.17999999999999972,江苏,港口,20070426,
601008.SH,连云港,20190604,4.61,4.75,5.06,4.33,4.6,3.2609,440769.45,205895.658,0.15000000000000036,江苏,港口,20070426,
601008.SH,连云港,20190603,4.76,4.6,4.79,4.59,4.74,-2.9536,178944.0,83248.714,-0.14000000000000057,江苏,港口,20070426,
601008.SH,连云港,20190531,4.87,4.74,4.87,4.74,4.84,-2.0661,185203.15,88727.212,-0.09999999999999964,江苏,港口,20070426,
601008.SH,连云港,20190530,4.8811,4.8412,4.9111,4.7214,4.9011,-1.2222,211780.09,101802.089,-0.05989999999999984,江苏,港口,20070426,
601008.SH,连云港,20190529,4.951,4.9011,5.0109,4.8911,4.941,-0.8075,195534.59,96782.405,-0.03990000000000027,江苏,港口,20070426,
601008.SH,连云港,20190528,5.0009,4.941,5.1307,4.9111,4.9311,0.2008,305034.04,153351.004,0.00990000000000002,江苏,港口,20070426,
601008.SH,连云港,20190527,4.8213,4.9311,5.0009,4.7713,4.7614,3.5641,268797.02,131719.827,0.16969999999999974,江苏,港口,20070426,
601008.SH,连云港,20190524,4.7913,4.7614,4.961,4.7214,4.8712,-2.2541,243749.97,117842.955,-0.1097999999999999,江苏,港口,20070426,
601008.SH,连云港,20190523,5.0409,4.8712,5.1107,4.8312,5.0708,-3.9363,289321.71,143717.738,-0.19960000000000022,江苏,港口,20070426,
601008.SH,连云港,20190522,5.1806,5.0708,5.2804,5.0508,5.2006,-2.4959,333179.69,171361.024,-0.12979999999999947,江苏,港口,20070426,
601008.SH,连云港,20190521,4.961,5.2006,5.3403,4.951,5.0309,3.3732,399473.2,206768.551,0.16969999999999974,江苏,港口,20070426,
601008.SH,连云港,20190520,5.2405,5.0309,5.2605,4.8113,5.3204,-5.4413,437993.39,219841.609,-0.2895000000000003,江苏,港口,20070426,
601008.SH,连云港,20190517,5.2904,5.3204,5.6797,5.1806,5.3104,0.1883,755022.13,408465.617,0.010000000000000675,江苏,港口,20070426,
601008.SH,连云港,20190516,5.2904,5.3104,5.53,5.1207,5.2405,1.3338,809652.42,429553.983,0.06989999999999963,江苏,港口,20070426,
601008.SH,连云港,20190515,4.8512,5.2405,5.2405,4.8113,4.7614,10.0622,418288.04,209156.957,0.47909999999999986,江苏,港口,20070426,
601008.SH,连云港,20190514,4.8013,4.7614,4.8911,4.7015,4.9111,-3.0482,319299.72,153515.127,-0.14970000000000017,江苏,港口,20070426,
601008.SH,连云港,20190513,4.8113,4.9111,4.971,4.7913,4.8712,0.8191,444184.28,217517.97,0.03990000000000027,江苏,港口,20070426,
601008.SH,连云港,20190510,4.6915,4.8712,4.9211,4.5418,4.6316,5.1732,479319.08,229716.485,0.23960000000000026,江苏,港口,20070426,
601008.SH,连云港,20190509,4.961,4.6316,4.961,4.6116,4.8512,-4.5267,394788.79,187840.95,-0.21960000000000068,江苏,港口,20070426,
601008.SH,连云港,20190508,4.8013,4.8512,4.971,4.6516,4.8013,1.0393,629801.65,305070.5,0.049900000000000055,江苏,港口,20070426,
601008.SH,连云港,20190507,4.6116,4.8013,4.8113,4.5418,4.5517,5.4837,568499.78,266878.538,0.24960000000000004,江苏,港口,20070426,
601008.SH,连云港,20190506,4.7913,4.5517,4.8911,4.5517,5.0608,-10.0597,411979.91,194036.831,-0.5091000000000001,江苏,港口,20070426,
601008.SH,连云港,20190430,4.961,5.0608,5.1107,4.961,4.971,1.8065,308796.39,155732.328,0.08980000000000032,江苏,港口,20070426,
601008.SH,连云港,20190429,5.3503,4.971,5.4102,4.9111,5.3403,-6.9153,507188.21,259866.947,-0.36929999999999996,江苏,港口,20070426,
601008.SH,连云港,20190426,5.7296,5.3403,5.8893,5.3004,5.8494,-8.7035,554309.4,308791.409,-0.5091000000000001,江苏,港口,20070426,
601008.SH,连云港,20190425,5.8095,5.8494,6.1089,5.6897,5.8194,0.5155,587892.42,347300.652,0.03000000000000025,江苏,港口,20070426,
601008.SH,连云港,20190424,5.8394,5.8194,5.8594,5.6198,5.8694,-0.8519,458963.49,263494.389,-0.04999999999999982,江苏,港口,20070426,
601008.SH,连云港,20190423,6.1888,5.8694,6.2387,5.8494,6.2187,-5.6169,629491.22,377401.222,-0.3493000000000004,江苏,港口,20070426,
601008.SH,连云港,20190422,6.3884,6.2187,6.4383,6.1488,6.3285,-1.735,593517.52,372363.015,-0.1097999999999999,江苏,港口,20070426,
601008.SH,连云港,20190419,6.3385,6.3285,6.5381,6.2586,6.4383,-1.7054,636999.23,406812.266,-0.1097999999999999,江苏,港口,20070426,
601008.SH,连云港,20190418,6.2387,6.4383,6.628,6.0989,6.3086,2.0559,985911.8,630926.437,0.1296999999999997,江苏,港口,20070426,
601008.SH,连云港,20190417,6.1788,6.3086,6.3385,6.079,6.1788,2.1007,734118.91,458209.433,0.12980000000000036,江苏,港口,20070426,
601008.SH,连云港,20190416,6.2487,6.1788,6.2487,5.9093,6.3185,-2.211,841870.89,513433.254,-0.13970000000000038,江苏,港口,20070426,
601008.SH,连云港,20190415,6.618,6.3185,6.7677,6.2886,6.618,-4.5255,834800.82,543795.234,-0.2995000000000001,江苏,港口,20070426,
601008.SH,连云港,20190412,6.8675,6.618,7.1071,6.608,7.3367,-9.796,1175005.1,798904.513,-0.7187000000000001,江苏,港口,20070426,
601008.SH,连云港,20190411,7.0073,7.3367,7.7559,6.8975,7.0572,3.9605,1950548.09,1438993.775,0.2795000000000005,江苏,港口,20070426,
601008.SH,连云港,20190410,6.2886,7.0572,7.0572,6.1389,6.4184,9.9526,1746922.62,1149765.015,0.6387999999999998,江苏,港口,20070426,
601008.SH,连云港,20190409,6.1289,6.4184,6.8376,5.9891,6.3385,1.2606,1546126.4,996994.616,0.0799000000000003,江苏,港口,20070426,
601008.SH,连云港,20190408,5.9891,6.3385,6.5381,5.7396,5.9392,6.7231,1489381.5,909192.325,0.3993000000000002,江苏,港口,20070426,
601008.SH,连云港,20190404,5.7995,5.9392,6.059,5.7795,5.9292,0.1687,961664.52,572130.28,0.009999999999999787,江苏,港口,20070426,
601008.SH,连云港,20190403,5.9792,5.9292,6.1189,5.7895,6.1588,-3.728,1114843.52,664470.949,-0.22960000000000047,江苏,港口,20070426,
601008.SH,连云港,20190402,5.7795,6.1588,6.3185,5.7795,5.8694,4.9307,1693592.26,1025508.742,0.28940000000000055,江苏,港口,20070426,
601008.SH,连云港,20190401,5.5899,5.8694,6.1688,5.52,5.7396,2.2615,1653415.98,969510.413,0.12979999999999947,江苏,港口,20070426,
601008.SH,连云港,20190329,5.6098,5.7396,6.1888,5.6098,6.2287,-7.8524,1764054.1,1027412.929,-0.48909999999999965,江苏,港口,20070426,
601008.SH,连云港,20190328,6.059,6.2287,6.2387,5.8394,5.6697,9.8594,2109920.61,1297713.254,0.5590000000000002,江苏,港口,20070426,
601008.SH,连云港,20190327,5.2804,5.6697,5.6697,5.2804,5.1507,10.0763,1494494.6,826000.05,0.5190000000000001,江苏,港口,20070426,
601008.SH,连云港,20190326,4.432,5.1507,5.1507,4.2223,4.6815,10.0224,1090290.15,511721.758,0.46919999999999984,江苏,港口,20070426,
601008.SH,连云港,20190325,4.8712,4.6815,5.0009,4.6615,4.5418,3.0759,1145274.02,559328.626,0.1396999999999995,江苏,港口,20070426,
601008.SH,连云港,20190322,4.0826,4.5418,4.5418,4.0327,4.1325,9.9044,340035.4,148869.568,0.4093,江苏,港口,20070426,
601008.SH,连云港,20190321,4.1325,4.1325,4.2323,4.0926,4.1625,-0.7207,282129.34,117536.138,-0.02999999999999936,江苏,港口,20070426,
601008.SH,连云港,20190320,4.0127,4.1625,4.1924,3.9728,3.9928,4.2502,347325.13,142300.01,0.16969999999999974,江苏,港口,20070426,
601008.SH,连云港,20190319,3.9728,3.9928,4.0526,3.9628,3.9728,0.5034,190492.9,76427.975,0.020000000000000018,江苏,港口,20070426,
601008.SH,连云港,20190318,3.8031,3.9728,3.9928,3.7831,3.833,3.6473,191339.92,75244.114,0.1397999999999997,江苏,港口,20070426,
601008.SH,连云港,20190315,3.7732,3.833,3.873,3.7632,3.7632,1.8548,95755.74,36713.057,0.0698000000000003,江苏,港口,20070426,
601008.SH,连云港,20190314,3.883,3.7632,3.9129,3.7232,3.8929,-3.3317,124184.41,47221.89,-0.12970000000000015,江苏,港口,20070426,
601008.SH,连云港,20190313,3.9329,3.8929,3.9928,3.863,3.9628,-1.7639,150820.92,59183.697,-0.06990000000000007,江苏,港口,20070426,
601008.SH,连云港,20190312,4.0626,3.9628,4.0726,3.843,3.9728,-0.2517,227678.42,90131.97,-0.009999999999999787,江苏,港口,20070426,
601008.SH,连云港,20190311,3.7432,3.9728,3.9828,3.7332,3.7432,6.1338,253526.37,99725.438,0.22960000000000003,江苏,港口,20070426,
601008.SH,连云港,20190308,3.9728,3.7432,3.9828,3.7332,4.0826,-8.3133,254289.04,99151.572,-0.33940000000000037,江苏,港口,20070426,
601008.SH,连云港,20190307,3.853,4.0826,4.2423,3.8231,3.863,5.6847,380252.69,155796.968,0.21960000000000024,江苏,港口,20070426,
601008.SH,连云港,20190306,3.8031,3.863,3.8929,3.7532,3.8031,1.575,207020.81,79547.692,0.05989999999999984,江苏,港口,20070426,
601008.SH,连云港,20190305,3.6334,3.8031,3.8231,3.6234,3.6833,3.2525,224038.42,83752.019,0.11980000000000013,江苏,港口,20070426,
601008.SH,连云港,20190304,3.6933,3.6833,3.7532,3.6634,3.6534,0.8184,145746.89,54113.084,0.029900000000000038,江苏,港口,20070426,
601008.SH,连云港,20190301,3.6035,3.6534,3.6733,3.5935,3.6035,1.3848,127130.57,46344.007,0.049900000000000055,江苏,港口,20070426,
601008.SH,连云港,20190228,3.6334,3.6035,3.6534,3.5835,3.6334,-0.8229,111554.28,40503.912,-0.029900000000000038,江苏,港口,20070426,
601008.SH,连云港,20190227,3.5935,3.6334,3.6933,3.5835,3.6434,-0.2745,193448.82,70531.972,-0.010000000000000231,江苏,港口,20070426,
601008.SH,连云港,20190226,3.6534,3.6434,3.843,3.5935,3.6434,0.0,265332.31,98793.687,0.0,江苏,港口,20070426,
601008.SH,连云港,20190225,3.4937,3.6434,3.6434,3.4937,3.5136,3.6942,235612.79,84353.49,0.12980000000000036,江苏,港口,20070426,
601008.SH,连云港,20190222,3.4937,3.5136,3.5136,3.4537,3.5336,-0.566,165782.41,57796.031,-0.020000000000000018,江苏,港口,20070426,
601008.SH,连云港,20190221,3.4238,3.5336,3.5436,3.3839,3.4038,3.8134,211908.03,73633.732,0.12979999999999992,江苏,港口,20070426,
601008.SH,连云港,20190220,3.4837,3.4038,3.4837,3.3739,3.4737,-2.0123,103960.52,35617.261,-0.06990000000000007,江苏,港口,20070426,
601008.SH,连云港,20190219,3.4438,3.4737,3.5136,3.4038,3.4338,1.162,167350.32,58237.174,0.039899999999999824,江苏,港口,20070426,
601008.SH,连云港,20190218,3.3839,3.4338,3.4737,3.3639,3.3839,1.4746,140314.03,47971.405,0.049900000000000055,江苏,港口,20070426,
601008.SH,连云港,20190215,3.3539,3.3839,3.4937,3.334,3.3839,0.0,191248.67,65605.864,0.0,江苏,港口,20070426,
601008.SH,连云港,20190214,3.294,3.3839,3.4238,3.2641,3.294,2.7292,161194.88,54091.465,0.08990000000000009,江苏,港口,20070426,
601008.SH,连云港,20190213,3.2741,3.294,3.304,3.2541,3.2641,0.916,55485.58,18248.66,0.029900000000000038,江苏,港口,20070426,
601008.SH,连云港,20190212,3.2042,3.2641,3.284,3.2042,3.2242,1.2375,51082.5,16698.534,0.039899999999999824,江苏,港口,20070426,
601008.SH,连云港,20190211,3.1942,3.2242,3.2242,3.1842,3.1742,1.5752,31043.1,9987.144,0.050000000000000266,江苏,港口,20070426,
601008.SH,连云港,20190201,3.1144,3.1742,3.1842,3.1144,3.1144,1.9201,31977.1,10114.206,0.059800000000000075,江苏,港口,20070426,
601008.SH,连云港,20190131,3.1543,3.1144,3.1742,3.1144,3.1742,-1.8839,45357.0,14280.44,-0.059800000000000075,江苏,港口,20070426,
601008.SH,连云港,20190130,3.1543,3.1742,3.1842,3.1443,3.1543,0.6309,29338.6,9307.328,0.019899999999999807,江苏,港口,20070426,
601008.SH,连云港,20190129,3.1742,3.1543,3.1942,3.1443,3.1742,-0.6269,40965.25,12991.272,-0.019899999999999807,江苏,港口,20070426,
601008.SH,连云港,20190128,3.1742,3.1742,3.2142,3.1742,3.1742,0.0,34455.0,11028.624,0.0,江苏,港口,20070426,
601008.SH,连云港,20190125,3.1742,3.1742,3.2042,3.1742,3.1842,-0.3141,27730.3,8845.081,-0.010000000000000231,江苏,港口,20070426,
601008.SH,连云港,20190124,3.1742,3.1842,3.1942,3.1543,3.1543,0.9479,26678.0,8493.029,0.029900000000000038,江苏,港口,20070426,
601008.SH,连云港,20190123,3.1643,3.1543,3.1842,3.1443,3.1543,0.0,28819.49,9146.13,0.0,江苏,港口,20070426,
601008.SH,连云港,20190122,3.2042,3.1543,3.2142,3.1543,3.2142,-1.8636,38293.52,12171.174,-0.05989999999999984,江苏,港口,20070426,
601008.SH,连云港,20190121,3.2541,3.2142,3.2741,3.2042,3.2541,-1.2261,48293.88,15645.811,-0.03990000000000027,江苏,港口,20070426,
601008.SH,连云港,20190118,3.2142,3.2541,3.294,3.2142,3.2142,1.2414,41297.32,13430.801,0.03990000000000027,江苏,港口,20070426,
601008.SH,连云港,20190117,3.2242,3.2142,3.2441,3.2142,3.2341,-0.6153,32011.81,10371.788,-0.01990000000000025,江苏,港口,20070426,
601008.SH,连云港,20190116,3.2242,3.2341,3.2541,3.2242,3.2441,-0.3083,25613.01,8309.87,-0.009999999999999787,江苏,港口,20070426,
601008.SH,连云港,20190115,3.1942,3.2441,3.2541,3.1942,3.1942,1.5622,44054.46,14249.977,0.049900000000000055,江苏,港口,20070426,
601008.SH,连云港,20190114,3.2341,3.1942,3.2341,3.1942,3.2341,-1.2337,35213.74,11319.311,-0.03990000000000027,江苏,港口,20070426,
601008.SH,连云港,20190111,3.2741,3.2341,3.284,3.2142,3.294,-1.8185,85733.3,27797.735,-0.05989999999999984,江苏,港口,20070426,
601008.SH,连云港,20190110,3.2042,3.294,3.3639,3.2042,3.2242,2.1649,122952.01,40552.931,0.06979999999999986,江苏,港口,20070426,
601008.SH,连云港,20190109,3.1942,3.2242,3.314,3.1742,3.2541,-0.9188,113828.49,37055.006,-0.029900000000000038,江苏,港口,20070426,
601008.SH,连云港,20190108,3.1643,3.2541,3.3639,3.1443,3.1643,2.8379,152700.48,50082.946,0.08980000000000032,江苏,港口,20070426,
601008.SH,连云港,20190107,3.1343,3.1643,3.1742,3.1144,3.1243,1.2803,52186.63,16449.869,0.040000000000000036,江苏,港口,20070426,
601008.SH,连云港,20190104,3.0545,3.1243,3.1343,3.0345,3.0744,1.6231,55233.85,17151.3,0.049900000000000055,江苏,港口,20070426,
601008.SH,连云港,20190103,3.0345,3.0744,3.0844,3.0345,3.0545,0.6515,29062.0,8934.609,0.019899999999999807,江苏,港口,20070426,
601008.SH,连云港,20190102,3.0545,3.0545,3.0644,3.0345,3.0545,0.0,17879.0,5466.831,0.0,江苏,港口,20070426,
601008.SH,连云港,20181228,3.0345,3.0545,3.0644,3.0345,3.0345,0.6591,15391.1,4706.852,0.020000000000000018,江苏,港口,20070426,
601008.SH,连云港,20181227,3.0744,3.0345,3.0844,3.0345,3.0345,0.0,22307.0,6825.228,0.0,江苏,港口,20070426,
601008.SH,连云港,20181226,3.0345,3.0345,3.0644,3.0345,3.0445,-0.3285,17819.6,5438.928,-0.010000000000000231,江苏,港口,20070426,
601008.SH,连云港,20181225,3.0345,3.0445,3.0545,2.9946,3.0445,0.0,36519.62,11048.741,0.0,江苏,港口,20070426,
601008.SH,连云港,20181224,3.0145,3.0445,3.0644,2.9946,3.0145,0.9952,27437.0,8366.741,0.03000000000000025,江苏,港口,20070426,
601008.SH,连云港,20181221,3.0545,3.0145,3.0545,3.0046,3.0545,-1.3095,22272.6,6746.432,-0.040000000000000036,江苏,港口,20070426,
601008.SH,连云港,20181220,3.0445,3.0545,3.0644,3.0345,3.0545,0.0,18704.0,5714.426,0.0,江苏,港口,20070426,
601008.SH,连云港,20181219,3.1443,3.0545,3.1443,3.0545,3.1443,-2.856,47052.0,14534.912,-0.08979999999999988,江苏,港口,20070426,
601008.SH,连云港,20181218,3.1243,3.1443,3.2242,3.1044,3.1243,0.6401,53559.02,16952.625,0.020000000000000018,江苏,港口,20070426,
601008.SH,连云港,20181217,3.1144,3.1243,3.1543,3.0844,3.1144,0.3179,31475.32,9837.958,0.00990000000000002,江苏,港口,20070426,
601008.SH,连云港,20181214,3.1643,3.1144,3.1643,3.1044,3.1643,-1.577,32150.0,10098.222,-0.049900000000000055,江苏,港口,20070426,
601008.SH,连云港,20181213,3.1543,3.1643,3.2042,3.1144,3.1443,0.6361,37121.0,11805.498,0.020000000000000018,江苏,港口,20070426,
601008.SH,连云港,20181212,3.1543,3.1443,3.1643,3.1343,3.1343,0.3191,14872.01,4693.16,0.009999999999999787,江苏,港口,20070426,
601008.SH,连云港,20181211,3.1343,3.1343,3.1543,3.1243,3.1343,0.0,17247.0,5422.645,0.0,江苏,港口,20070426,
601008.SH,连云港,20181210,3.1742,3.1343,3.1842,3.1243,3.1942,-1.8753,24417.0,7701.253,-0.05989999999999984,江苏,港口,20070426,
601008.SH,连云港,20181207,3.1742,3.1942,3.2042,3.1742,3.1842,0.3141,22091.0,7056.92,0.009999999999999787,江苏,港口,20070426,
601008.SH,连云港,20181206,3.2341,3.1842,3.2341,3.1742,3.2341,-1.5429,28742.0,9207.651,-0.049900000000000055,江苏,港口,20070426,
601008.SH,连云港,20181205,3.2142,3.2341,3.2441,3.2042,3.2641,-0.9191,30048.0,9700.753,-0.029999999999999805,江苏,港口,20070426,
601008.SH,连云港,20181204,3.2441,3.2641,3.2641,3.2242,3.2441,0.6165,47815.0,15518.227,0.020000000000000018,江苏,港口,20070426,
601008.SH,连云港,20181203,3.2341,3.2441,3.2541,3.2042,3.1643,2.5219,55130.0,17865.661,0.0798000000000001,江苏,港口,20070426,
601008.SH,连云港,20181130,3.1643,3.1643,3.1643,3.1243,3.1643,0.0,24252.0,7643.893,0.0,江苏,港口,20070426,
601008.SH,连云港,20181129,3.2042,3.1643,3.2741,3.1543,3.1942,-0.9361,46610.0,15026.291,-0.029900000000000038,江苏,港口,20070426,
601008.SH,连云港,20181128,3.1543,3.1942,3.2042,3.1144,3.1543,1.2649,31985.88,10138.124,0.039899999999999824,江苏,港口,20070426,
601008.SH,连云港,20181127,3.1742,3.1543,3.1842,3.1343,3.1543,0.0,27922.04,8834.014,0.0,江苏,港口,20070426,
601008.SH,连云港,20181126,3.1643,3.1543,3.1942,3.1343,3.1443,0.318,38648.0,12253.121,0.010000000000000231,江苏,港口,20070426,
601008.SH,连云港,20181123,3.2441,3.1443,3.2741,3.0944,3.2641,-3.6702,62264.0,19795.737,-0.11980000000000013,江苏,港口,20070426,
601008.SH,连云港,20181122,3.2741,3.2641,3.304,3.2441,3.2741,-0.3054,28080.0,9179.841,-0.009999999999999787,江苏,港口,20070426,
601008.SH,连云港,20181121,3.2142,3.2741,3.284,3.2042,3.2441,0.9248,48511.01,15780.192,0.029999999999999805,江苏,港口,20070426,
601008.SH,连云港,20181120,3.334,3.2441,3.334,3.2441,3.3439,-2.9845,45750.88,15038.683,-0.09980000000000011,江苏,港口,20070426,
601008.SH,连云港,20181119,3.3539,3.3439,3.3639,3.284,3.324,0.5987,77431.3,25788.258,0.01990000000000025,江苏,港口,20070426,
601008.SH,连云港,20181116,3.3539,3.324,3.3938,3.304,3.294,0.9107,77019.73,25759.53,0.029999999999999805,江苏,港口,20070426,
601008.SH,连云港,20181115,3.2541,3.294,3.304,3.2541,3.294,0.0,62602.63,20609.074,0.0,江苏,港口,20070426,
601008.SH,连云港,20181114,3.284,3.294,3.3639,3.2641,3.2741,0.6078,112177.97,37253.788,0.01990000000000025,江苏,港口,20070426,
601008.SH,连云港,20181113,3.1543,3.2741,3.284,3.1543,3.1942,2.5014,90957.2,29443.799,0.07989999999999986,江苏,港口,20070426,
601008.SH,连云港,20181112,3.1742,3.1942,3.2042,3.1144,3.1343,1.9111,55581.1,17661.4,0.05989999999999984,江苏,港口,20070426,
601008.SH,连云港,20181109,3.1343,3.1343,3.1443,3.1044,3.1443,-0.318,31320.0,9791.386,-0.009999999999999787,江苏,港口,20070426,
601008.SH,连云港,20181108,3.1343,3.1443,3.1643,3.1343,3.1343,0.3191,33247.1,10496.659,0.009999999999999787,江苏,港口,20070426,
601008.SH,连云港,20181107,3.1243,3.1343,3.1742,3.1243,3.1443,-0.318,31744.0,10004.393,-0.009999999999999787,江苏,港口,20070426,
601008.SH,连云港,20181106,3.1643,3.1443,3.1742,3.1044,3.1643,-0.6321,48125.0,15124.861,-0.020000000000000018,江苏,港口,20070426,
601008.SH,连云港,20181105,3.1643,3.1643,3.1942,3.1343,3.1343,0.9572,69672.01,22029.295,0.029999999999999805,江苏,港口,20070426,
601008.SH,连云港,20181102,3.1144,3.1343,3.1443,3.0944,3.0744,1.9483,53969.08,16926.745,0.059900000000000286,江苏,港口,20070426,
601008.SH,连云港,20181101,3.0644,3.0744,3.1144,3.0545,3.0545,0.6515,49942.87,15445.865,0.019899999999999807,江苏,港口,20070426,
601008.SH,连云港,20181031,3.0245,3.0545,3.0944,3.0145,3.0245,0.9919,50062.77,15355.959,0.029999999999999805,江苏,港口,20070426,
601008.SH,连云港,20181030,3.0145,3.0245,3.0245,2.9646,2.9846,1.3369,35909.77,10805.721,0.03990000000000027,江苏,港口,20070426,
601008.SH,连云港,20181029,3.0644,2.9846,3.0644,2.9746,3.0844,-3.2356,47669.0,14424.977,-0.09980000000000011,江苏,港口,20070426,
601008.SH,连云港,20181026,3.1144,3.0844,3.1243,3.0545,3.0844,0.0,79155.72,24486.631,0.0,江苏,港口,20070426,
601008.SH,连云港,20181025,2.9147,3.0844,3.2341,2.8947,2.9746,3.6913,115145.72,35141.472,0.1097999999999999,江苏,港口,20070426,
601008.SH,连云港,20181024,2.9447,2.9746,2.9946,2.9247,2.9546,0.6769,43992.01,13065.614,0.020000000000000018,江苏,港口,20070426,
601008.SH,连云港,20181023,2.9946,2.9546,3.0145,2.9447,2.9946,-1.3357,34719.0,10351.67,-0.040000000000000036,江苏,港口,20070426,
601008.SH,连云港,20181022,2.8748,2.9946,3.0245,2.8748,2.8748,4.1672,56435.92,16814.926,0.11980000000000013,江苏,港口,20070426,
601008.SH,连云港,20181019,2.8049,2.8748,2.8848,2.745,2.8349,1.4075,29955.0,8472.813,0.039899999999999824,江苏,港口,20070426,
601008.SH,连云港,20181018,2.9047,2.8349,2.9047,2.8249,2.9147,-2.7378,23285.31,6673.172,-0.07979999999999965,江苏,港口,20070426,
601008.SH,连云港,20181017,2.9147,2.9147,2.9447,2.8648,2.8648,1.7418,28004.1,8138.619,0.049900000000000055,江苏,港口,20070426,
601008.SH,连云港,20181016,2.9147,2.8648,2.9447,2.8548,2.9047,-1.3736,24811.0,7218.174,-0.03990000000000027,江苏,港口,20070426,
601008.SH,连云港,20181015,2.9247,2.9047,2.9646,2.8947,2.9147,-0.3431,31346.0,9188.967,-0.009999999999999787,江苏,港口,20070426,
601008.SH,连云港,20181012,2.9347,2.9147,2.9447,2.7949,2.9247,-0.3419,43873.0,12711.804,-0.010000000000000231,江苏,港口,20070426,
601008.SH,连云港,20181011,3.1343,2.9247,3.1343,2.9147,3.1942,-8.4372,69512.02,21036.494,-0.26949999999999985,江苏,港口,20070426,
601008.SH,连云港,20181010,3.2142,3.1942,3.2242,3.1842,3.2042,-0.3121,23425.15,7513.65,-0.010000000000000231,江苏,港口,20070426,
601008.SH,连云港,20181009,3.1942,3.2042,3.2441,3.1842,3.1842,0.6281,34961.26,11244.441,0.020000000000000018,江苏,港口,20070426,
601008.SH,连云港,20181008,3.284,3.1842,3.284,3.1842,3.304,-3.6259,30289.0,9830.392,-0.11979999999999968,江苏,港口,20070426,
601008.SH,连云港,20180928,3.284,3.304,3.314,3.2641,3.2641,1.2224,33754.0,11152.924,0.039899999999999824,江苏,港口,20070426,
601008.SH,连云港,20180927,3.314,3.2641,3.314,3.2641,3.294,-0.9077,30713.0,10094.257,-0.029900000000000038,江苏,港口,20070426,
601008.SH,连云港,20180926,3.314,3.294,3.334,3.294,3.294,0.0,29861.14,9899.959,0.0,江苏,港口,20070426,
601008.SH,连云港,20180925,3.284,3.294,3.304,3.2641,3.294,0.0,26017.01,8583.125,0.0,江苏,港口,20070426,
601008.SH,连云港,20180921,3.2641,3.294,3.304,3.2641,3.2441,1.5382,35279.0,11613.015,0.049900000000000055,江苏,港口,20070426,
601008.SH,连云港,20180920,3.2641,3.2441,3.284,3.2441,3.2641,-0.6127,23883.0,7802.419,-0.020000000000000018,江苏,港口,20070426,
601008.SH,连云港,20180919,3.2541,3.2641,3.294,3.2341,3.2641,0.0,33682.61,11028.783,0.0,江苏,港口,20070426,
601008.SH,连云港,20180918,3.1443,3.2641,3.2641,3.1443,3.2142,1.5525,33886.02,10915.844,0.049900000000000055,江苏,港口,20070426,
601008.SH,连云港,20180917,3.284,3.2142,3.284,3.2042,3.284,-2.1255,34902.0,11319.201,-0.06979999999999986,江苏,港口,20070426,
601008.SH,连云港,20180914,3.314,3.284,3.314,3.284,3.294,-0.3036,28570.0,9448.955,-0.010000000000000231,江苏,港口,20070426,
601008.SH,连云港,20180913,3.304,3.294,3.324,3.284,3.294,0.0,30805.0,10186.542,0.0,江苏,港口,20070426,
601008.SH,连云港,20180912,3.294,3.294,3.324,3.2641,3.2741,0.6078,19127.0,6305.996,0.01990000000000025,江苏,港口,20070426,
601008.SH,连云港,20180911,3.284,3.2741,3.294,3.2341,3.2741,0.0,21052.68,6888.531,0.0,江苏,港口,20070426,
601008.SH,连云港,20180910,3.3439,3.2741,3.3439,3.2641,3.3439,-2.0874,24063.0,7941.535,-0.0698000000000003,江苏,港口,20070426,
601008.SH,连云港,20180907,3.334,3.3439,3.3639,3.314,3.334,0.2969,21521.85,7191.865,0.00990000000000002,江苏,港口,20070426,
601008.SH,连云港,20180906,3.324,3.334,3.3639,3.314,3.3439,-0.2961,15771.0,5274.081,-0.00990000000000002,江苏,港口,20070426,
601008.SH,连云港,20180905,3.3539,3.3439,3.3739,3.334,3.3639,-0.5945,30160.01,10120.884,-0.020000000000000018,江苏,港口,20070426,
601008.SH,连云港,20180904,3.334,3.3639,3.3839,3.314,3.334,0.8968,24053.0,8080.548,0.029900000000000038,江苏,港口,20070426,
601008.SH,连云港,20180903,3.334,3.334,3.334,3.294,3.334,0.0,21066.0,6983.321,0.0,江苏,港口,20070426,
601008.SH,连云港,20180831,3.3739,3.334,3.3739,3.314,3.3739,-1.1826,29664.02,9930.433,-0.039899999999999824,江苏,港口,20070426,
601008.SH,连云港,20180830,3.4038,3.3739,3.4338,3.3739,3.4138,-1.1688,25834.1,8802.676,-0.03990000000000027,江苏,港口,20070426,
601008.SH,连云港,20180829,3.4438,3.4138,3.4438,3.3938,3.4338,-0.5824,23410.01,8006.299,-0.020000000000000018,江苏,港口,20070426,
601008.SH,连云港,20180828,3.4338,3.4338,3.4438,3.4138,3.4238,0.2921,31781.0,10922.959,0.010000000000000231,江苏,港口,20070426,
601008.SH,连云港,20180827,3.3739,3.4238,3.4438,3.3739,3.3839,1.1791,32247.13,11025.247,0.039899999999999824,江苏,港口,20070426,
601008.SH,连云港,20180824,3.3938,3.3839,3.4038,3.3739,3.3839,0.0,21760.02,7380.781,0.0,江苏,港口,20070426,
601008.SH,连云港,20180823,3.3739,3.3839,3.4238,3.3539,3.3739,0.2964,24089.0,8183.426,0.010000000000000231,江苏,港口,20070426,
601008.SH,连云港,20180822,3.3938,3.3739,3.4038,3.3539,3.4138,-1.1688,20365.02,6894.303,-0.03990000000000027,江苏,港口,20070426,
601008.SH,连云港,20180821,3.3639,3.4138,3.4238,3.3639,3.3739,1.1826,22723.0,7737.761,0.03990000000000027,江苏,港口,20070426,
601008.SH,连云港,20180820,3.3639,3.3739,3.3938,3.3439,3.3639,0.2973,23183.56,7818.176,0.009999999999999787,江苏,港口,20070426,
601008.SH,连云港,20180817,3.3839,3.3639,3.4238,3.3539,3.3839,-0.591,32295.43,10969.451,-0.020000000000000018,江苏,港口,20070426,
601008.SH,连云港,20180816,3.3938,3.3839,3.4238,3.3539,3.4238,-1.1654,40452.0,13733.02,-0.039899999999999824,江苏,港口,20070426,
601008.SH,连云港,20180815,3.4837,3.4238,3.5036,3.4238,3.4937,-2.0007,42572.0,14730.266,-0.06990000000000007,江苏,港口,20070426,
601008.SH,连云港,20180814,3.4737,3.4937,3.5336,3.4537,3.4837,0.2871,46436.91,16241.513,0.010000000000000231,江苏,港口,20070426,
601008.SH,连云港,20180813,3.4937,3.4837,3.5036,3.4338,3.5236,-1.1324,56953.0,19751.46,-0.03990000000000027,江苏,港口,20070426,
601008.SH,连云港,20180810,3.5136,3.5236,3.6334,3.4937,3.5136,0.2846,76841.25,27226.261,0.010000000000000231,江苏,港口,20070426,
601008.SH,连云港,20180809,3.4438,3.5136,3.5336,3.4438,3.4637,1.4407,62633.3,22018.119,0.049900000000000055,江苏,港口,20070426,
601008.SH,连云港,20180808,3.5136,3.4637,3.5236,3.4438,3.5336,-1.9782,64335.0,22432.928,-0.06990000000000007,江苏,港口,20070426,
601008.SH,连云港,20180807,3.3938,3.5336,3.5536,3.3739,3.3938,4.1193,127622.49,44517.879,0.1397999999999997,江苏,港口,20070426,
601008.SH,连云港,20180806,3.3539,3.3938,3.5336,3.334,3.3839,0.2926,89514.77,30650.737,0.00990000000000002,江苏,港口,20070426,
601008.SH,连云港,20180803,3.334,3.3839,3.4537,3.334,3.3839,0.0,69228.23,23588.34,0.0,江苏,港口,20070426,
601008.SH,连云港,20180802,3.4338,3.3839,3.4338,3.294,3.4737,-2.5851,93646.84,31521.429,-0.08979999999999988,江苏,港口,20070426,
601008.SH,连云港,20180801,3.5436,3.4737,3.6434,3.4637,3.5436,-1.9726,104863.6,37420.755,-0.06990000000000007,江苏,港口,20070426,
601008.SH,连云港,20180731,3.5536,3.5436,3.5635,3.5136,3.5536,-0.2814,45807.01,16217.163,-0.009999999999999787,江苏,港口,20070426,
601008.SH,连云港,20180730,3.6234,3.5536,3.6434,3.5336,3.6733,-3.2587,113071.44,40702.677,-0.11969999999999992,江苏,港口,20070426,
601008.SH,连云港,20180727,3.5436,3.6733,3.7033,3.5136,3.5635,3.0812,174924.05,63217.315,0.1097999999999999,江苏,港口,20070426,
601008.SH,连云港,20180726,3.5136,3.5635,3.6534,3.4937,3.4937,1.9979,126526.54,45341.613,0.06979999999999986,江苏,港口,20070426,
601008.SH,连云港,20180725,3.5036,3.4937,3.5236,3.4537,3.5236,-0.8486,66093.23,23100.488,-0.029900000000000038,江苏,港口,20070426,
601008.SH,连云港,20180724,3.4537,3.5236,3.5735,3.4338,3.4737,1.4365,130599.31,45978.011,0.049900000000000055,江苏,港口,20070426,
601008.SH,连云港,20180723,3.334,3.4737,3.5536,3.324,3.3439,3.8817,129571.53,44951.668,0.12979999999999992,江苏,港口,20070426,
601008.SH,连云港,20180720,3.294,3.3439,3.3539,3.2741,3.294,1.5149,29105.41,9686.878,0.049900000000000055,江苏,港口,20070426,
601008.SH,连云港,20180719,3.3839,3.294,3.3938,3.294,3.3839,-2.6567,46814.0,15629.576,-0.08990000000000009,江苏,港口,20070426,
601008.SH,连云港,20180718,3.3938,3.3839,3.4138,3.3739,3.3938,-0.2917,29652.0,10083.504,-0.00990000000000002,江苏,港口,20070426,
601008.SH,连云港,20180717,3.3839,3.3938,3.3938,3.3539,3.3839,0.2926,23967.66,8095.274,0.00990000000000002,江苏,港口,20070426,
601008.SH,连云港,20180716,3.3839,3.3839,3.3938,3.3539,3.3739,0.2964,22559.02,7626.517,0.010000000000000231,江苏,港口,20070426,
601008.SH,连云港,20180713,3.3839,3.3739,3.3938,3.3539,3.3739,0.0,24226.0,8191.36,0.0,江苏,港口,20070426,
601008.SH,连云港,20180712,3.294,3.3739,3.3938,3.284,3.294,2.4256,57335.22,19301.215,0.07989999999999986,江苏,港口,20070426,
601008.SH,连云港,20180711,3.334,3.294,3.3439,3.2641,3.3639,-2.0779,35304.0,11691.052,-0.06990000000000007,江苏,港口,20070426,
601008.SH,连云港,20180710,3.334,3.3639,3.3839,3.334,3.3439,0.5981,28254.54,9515.117,0.020000000000000018,江苏,港口,20070426,
601008.SH,连云港,20180709,3.304,3.3439,3.3539,3.294,3.304,1.2076,29682.98,9913.283,0.03990000000000027,江苏,港口,20070426,
601008.SH,连云港,20180706,3.284,3.304,3.324,3.2142,3.2741,0.9132,39990.37,13140.441,0.029900000000000038,江苏,港口,20070426,
601008.SH,连云港,20180705,3.3639,3.2741,3.3839,3.2741,3.3639,-2.6695,38909.0,12954.711,-0.08980000000000032,江苏,港口,20070426,
601008.SH,连云港,20180704,3.4138,3.3639,3.4138,3.3539,3.4238,-1.7495,33978.0,11501.892,-0.05989999999999984,江苏,港口,20070426,
601008.SH,连云港,20180703,3.3938,3.4238,3.4238,3.3439,3.4138,0.2929,59163.01,20036.966,0.009999999999999787,江苏,港口,20070426,
601008.SH,连云港,20180702,3.4038,3.4138,3.5635,3.3639,3.3938,0.5893,89544.44,30757.794,0.020000000000000018,江苏,港口,20070426,
601008.SH,连云港,20180629,3.334,3.3938,3.4038,3.304,3.324,2.0999,47035.01,15905.517,0.0698000000000003,江苏,港口,20070426,
601008.SH,连云港,20180628,3.334,3.324,3.3839,3.314,3.3739,-1.479,46406.0,15560.872,-0.049900000000000055,江苏,港口,20070426,
601008.SH,连云港,20180627,3.4038,3.3739,3.4238,3.324,3.4038,-0.8784,38383.01,12994.62,-0.029900000000000038,江苏,港口,20070426,
601008.SH,连云港,20180626,3.3439,3.4038,3.4038,3.324,3.3839,0.5881,31008.74,10480.058,0.019899999999999807,江苏,港口,20070426,
601008.SH,连云港,20180625,3.4038,3.3839,3.4238,3.3839,3.3739,0.2964,35824.0,12211.05,0.010000000000000231,江苏,港口,20070426,
601008.SH,连云港,20180622,3.314,3.3739,3.3839,3.2441,3.324,1.5012,42070.3,14041.417,0.049900000000000055,江苏,港口,20070426,
601008.SH,连云港,20180621,3.4537,3.324,3.4637,3.314,3.4537,-3.7554,66248.0,22537.589,-0.12970000000000015,江苏,港口,20070426,
601008.SH,连云港,20180620,3.3839,3.4537,3.4637,3.3639,3.4338,0.5795,59166.53,20276.08,0.019899999999999807,江苏,港口,20070426,
601008.SH,连云港,20180619,3.7632,3.4338,3.7632,3.4338,3.8131,-9.9473,102274.34,36419.748,-0.37929999999999975,江苏,港口,20070426,
601008.SH,连云港,20180615,3.9229,3.8131,3.9428,3.7332,3.9229,-2.7989,58790.99,22566.128,-0.1097999999999999,江苏,港口,20070426,
601008.SH,连云港,20180614,3.9229,3.9229,3.9728,3.9129,3.9628,-1.0069,41593.0,16391.355,-0.03990000000000027,江苏,港口,20070426,
601008.SH,连云港,20180613,4.0027,3.9628,4.0427,3.9528,3.9928,-0.7514,47446.01,18991.734,-0.029999999999999805,江苏,港口,20070426,
601008.SH,连云港,20180612,3.9828,3.9928,4.0027,3.9229,3.9728,0.5034,38895.74,15451.517,0.020000000000000018,江苏,港口,20070426,
601008.SH,连云港,20180611,4.0227,3.9728,4.0227,3.9628,4.0127,-0.9943,39537.0,15804.52,-0.039899999999999824,江苏,港口,20070426,
601008.SH,连云港,20180608,4.0427,4.0127,4.0626,3.9928,4.0427,-0.7421,38268.0,15386.637,-0.03000000000000025,江苏,港口,20070426,
601008.SH,连云港,20180607,4.1026,4.0427,4.1026,4.0327,4.0926,-1.2193,36442.0,14805.599,-0.049900000000000055,江苏,港口,20070426,
601008.SH,连云港,20180606,4.1125,4.0926,4.1225,4.0726,4.1125,-0.4839,30077.0,12336.983,-0.019899999999999807,江苏,港口,20070426,
601008.SH,连云港,20180605,4.0826,4.1125,4.1225,4.0626,4.0626,1.2283,50467.49,20716.086,0.049900000000000055,江苏,港口,20070426,
601008.SH,连云港,20180604,4.0427,4.0626,4.0726,4.0427,4.0327,0.7414,26740.7,10867.93,0.029899999999999594,江苏,港口,20070426,
601008.SH,连云港,20180601,4.0526,4.0327,4.0726,4.0227,4.0726,-0.9797,32879.0,13323.564,-0.03990000000000027,江苏,港口,20070426,
601008.SH,连云港,20180531,4.0626,4.0726,4.0926,4.0427,4.0327,0.9894,37824.6,15407.535,0.03990000000000027,江苏,港口,20070426,
601008.SH,连云港,20180530,4.1425,4.0327,4.1525,4.0027,4.1824,-3.5793,86683.89,35240.225,-0.14970000000000017,江苏,港口,20070426,
601008.SH,连云港,20180529,4.1824,4.1824,4.2024,4.1525,4.1525,0.72,49598.69,20770.863,0.029900000000000482,江苏,港口,20070426,
601008.SH,连云港,20180528,4.1724,4.1525,4.2124,4.1525,4.1824,-0.7149,35092.0,14650.558,-0.029900000000000482,江苏,港口,20070426,
601008.SH,连云港,20180525,4.2124,4.1824,4.2423,4.1724,4.2523,-1.6438,58565.0,24664.344,-0.06989999999999963,江苏,港口,20070426,
601008.SH,连云港,20180524,4.2423,4.2523,4.2822,4.2124,4.2423,0.2357,48692.42,20723.825,0.009999999999999787,江苏,港口,20070426,
601008.SH,连云港,20180523,4.3222,4.2423,4.3321,4.2423,4.3421,-2.2984,63549.38,27244.064,-0.09980000000000011,江苏,港口,20070426,
601008.SH,连云港,20180522,4.3222,4.3421,4.412,4.3022,4.3321,0.2308,97531.61,42402.437,0.010000000000000675,江苏,港口,20070426,
601008.SH,连云港,20180521,4.2723,4.3321,4.3721,4.2723,4.2423,2.1168,111834.38,48462.196,0.08979999999999944,江苏,港口,20070426,
601008.SH,连云港,20180518,4.2124,4.2423,4.2523,4.1824,4.2124,0.7098,60984.85,25761.324,0.029900000000000482,江苏,港口,20070426,
601008.SH,连云港,20180517,4.2024,4.2124,4.2323,4.1924,4.2223,-0.2345,49185.0,20754.68,-0.00990000000000002,江苏,港口,20070426,
601008.SH,连云港,20180516,4.2024,4.2223,4.2523,4.2024,4.2323,-0.2363,56985.0,24105.302,-0.010000000000000675,江苏,港口,20070426,
601008.SH,连云港,20180515,4.2124,4.2323,4.2423,4.1924,4.2124,0.4724,84167.45,35541.869,0.019900000000000695,江苏,港口,20070426,
601008.SH,连云港,20180514,4.2423,4.2124,4.2822,4.2024,4.2523,-0.9383,71979.0,30573.717,-0.03990000000000027,江苏,港口,20070426,
601008.SH,连云港,20180511,4.392,4.2523,4.402,4.2323,4.402,-3.4007,158120.0,68436.14,-0.14970000000000017,江苏,港口,20070426,
601008.SH,连云港,20180510,4.3521,4.402,4.4619,4.3521,4.412,-0.2267,175178.17,77328.673,-0.009999999999999787,江苏,港口,20070426,
601008.SH,连云港,20180509,4.5318,4.412,4.6216,4.402,4.5418,-2.8579,234421.2,104991.957,-0.12980000000000036,江苏,港口,20070426,
601008.SH,连云港,20180508,4.4419,4.5418,4.5817,4.432,4.4719,1.5631,224489.87,101480.639,0.06990000000000052,江苏,港口,20070426,
601008.SH,连云港,20180507,4.4719,4.4719,4.5118,4.392,4.412,1.3577,181475.19,80961.202,0.05989999999999984,江苏,港口,20070426,
601008.SH,连云港,20180504,4.2523,4.412,4.422,4.2423,4.2822,3.0312,190716.22,83057.373,0.12980000000000036,江苏,港口,20070426,
601008.SH,连云港,20180503,4.1325,4.2822,4.2922,4.0926,4.1325,3.6225,127810.63,53842.216,0.14969999999999928,江苏,港口,20070426,
601008.SH,连云港,20180502,4.1225,4.1325,4.1425,4.0826,4.1125,0.4863,54072.85,22266.366,0.020000000000000462,江苏,港口,20070426,
601008.SH,连云港,20180427,4.1625,4.1125,4.1924,4.0526,4.1625,-1.2012,79343.93,32607.75,-0.04999999999999982,江苏,港口,20070426,
601008.SH,连云港,20180426,4.2922,4.1625,4.2922,4.1525,4.3022,-3.2472,87097.92,36631.511,-0.13970000000000038,江苏,港口,20070426,
601008.SH,连云港,20180425,4.2623,4.3022,4.3122,4.2223,4.2623,0.9361,69648.8,29814.381,0.03990000000000027,江苏,港口,20070426,
601008.SH,连云港,20180424,4.1525,4.2623,4.2922,4.1425,4.1625,2.3976,78269.03,33210.073,0.09980000000000011,江苏,港口,20070426,
601008.SH,连云港,20180423,4.2423,4.1625,4.2922,4.1225,4.2423,-1.8811,90281.0,37916.112,-0.07980000000000054,江苏,港口,20070426,
601008.SH,连云港,20180420,4.392,4.2423,4.392,4.2323,4.3821,-3.1903,82637.13,35711.322,-0.13980000000000015,江苏,港口,20070426,
601008.SH,连云港,20180419,4.402,4.3821,4.432,4.3621,4.412,-0.6777,84120.01,36998.733,-0.029899999999999594,江苏,港口,20070426,
601008.SH,连云港,20180418,4.3321,4.412,4.432,4.3321,4.3521,1.3763,107454.17,47197.614,0.05989999999999984,江苏,港口,20070426,
601008.SH,连云港,20180417,4.3321,4.3521,4.422,4.3122,4.3321,0.4617,138509.52,60636.124,0.020000000000000462,江苏,港口,20070426,
601008.SH,连云港,20180416,4.3122,4.3321,4.3421,4.2623,4.2723,1.3997,97962.52,42292.791,0.05979999999999919,江苏,港口,20070426,
601008.SH,连云港,20180413,4.2822,4.2723,4.3321,4.2723,4.2822,-0.2312,49694.63,21421.894,-0.009899999999999132,江苏,港口,20070426,
601008.SH,连云港,20180412,4.3421,4.2822,4.3421,4.2723,4.3421,-1.3795,54505.0,23488.341,-0.05990000000000073,江苏,港口,20070426,
601008.SH,连云港,20180411,4.3421,4.3421,4.3521,4.3022,4.3321,0.2308,71870.42,31168.34,0.010000000000000675,江苏,港口,20070426,
601008.SH,连云港,20180410,4.3122,4.3321,4.3621,4.2723,4.3621,-0.6877,116545.01,50264.186,-0.03000000000000025,江苏,港口,20070426,
601008.SH,连云港,20180409,4.2024,4.3621,4.4419,4.1625,4.2124,3.5538,192708.91,83860.701,0.14970000000000017,江苏,港口,20070426,
601008.SH,连云港,20180404,4.1724,4.2124,4.2223,4.1724,4.1824,0.7173,47553.61,20012.545,0.02999999999999936,江苏,港口,20070426,
601008.SH,连云港,20180403,4.1525,4.1824,4.2523,4.1225,4.2124,-0.7122,54006.6,22643.496,-0.02999999999999936,江苏,港口,20070426,
601008.SH,连云港,20180402,4.2423,4.2124,4.2623,4.2124,4.2523,-0.9383,41977.0,17803.36,-0.03990000000000027,江苏,港口,20070426,
601008.SH,连云港,20180330,4.2323,4.2523,4.2723,4.2223,4.2323,0.4726,42166.6,17941.758,0.019999999999999574,江苏,港口,20070426,
601008.SH,连云港,20180329,4.1724,4.2323,4.2323,4.1724,4.1824,1.1931,44306.84,18677.688,0.049900000000000055,江苏,港口,20070426,
601008.SH,连云港,20180328,4.1924,4.1824,4.2523,4.1625,4.2423,-1.412,55936.0,23532.539,-0.05989999999999984,江苏,港口,20070426,
601008.SH,连云港,20180327,4.1525,4.2423,4.3222,4.1525,4.1325,2.657,89610.0,38112.501,0.1097999999999999,江苏,港口,20070426,
601008.SH,连云港,20180326,4.0427,4.1325,4.1525,3.9728,4.1225,0.2426,61795.6,25181.291,0.010000000000000675,江苏,港口,20070426,
601008.SH,连云港,20180323,4.3222,4.1225,4.3321,4.0526,4.432,-6.9833,128326.83,53983.58,-0.3095000000000008,江苏,港口,20070426,
601008.SH,连云港,20180322,4.4619,4.432,4.4719,4.3821,4.4519,-0.447,63778.88,28210.965,-0.019899999999999807,江苏,港口,20070426,
601008.SH,连云港,20180321,4.4619,4.4519,4.5517,4.422,4.4419,0.2251,86075.42,38675.097,0.009999999999999787,江苏,港口,20070426,
601008.SH,连云港,20180320,4.412,4.4419,4.4619,4.3821,4.4619,-0.4482,58434.07,25856.844,-0.019999999999999574,江苏,港口,20070426,
601008.SH,连云港,20180319,4.4619,4.4619,4.4919,4.422,4.4819,-0.4462,47503.14,21212.055,-0.020000000000000462,江苏,港口,20070426,
601008.SH,连云港,20180316,4.5018,4.4819,4.5418,4.4819,4.5517,-1.5335,69330.0,31330.623,-0.06979999999999986,江苏,港口,20070426,
601008.SH,连云港,20180315,4.4719,4.5517,4.6715,4.392,4.4719,1.7845,123995.6,55999.247,0.07980000000000054,江苏,港口,20070426,
601008.SH,连云港,20180314,4.5318,4.4719,4.5418,4.4419,4.5917,-2.6091,100066.0,45115.386,-0.11980000000000057,江苏,港口,20070426,
601008.SH,连云港,20180313,4.4519,4.5917,4.7913,4.402,4.4519,3.1402,207341.7,94963.734,0.13980000000000015,江苏,港口,20070426,
601008.SH,连云港,20180312,4.402,4.4519,4.4719,4.3821,4.4419,0.2251,92205.65,40873.592,0.009999999999999787,江苏,港口,20070426,
601008.SH,连云港,20180309,4.3821,4.4419,4.5717,4.3721,4.3521,2.0634,132019.11,59108.893,0.08980000000000032,江苏,港口,20070426,
601008.SH,连云港,20180308,4.3521,4.3521,4.3621,4.3122,4.3521,0.0,44963.22,19543.177,0.0,江苏,港口,20070426,
601008.SH,连云港,20180307,4.3621,4.3521,4.412,4.3521,4.3621,-0.2292,63151.85,27675.371,-0.009999999999999787,江苏,港口,20070426,
601008.SH,连云港,20180306,4.3022,4.3621,4.3721,4.3022,4.3222,0.9231,50604.38,21967.256,0.03990000000000027,江苏,港口,20070426,
601008.SH,连云港,20180305,4.3222,4.3222,4.3321,4.3022,4.3222,0.0,35298.12,15265.547,0.0,江苏,港口,20070426,
601008.SH,连云港,20180302,4.3022,4.3222,4.3321,4.2723,4.3122,0.2319,39130.0,16874.475,0.009999999999999787,江苏,港口,20070426,
601008.SH,连云港,20180301,4.2822,4.3122,4.3222,4.2523,4.3022,0.2324,43190.67,18608.806,0.009999999999999787,江苏,港口,20070426,
601008.SH,连云港,20180228,4.2922,4.3022,4.3122,4.2323,4.3022,0.0,44692.7,19151.82,0.0,江苏,港口,20070426,
601008.SH,连云港,20180227,4.3421,4.3022,4.3521,4.2822,4.3521,-1.1466,51017.0,22013.362,-0.049900000000000055,江苏,港口,20070426,
601008.SH,连云港,20180226,4.3022,4.3521,4.3821,4.3022,4.2822,1.6323,65199.0,28377.986,0.06990000000000052,江苏,港口,20070426,
601008.SH,连云港,20180223,4.2223,4.2822,4.3721,4.2124,4.2124,1.657,79933.33,34441.178,0.06979999999999986,江苏,港口,20070426,
601008.SH,连云港,20180222,4.1625,4.2124,4.2223,4.1625,4.1425,1.6874,38480.01,16163.882,0.06989999999999963,江苏,港口,20070426,
601008.SH,连云港,20180214,4.1325,4.1425,4.1625,4.1225,4.1325,0.242,27595.0,11467.816,0.009999999999999787,江苏,港口,20070426,
601008.SH,连云港,20180213,4.1425,4.1325,4.1824,4.1026,4.1325,0.0,40213.12,16718.058,0.0,江苏,港口,20070426,
601008.SH,连云港,20180212,4.0526,4.1325,4.1425,4.0427,4.0427,2.2213,44069.97,18145.382,0.08980000000000032,江苏,港口,20070426,
601008.SH,连云港,20180209,4.1225,4.0427,4.1525,3.9728,4.2024,-3.8002,95234.2,38717.287,-0.15969999999999995,江苏,港口,20070426,
601008.SH,连云港,20180208,4.1625,4.2024,4.2124,4.1425,4.1625,0.9586,40662.86,17074.633,0.03990000000000027,江苏,港口,20070426,
601008.SH,连云港,20180207,4.1525,4.1625,4.2323,4.0926,4.1125,1.2158,56172.01,23489.834,0.04999999999999982,江苏,港口,20070426,
601008.SH,连云港,20180206,4.3222,4.1125,4.3321,4.0926,4.3721,-5.9377,95321.0,40392.633,-0.25959999999999983,江苏,港口,20070426,
601008.SH,连云港,20180205,4.3721,4.3721,4.402,4.2922,4.402,-0.6792,34417.0,15073.959,-0.029900000000000482,江苏,港口,20070426,
601008.SH,连云港,20180202,4.422,4.402,4.4519,4.2623,4.4619,-1.3425,65126.86,28519.898,-0.05989999999999984,江苏,港口,20070426,
601008.SH,连云港,20180201,4.6416,4.4619,4.6715,4.392,4.6416,-3.8715,97583.01,44332.99,-0.17970000000000041,江苏,港口,20070426,
601008.SH,连云港,20180131,4.7015,4.6416,4.7314,4.6116,4.7314,-1.898,81664.22,38091.707,-0.08979999999999944,江苏,港口,20070426,
601008.SH,连云港,20180130,4.7115,4.7314,4.7813,4.7015,4.7514,-0.4209,54065.0,25689.532,-0.020000000000000462,江苏,港口,20070426,
601008.SH,连云港,20180129,4.9111,4.7514,4.9211,4.7214,4.9011,-3.0544,165396.0,79433.446,-0.14969999999999928,江苏,港口,20070426,
601008.SH,连云港,20180126,4.9111,4.9011,4.981,4.8712,4.971,-1.4062,145144.59,71518.567,-0.06990000000000052,江苏,港口,20070426,
601008.SH,连云港,20180125,4.7614,4.971,5.1207,4.7214,4.7514,4.6218,384698.68,191030.264,0.2195999999999998,江苏,港口,20070426,
601008.SH,连云港,20180124,4.7414,4.7514,4.7813,4.7015,4.7414,0.2109,84867.02,40310.419,0.010000000000000675,江苏,港口,20070426,
601008.SH,连云港,20180123,4.6915,4.7414,4.7713,4.6815,4.6915,1.0636,96138.06,45559.98,0.049900000000000055,江苏,港口,20070426,
601008.SH,连云港,20180122,4.6516,4.6915,4.7015,4.6516,4.6815,0.2136,53903.77,25296.687,0.009999999999999787,江苏,港口,20070426,
601008.SH,连云港,20180119,4.6815,4.6815,4.7214,4.6516,4.6715,0.2141,60805.0,28602.954,0.009999999999999787,江苏,港口,20070426,
601008.SH,连云港,20180118,4.6316,4.6715,4.6915,4.6316,4.6815,-0.2136,47799.73,22331.588,-0.009999999999999787,江苏,港口,20070426,
601008.SH,连云港,20180117,4.6316,4.6815,4.7614,4.5617,4.6216,1.2961,104507.0,48909.883,0.05989999999999984,江苏,港口,20070426,
601008.SH,连云港,20180116,4.5617,4.6216,4.6416,4.5617,4.5917,0.6512,47112.03,21759.424,0.029899999999999594,江苏,港口,20070426,
601008.SH,连云港,20180115,4.7713,4.5917,4.7913,4.5717,4.7813,-3.9654,103801.95,48569.07,-0.18959999999999955,江苏,港口,20070426,
601008.SH,连云港,20180112,4.7913,4.7813,4.8113,4.7514,4.8013,-0.4166,59355.02,28467.692,-0.020000000000000462,江苏,港口,20070426,
601008.SH,连云港,20180111,4.8013,4.8013,4.8312,4.7514,4.8312,-0.6189,71252.47,34217.383,-0.029899999999999594,江苏,港口,20070426,
601008.SH,连云港,20180110,4.8113,4.8312,4.8512,4.7115,4.8113,0.4136,100975.47,48495.588,0.019899999999999807,江苏,港口,20070426,
601008.SH,连云港,20180109,4.8213,4.8113,4.8512,4.8013,4.8512,-0.8225,71649.7,34575.811,-0.03990000000000027,江苏,港口,20070426,
601008.SH,连云港,20180108,4.8612,4.8512,4.8911,4.8113,4.8911,-0.8158,96046.0,46558.918,-0.03989999999999938,江苏,港口,20070426,
601008.SH,连云港,20180105,4.8213,4.8911,4.9111,4.8013,4.8113,1.6586,129288.64,63058.627,0.07979999999999965,江苏,港口,20070426,
601008.SH,连云港,20180104,4.8412,4.8113,4.8412,4.7813,4.8412,-0.6176,98129.64,47193.133,-0.029899999999999594,江苏,港口,20070426,
601008.SH,连云港,20180103,4.7314,4.8412,4.8512,4.7015,4.7314,2.3207,134196.54,64584.496,0.1097999999999999,江苏,港口,20070426,
601008.SH,连云港,20180102,4.6915,4.7314,4.7414,4.6715,4.6915,0.8505,55277.2,26105.364,0.03990000000000027,江苏,港口,20070426,
601008.SH,连云港,20171229,4.6516,4.6915,4.7015,4.6416,4.6516,0.8578,50548.98,23713.461,0.03989999999999938,江苏,港口,20070426,
601008.SH,连云港,20171228,4.6516,4.6516,4.6815,4.6116,4.6615,-0.2124,52924.98,24695.681,-0.00990000000000002,江苏,港口,20070426,
601008.SH,连云港,20171227,4.6815,4.6615,4.6915,4.6516,4.6815,-0.4272,43398.0,20306.007,-0.019999999999999574,江苏,港口,20070426,
601008.SH,连云港,20171226,4.6216,4.6815,4.7115,4.6116,4.6516,0.6428,53360.6,24963.734,0.029899999999999594,江苏,港口,20070426,
601008.SH,连云港,20171225,4.7813,4.6516,4.8213,4.6116,4.7713,-2.5088,82384.6,38656.618,-0.11969999999999992,江苏,港口,20070426,
601008.SH,连云港,20171222,4.8412,4.7713,4.8412,4.7614,4.8412,-1.4439,58291.43,27982.169,-0.06989999999999963,江苏,港口,20070426,
601008.SH,连云港,20171221,4.8811,4.8412,4.8911,4.7514,4.8911,-1.0202,68873.41,33307.717,-0.049900000000000055,江苏,港口,20070426,
601008.SH,连云港,20171220,5.0109,4.8911,5.0109,4.8612,5.0109,-2.3908,65529.61,32403.23,-0.11980000000000057,江苏,港口,20070426,
601008.SH,连云港,20171219,4.9909,5.0109,5.0209,4.9909,5.0009,0.2,39474.57,19800.673,0.010000000000000675,江苏,港口,20070426,
601008.SH,连云港,20171218,5.0209,5.0009,5.0209,4.971,5.0009,0.0,40647.52,20326.562,0.0,江苏,港口,20070426,
601008.SH,连云港,20171215,5.0309,5.0009,5.0409,4.9909,5.0508,-0.988,51885.8,26015.608,-0.049900000000000055,江苏,港口,20070426,
601008.SH,连云港,20171214,5.0209,5.0508,5.1007,4.9909,5.0309,0.3956,74454.81,37661.066,0.019899999999999807,江苏,港口,20070426,
601008.SH,连云港,20171213,5.0109,5.0309,5.0409,5.0009,4.9909,0.8015,38522.73,19398.003,0.040000000000000036,江苏,港口,20070426,
601008.SH,连云港,20171212,5.0608,4.9909,5.0708,4.9909,5.0708,-1.5757,48378.13,24360.223,-0.0799000000000003,江苏,港口,20070426,
601008.SH,连云港,20171211,5.0209,5.0708,5.0708,5.0109,5.0309,0.7931,48379.41,24457.915,0.03990000000000027,江苏,港口,20070426,
601008.SH,连云港,20171208,4.9909,5.0309,5.0309,4.9909,4.9909,0.8015,39597.3,19897.268,0.040000000000000036,江苏,港口,20070426,
601008.SH,连云港,20171207,5.0009,4.9909,5.0409,4.971,5.0109,-0.3991,41160.4,20630.405,-0.020000000000000462,江苏,港口,20070426,
601008.SH,连云港,20171206,4.9909,5.0109,5.0209,4.9211,4.981,0.6003,62306.0,31010.512,0.029900000000000482,江苏,港口,20070426,
601008.SH,连云港,20171205,5.1207,4.981,5.1606,4.941,5.1706,-3.6669,118139.2,59718.017,-0.18960000000000043,江苏,港口,20070426,
601008.SH,连云港,20171204,5.1806,5.1706,5.2704,5.1307,5.1806,-0.193,72236.29,37607.954,-0.009999999999999787,江苏,港口,20070426,
601008.SH,连云港,20171201,5.2105,5.1806,5.2105,5.1307,5.2505,-1.3313,80162.94,41550.854,-0.06989999999999963,江苏,港口,20070426,
601008.SH,连云港,20171130,5.2305,5.2505,5.3303,5.2006,5.2904,-0.7542,104343.3,54990.011,-0.03990000000000027,江苏,港口,20070426,
601008.SH,连云港,20171129,5.2006,5.2904,5.3802,5.1706,5.2006,1.7267,157520.1,83467.955,0.08980000000000032,江苏,港口,20070426,
601008.SH,连云港,20171128,5.1806,5.2006,5.2105,5.1207,5.1507,0.9688,61820.82,32056.682,0.049900000000000055,江苏,港口,20070426,
601008.SH,连云港,20171127,5.1606,5.1507,5.2205,5.1007,5.1407,0.1945,56915.7,29424.829,0.009999999999999787,江苏,港口,20070426,
601008.SH,连云港,20171124,5.0908,5.1407,5.1606,5.0808,5.1307,0.1949,50709.0,26002.56,0.009999999999999787,江苏,港口,20070426,
601008.SH,连云港,20171123,5.2006,5.1307,5.2405,5.1107,5.1906,-1.154,64423.0,33486.157,-0.05989999999999984,江苏,港口,20070426,
601008.SH,连云港,20171122,5.2405,5.1906,5.2804,5.1507,5.2605,-1.3288,76490.98,39857.035,-0.06990000000000052,江苏,港口,20070426,
601008.SH,连云港,20171121,5.3104,5.2605,5.3303,5.2405,5.3104,-0.9397,74086.7,39138.264,-0.04989999999999917,江苏,港口,20070426,
601008.SH,连云港,20171120,5.4601,5.3104,5.4601,5.1407,5.4102,-1.8447,99257.22,52302.864,-0.09980000000000011,江苏,港口,20070426,
601008.SH,连云港,20171117,5.6997,5.4102,5.7496,5.4002,5.7096,-5.2438,146707.01,81251.809,-0.29940000000000033,江苏,港口,20070426,
601008.SH,连云港,20171116,5.7995,5.7096,5.8095,5.6997,5.7995,-1.5501,63538.0,36673.113,-0.08990000000000009,江苏,港口,20070426,
601008.SH,连云港,20171115,5.8594,5.7995,5.8594,5.7995,5.9292,-2.1875,81422.42,47477.472,-0.1296999999999997,江苏,港口,20070426,
601008.SH,连云港,20171114,5.8694,5.9292,5.9392,5.7895,5.8694,1.0188,125129.04,73289.302,0.059800000000000075,江苏,港口,20070426,
601008.SH,连云港,20171113,5.9592,5.8694,5.9792,5.8594,5.9392,-1.1752,92339.58,54704.948,-0.06979999999999986,江苏,港口,20070426,
601008.SH,连云港,20171110,5.8993,5.9392,5.9592,5.8993,5.8993,0.6764,93342.64,55411.417,0.03989999999999938,江苏,港口,20070426,
601008.SH,连云港,20171109,5.8594,5.8993,5.9193,5.8594,5.8893,0.1698,56941.43,33589.965,0.009999999999999787,江苏,港口,20070426,
601008.SH,连云港,20171108,5.9093,5.8893,5.9392,5.8793,5.9292,-0.6729,65936.46,39058.425,-0.03989999999999938,江苏,港口,20070426,
601008.SH,连云港,20171107,5.8594,5.9292,5.9692,5.8494,5.8594,1.1912,109285.86,64576.891,0.06979999999999986,江苏,港口,20070426,
601008.SH,连云港,20171106,5.8494,5.8594,5.8694,5.7895,5.8694,-0.1704,54994.1,32118.282,-0.009999999999999787,江苏,港口,20070426,
601008.SH,连云港,20171103,5.8694,5.8694,5.8993,5.7396,5.8793,-0.1684,113253.36,66021.767,-0.00990000000000002,江苏,港口,20070426,
601008.SH,连云港,20171102,5.9093,5.8793,5.9991,5.8694,5.9093,-0.5077,88370.0,52454.392,-0.03000000000000025,江苏,港口,20070426,
601008.SH,连云港,20171101,5.9492,5.9093,5.9492,5.8893,5.9492,-0.6707,87534.61,51803.319,-0.03990000000000027,江苏,港口,20070426,
601008.SH,连云港,20171031,5.8494,5.9492,6.0091,5.8095,5.8494,1.7062,123978.36,73708.849,0.09980000000000011,江苏,港口,20070426,
601008.SH,连云港,20171030,6.049,5.8494,6.059,5.8194,6.069,-3.6184,182181.6,107717.58,-0.2195999999999998,江苏,港口,20070426,
601008.SH,连云港,20171027,6.1089,6.069,6.1588,6.039,6.1688,-1.6178,165439.48,100931.836,-0.09980000000000011,江苏,港口,20070426,
601008.SH,连云港,20171026,6.0191,6.1688,6.3684,6.0191,6.069,1.6444,252263.64,156747.321,0.09980000000000011,江苏,港口,20070426,
601008.SH,连云港,20171025,6.049,6.069,6.0989,6.0191,6.049,0.3306,91690.59,55770.488,0.019999999999999574,江苏,港口,20070426,
601008.SH,连云港,20171024,6.1289,6.049,6.1289,6.0191,6.1588,-1.7828,160284.82,97346.084,-0.1097999999999999,江苏,港口,20070426,
601008.SH,连云港,20171023,6.2886,6.1588,6.2886,6.1389,6.3285,-2.6815,271389.59,168003.907,-0.16969999999999974,江苏,港口,20070426,
601008.SH,连云港,20171020,6.2786,6.3285,6.3884,6.1988,6.089,3.9333,504062.59,317103.148,0.2394999999999996,江苏,港口,20070426,
601008.SH,连云港,20171019,5.9891,6.089,6.2087,5.9193,6.069,0.3295,285230.03,173112.171,0.020000000000000462,江苏,港口,20070426,
601008.SH,连云港,20171018,5.8793,6.069,6.2886,5.8694,5.8793,3.2266,318916.56,194829.32,0.1897000000000002,江苏,港口,20070426,
601008.SH,连云港,20171017,5.8993,5.8793,5.9093,5.8594,5.9193,-0.6758,53304.78,31428.34,-0.040000000000000036,江苏,港口,20070426,
601008.SH,连云港,20171016,6.039,5.9193,6.039,5.9093,6.0191,-1.6581,80275.0,47940.24,-0.09980000000000011,江苏,港口,20070426,
601008.SH,连云港,20171013,5.9991,6.0191,6.0291,5.9692,6.0091,0.1664,54939.8,33019.89,0.009999999999999787,江苏,港口,20070426,
601008.SH,连云港,20171012,6.049,6.0091,6.089,5.9792,6.079,-1.1499,85687.0,51711.088,-0.06989999999999963,江苏,港口,20070426,
601008.SH,连云港,20171011,6.0191,6.079,6.1289,5.9891,6.0191,0.9952,136341.93,82847.204,0.05989999999999984,江苏,港口,20070426,
601008.SH,连云港,20171010,5.9692,6.0191,6.0191,5.9193,5.9492,1.1749,79640.12,47699.679,0.06989999999999963,江苏,港口,20070426,
601008.SH,连云港,20171009,5.9392,5.9492,5.9792,5.9392,5.8893,1.0171,65973.93,39334.296,0.05989999999999984,江苏,港口,20070426,
601008.SH,连云港,20170929,5.8694,5.8893,5.8993,5.8394,5.8594,0.5103,75672.6,44536.138,0.029900000000000482,江苏,港口,20070426,
601008.SH,连云港,20170928,5.9692,5.8594,5.9792,5.8294,5.9692,-1.8394,109520.2,64782.951,-0.1097999999999999,江苏,港口,20070426,
601008.SH,连云港,20170927,5.9991,5.9692,6.0091,5.9592,6.0091,-0.664,66074.0,39573.229,-0.03990000000000027,江苏,港口,20070426,
601008.SH,连云港,20170926,5.9592,6.0091,6.0291,5.9392,5.9592,0.8374,77158.5,46296.298,0.049900000000000055,江苏,港口,20070426,
601008.SH,连云港,20170925,6.069,5.9592,6.079,5.9392,6.089,-2.1317,120958.15,72789.913,-0.12980000000000036,江苏,港口,20070426,
601008.SH,连云港,20170922,6.1988,6.089,6.2087,6.079,6.2087,-1.9279,152388.52,93356.426,-0.11969999999999992,江苏,港口,20070426,
601008.SH,连云港,20170921,6.2886,6.2087,6.2986,6.1988,6.2886,-1.2706,123757.76,77421.136,-0.07989999999999942,江苏,港口,20070426,
601008.SH,连云港,20170920,6.3086,6.2886,6.3285,6.2586,6.2986,-0.1588,105105.6,66134.074,-0.010000000000000675,江苏,港口,20070426,
601008.SH,连云港,20170919,6.2986,6.2986,6.3485,6.2686,6.3086,-0.1585,94669.8,59708.051,-0.009999999999999787,江苏,港口,20070426,
601008.SH,连云港,20170918,6.2986,6.3086,6.3185,6.2686,6.2986,0.1588,80150.09,50546.316,0.009999999999999787,江苏,港口,20070426,
601008.SH,连云港,20170915,6.3285,6.2986,6.3385,6.2786,6.3684,-1.096,146867.22,92669.597,-0.06979999999999986,江苏,港口,20070426,
601008.SH,连云港,20170914,6.3086,6.3684,6.4683,6.2886,6.3285,0.6305,195485.11,125039.721,0.03990000000000027,江苏,港口,20070426,
601008.SH,连云港,20170913,6.3185,6.3285,6.3385,6.2886,6.3185,0.1583,84941.99,53648.965,0.009999999999999787,江苏,港口,20070426,
601008.SH,连云港,20170912,6.3984,6.3185,6.4184,6.2986,6.4084,-1.4028,164888.02,104847.178,-0.08990000000000009,江苏,港口,20070426,
601008.SH,连云港,20170911,6.3984,6.4084,6.4184,6.3784,6.4084,0.0,89693.6,57499.373,0.0,江苏,港口,20070426,
601008.SH,连云港,20170908,6.3984,6.4084,6.4483,6.3684,6.4084,0.0,137490.78,88098.06,0.0,江苏,港口,20070426,
601008.SH,连云港,20170907,6.4084,6.4084,6.5182,6.3984,6.4583,-0.7726,179972.38,116136.177,-0.049900000000000055,江苏,港口,20070426,
601008.SH,连云港,20170906,6.4383,6.4583,6.4882,6.3684,6.4383,0.3106,155199.07,99919.823,0.020000000000000462,江苏,港口,20070426,
601008.SH,连云港,20170905,6.4583,6.4383,6.4583,6.3984,6.4283,0.1556,107255.22,69013.48,0.009999999999999787,江苏,港口,20070426,
601008.SH,连云港,20170904,6.5082,6.4283,6.5182,6.3884,6.4982,-1.0757,162579.58,104680.394,-0.06989999999999963,江苏,港口,20070426,
601008.SH,连云港,20170901,6.5781,6.4982,6.5781,6.4683,6.5581,-0.9134,210695.21,137255.974,-0.05989999999999984,江苏,港口,20070426,
601008.SH,连云港,20170831,6.4882,6.5581,6.638,6.4583,6.4982,0.9218,313103.07,205733.747,0.05989999999999984,江苏,港口,20070426,
601008.SH,连云港,20170830,6.4583,6.4982,6.5282,6.4483,6.5082,-0.1537,194645.13,126278.017,-0.010000000000000675,江苏,港口,20070426,
601008.SH,连云港,20170829,6.4084,6.5082,6.6679,6.3684,6.4084,1.5573,340232.76,221341.0,0.09980000000000011,江苏,港口,20070426,
601008.SH,连云港,20170828,6.3884,6.4084,6.4583,6.3185,6.3784,0.4703,188901.62,121018.216,0.03000000000000025,江苏,港口,20070426,
601008.SH,连云港,20170825,6.2686,6.3784,6.3884,6.2586,6.2886,1.428,116372.72,73999.209,0.08980000000000032,江苏,港口,20070426,
601008.SH,连云港,20170824,6.3585,6.2886,6.3884,6.2686,6.3485,-0.9435,87848.34,55670.745,-0.05989999999999984,江苏,港口,20070426,
601008.SH,连云港,20170823,6.3784,6.3485,6.3884,6.3086,6.3784,-0.4688,100707.88,64135.962,-0.029900000000000482,江苏,港口,20070426,
601008.SH,连云港,20170822,6.4184,6.3784,6.4383,6.3585,6.4283,-0.7763,107217.6,68701.032,-0.049900000000000055,江苏,港口,20070426,
601008.SH,连云港,20170821,6.4483,6.4283,6.4782,6.3984,6.4683,-0.6184,132271.76,85165.814,-0.040000000000000036,江苏,港口,20070426,
601008.SH,连云港,20170818,6.3884,6.4683,6.4882,6.3285,6.3984,1.0925,216428.27,139519.149,0.06990000000000052,江苏,港口,20070426,
601008.SH,连云港,20170817,6.2886,6.3984,6.4184,6.2886,6.2986,1.5845,159550.81,101722.071,0.09979999999999922,江苏,港口,20070426,
601008.SH,连云港,20170816,6.3585,6.2986,6.3585,6.2786,6.3385,-0.6295,94968.41,59958.988,-0.03989999999999938,江苏,港口,20070426,
601008.SH,连云港,20170815,6.3086,6.3385,6.3684,6.2786,6.3086,0.474,105027.0,66682.629,0.029899999999999594,江苏,港口,20070426,
601008.SH,连云港,20170814,6.2087,6.3086,6.3086,6.1888,6.2187,1.4456,92453.41,58137.94,0.08990000000000009,江苏,港口,20070426,
601008.SH,连云港,20170811,6.3884,6.2187,6.3884,6.1888,6.3884,-2.6564,182882.81,115138.22,-0.16969999999999974,江苏,港口,20070426,
601008.SH,连云港,20170810,6.4782,6.3884,6.5182,6.3684,6.4683,-1.2353,158173.43,101801.226,-0.0799000000000003,江苏,港口,20070426,
601008.SH,连云港,20170809,6.5381,6.4683,6.5381,6.4383,6.5381,-1.0676,153747.6,99605.217,-0.06979999999999986,江苏,港口,20070426,
601008.SH,连云港,20170808,6.608,6.5381,6.618,6.5282,6.608,-1.0578,160770.49,105662.621,-0.06989999999999963,江苏,港口,20070426,
601008.SH,连云港,20170807,6.5881,6.608,6.6479,6.5581,6.608,0.0,163129.32,107721.304,0.0,江苏,港口,20070426,
601008.SH,连云港,20170804,6.7278,6.608,6.7278,6.5881,6.7677,-2.3597,302287.56,201890.562,-0.15969999999999995,江苏,港口,20070426,
601008.SH,连云港,20170803,6.5581,6.7677,6.7777,6.5282,6.598,2.572,477607.82,320131.463,0.16969999999999974,江苏,港口,20070426,
601008.SH,连云港,20170802,6.5182,6.598,6.7178,6.4782,6.5381,0.9162,299679.19,198122.428,0.05989999999999984,江苏,港口,20070426,
601008.SH,连云港,20170801,6.4483,6.5381,6.5681,6.4283,6.4583,1.2356,217403.61,141889.561,0.07979999999999965,江苏,港口,20070426,
601008.SH,连云港,20170731,6.4483,6.4583,6.4982,6.4283,6.4583,0.0,126324.01,81679.424,0.0,江苏,港口,20070426,
601008.SH,连云港,20170728,6.4683,6.4583,6.4882,6.4483,6.5282,-1.0707,140601.61,91073.679,-0.06989999999999963,江苏,港口,20070426,
601008.SH,连云港,20170727,6.4383,6.5282,6.6479,6.3485,6.4782,0.7718,260817.81,169627.726,0.04999999999999982,江苏,港口,20070426,
601008.SH,连云港,20170726,6.5681,6.4782,6.608,6.4383,6.5681,-1.3687,158583.1,103051.83,-0.08990000000000009,江苏,港口,20070426,
601008.SH,连云港,20170725,6.4982,6.5681,6.7078,6.4982,6.5481,0.3054,195595.95,129220.668,0.020000000000000462,江苏,港口,20070426,
601008.SH,连云港,20170724,6.4982,6.5481,6.628,6.4383,6.4982,0.7679,202385.85,132937.738,0.049900000000000055,江苏,港口,20070426,
601008.SH,连云港,20170721,6.5282,6.4982,6.5881,6.4882,6.5681,-1.0642,140217.8,91754.3,-0.06990000000000052,江苏,港口,20070426,
601008.SH,连云港,20170720,6.5581,6.5681,6.7178,6.5282,6.5881,-0.3036,210946.21,139457.107,-0.019999999999999574,江苏,港口,20070426,
601008.SH,连云港,20170719,6.4383,6.5881,6.628,6.4084,6.4383,2.3267,193880.65,126782.905,0.14979999999999993,江苏,港口,20070426,
601008.SH,连云港,20170718,6.3385,6.4383,6.5182,6.3385,6.4084,0.4666,167245.1,107701.743,0.029899999999999594,江苏,港口,20070426,
601008.SH,连云港,20170717,6.9773,6.4084,7.0073,6.3285,7.0273,-8.8071,334374.41,221154.855,-0.6189,江苏,港口,20070426,
601008.SH,连云港,20170714,7.0173,7.0273,7.0672,6.9873,7.0173,0.1425,145296.3,102144.545,0.010000000000000675,江苏,港口,20070426,
601008.SH,连云港,20170713,6.9873,7.0173,7.1271,6.9175,7.0273,-0.1423,202520.67,142494.341,-0.010000000000000675,江苏,港口,20070426,
601008.SH,连云港,20170712,7.0971,7.0273,7.0971,6.8975,7.1171,-1.2617,251108.02,175949.209,-0.08979999999999944,江苏,港口,20070426,
601008.SH,连云港,20170711,7.0472,7.1171,7.2169,7.0472,7.1071,0.1407,211170.1,150917.548,0.009999999999999787,江苏,港口,20070426,
601008.SH,连云港,20170710,7.157,7.1071,7.187,7.0772,7.1969,-1.2478,238720.52,170330.596,-0.08980000000000032,江苏,港口,20070426,
601008.SH,连云港,20170707,7.177,7.1969,7.2568,7.1371,7.3267,-1.7716,323338.11,232822.35,-0.12979999999999947,江苏,港口,20070426,
601008.SH,连云港,20170706,7.0971,7.3267,7.6661,7.0273,7.1071,3.0899,635954.93,467909.184,0.2195999999999998,江苏,港口,20070426,
601008.SH,连云港,20170705,7.0672,7.1071,7.1171,7.0372,7.0572,0.7071,153078.1,108647.622,0.049900000000000055,江苏,港口,20070426,
601008.SH,连云港,20170704,7.1271,7.0572,7.157,7.0472,7.167,-1.532,176190.6,125272.639,-0.1097999999999999,江苏,港口,20070426,
601008.SH,连云港,20170703,7.0173,7.167,7.2369,6.9075,7.0173,2.1333,321318.4,227695.23,0.14970000000000017,江苏,港口,20070426,
601008.SH,连云港,20170630,7.0572,7.0173,7.0871,6.9973,7.0772,-0.8464,156460.0,110086.422,-0.05990000000000073,江苏,港口,20070426,
601008.SH,连云港,20170629,7.0871,7.0772,7.1371,7.0472,7.0971,-0.2804,197126.91,139788.554,-0.019899999999999807,江苏,港口,20070426,
601008.SH,连云港,20170628,7.1969,7.0971,7.1969,7.0572,7.2469,-2.0671,241080.76,171549.787,-0.14979999999999993,江苏,港口,20070426,
601008.SH,连云港,20170627,7.187,7.2469,7.3467,7.167,7.2069,0.555,245937.87,178877.42,0.040000000000000036,江苏,港口,20070426,
601008.SH,连云港,20170626,7.1969,7.2069,7.2169,7.1171,7.2069,0.0,225587.44,161916.178,0.0,江苏,港口,20070426,
601008.SH,连云港,20170623,7.187,7.2069,7.2668,6.9873,7.187,0.2769,292658.82,209101.64,0.019899999999999807,江苏,港口,20070426,
601008.SH,连云港,20170622,7.5164,7.187,7.5164,7.167,7.5164,-4.3824,464930.17,341541.614,-0.3293999999999997,江苏,港口,20070426,
601008.SH,连云港,20170621,7.6461,7.5164,7.6561,7.4565,7.6561,-1.8247,369416.51,278348.385,-0.13970000000000038,江苏,港口,20070426,
601008.SH,连云港,20170620,7.5862,7.6561,7.716,7.5164,7.6561,0.0,612076.8,466879.55,0.0,江苏,港口,20070426,
601008.SH,连云港,20170619,7.3666,7.6561,7.736,7.2668,7.3766,3.789,658665.36,497723.696,0.2795000000000005,江苏,港口,20070426,
601008.SH,连云港,20170616,7.3866,7.3766,7.5363,7.3467,7.4465,-0.9387,379694.4,282267.403,-0.06990000000000052,江苏,港口,20070426,
601008.SH,连云港,20170615,7.2968,7.4465,7.4665,7.157,7.3966,0.6746,480916.72,351798.574,0.049900000000000055,江苏,港口,20070426,
601008.SH,连云港,20170614,7.3567,7.3966,7.6761,7.3567,7.2069,2.6322,630857.08,474249.552,0.1897000000000002,江苏,港口,20070426,
601008.SH,连云港,20170613,7.1071,7.2069,7.2469,7.0971,7.1271,1.1197,275161.98,197961.095,0.07979999999999965,江苏,港口,20070426,
601008.SH,连云港,20170612,7.2069,7.1271,7.3467,7.0871,7.2369,-1.5172,316890.8,228779.291,-0.1097999999999999,江苏,港口,20070426,
601008.SH,连云港,20170609,7.4665,7.2369,7.5064,7.0772,7.4365,-2.6841,427196.79,309447.29,-0.19959999999999933,江苏,港口,20070426,
601008.SH,连云港,20170608,7.4674,7.4375,7.6169,7.3976,7.4674,-0.4004,542145.91,409246.922,-0.029899999999999594,江苏,港口,20070426,
601008.SH,连云港,20170607,7.2082,7.4674,7.6269,7.1384,7.2082,3.5959,579844.61,429459.997,0.2591999999999999,江苏,港口,20070426,
601008.SH,连云港,20170606,7.1583,7.2082,7.268,7.1085,7.1683,0.5566,304693.4,219903.671,0.03989999999999938,江苏,港口,20070426,
601008.SH,连云港,20170605,7.0686,7.1683,7.278,6.9789,7.0786,1.2672,320634.51,229636.712,0.08970000000000056,江苏,港口,20070426,
601008.SH,连云港,20170602,6.9689,7.0786,7.1783,6.7895,7.0686,0.1415,397678.42,277312.18,0.009999999999999787,江苏,港口,20070426,
601008.SH,连云港,20170601,7.6568,7.0686,7.6568,7.0387,7.7266,-8.516,603986.26,443489.171,-0.6580000000000004,江苏,港口,20070426,
601008.SH,连云港,20170531,7.6867,7.7266,7.8562,7.6867,7.6967,0.3885,376782.46,293231.96,0.029900000000000482,江苏,港口,20070426,
601008.SH,连云港,20170526,7.7864,7.6967,8.0157,7.6668,7.8861,-2.4017,470017.46,368900.249,-0.1894,江苏,港口,20070426,
601008.SH,连云港,20170525,7.926,7.8861,8.0058,7.7565,8.0556,-2.1041,630507.74,498405.345,-0.1695000000000002,江苏,港口,20070426,
601008.SH,连云港,20170524,7.5671,8.0556,8.0756,7.2979,7.6369,5.4826,692200.25,539583.31,0.4187000000000003,江苏,港口,20070426,
601008.SH,连云港,20170523,7.926,7.6369,8.0855,7.4774,7.9061,-3.405,554918.87,432383.282,-0.26920000000000055,江苏,港口,20070426,
601008.SH,连云港,20170522,8.3547,7.9061,8.3647,7.7864,8.3049,-4.802,628916.23,507809.053,-0.3987999999999996,江苏,港口,20070426,
601008.SH,连云港,20170519,8.7236,8.3049,8.7734,8.2351,8.604,-3.4763,768974.08,649756.1,-0.29909999999999926,江苏,港口,20070426,
601008.SH,连云港,20170518,8.594,8.604,9.0626,8.3846,8.7934,-2.1539,1127929.32,983268.837,-0.1894000000000009,江苏,港口,20070426,
601008.SH,连云港,20170517,8.4145,8.7934,8.9728,8.3049,8.584,2.4394,1403949.28,1226134.671,0.20940000000000047,江苏,港口,20070426,
601008.SH,连云港,20170516,8.5342,8.584,8.6438,7.8762,8.5342,0.5835,1124126.84,931404.635,0.0497999999999994,江苏,港口,20070426,
601008.SH,连云港,20170515,8.7037,8.5342,9.0725,8.4046,8.7037,-1.9474,1253376.48,1092867.837,-0.16949999999999932,江苏,港口,20070426,
601008.SH,连云港,20170512,8.275,8.7037,8.933,8.2151,8.1852,6.3346,1513981.4,1307464.656,0.5184999999999995,江苏,港口,20070426,
601008.SH,连云港,20170511,7.278,8.1852,8.1852,7.2182,7.4375,10.0531,881274.14,690811.398,0.7477,江苏,港口,20070426,
601008.SH,连云港,20170510,8.1653,7.4375,8.2151,7.4175,8.1753,-9.0247,811234.08,641295.531,-0.7378,江苏,港口,20070426,
601008.SH,连云港,20170509,7.936,8.1753,8.2351,7.597,8.0855,1.1106,785765.2,625989.002,0.08980000000000032,江苏,港口,20070426,
601008.SH,连云港,20170508,8.8731,8.0855,9.0127,7.8562,8.7336,-7.4208,1072704.23,899161.889,-0.6480999999999995,江苏,港口,20070426,
601008.SH,连云港,20170505,8.5641,8.7336,9.1423,8.3846,8.6139,1.3896,1133841.32,1005607.272,0.11969999999999992,江苏,港口,20070426,
601008.SH,连云港,20170504,8.5043,8.6139,9.0725,8.275,8.7635,-1.7071,1075043.65,930865.67,-0.1496000000000013,江苏,港口,20070426,
601008.SH,连云港,20170503,8.3348,8.7635,9.2221,8.1852,8.5043,3.0479,1547132.63,1361803.195,0.2591999999999999,江苏,港口,20070426,
601008.SH,连云港,20170502,7.926,8.5043,8.6538,7.7765,7.8662,8.1119,1135392.0,957530.342,0.6381000000000006,江苏,港口,20070426,
601008.SH,连云港,20170428,7.7765,7.8662,8.0157,7.5571,7.6469,2.8678,982507.83,767644.993,0.2193000000000005,江苏,港口,20070426,
601008.SH,连云港,20170427,6.929,7.6469,7.6469,6.7895,6.949,10.0432,726484.8,528388.029,0.6978999999999997,江苏,港口,20070426,
601008.SH,连云港,20170426,6.7396,6.949,6.9589,6.6499,6.8692,1.1617,590131.35,403447.427,0.07979999999999965,江苏,港口,20070426,
601008.SH,连云港,20170425,6.4704,6.8692,7.1683,6.4704,6.9888,-1.7113,755734.06,516064.166,-0.11960000000000015,江苏,港口,20070426,
601008.SH,连云港,20170424,7.2082,6.9888,7.2082,6.9888,7.7665,-10.0135,277130.0,195298.126,-0.7776999999999994,江苏,港口,20070426,
601008.SH,连云港,20170421,8.5541,7.7665,8.5641,7.7665,8.6339,-10.0464,969632.91,795397.789,-0.8674000000000008,江苏,港口,20070426,
601008.SH,连云港,20170420,8.3747,8.6339,8.9031,8.3747,8.245,4.7168,1242464.93,1074107.531,0.38890000000000136,江苏,港口,20070426,
601008.SH,连云港,20170419,8.3049,8.245,8.6139,8.0855,8.4644,-2.592,865710.3,721896.93,-0.21940000000000026,江苏,港口,20070426,
601008.SH,连云港,20170418,8.0855,8.4644,8.6339,7.9759,8.1354,4.0441,1301658.7,1091279.252,0.32899999999999885,江苏,港口,20070426,
601008.SH,连云港,20170417,7.7266,8.1354,8.1653,7.6768,7.8762,3.2909,706713.37,567112.308,0.25920000000000076,江苏,港口,20070426,
601008.SH,连云港,20170414,7.8762,7.8762,8.1952,7.7067,7.9659,-1.126,673190.27,539119.096,-0.08970000000000056,江苏,港口,20070426,
601008.SH,连云港,20170413,7.7864,7.9659,8.4145,7.6369,7.8163,1.9139,792829.57,635746.496,0.1496000000000004,江苏,港口,20070426,
601008.SH,连云港,20170412,8.1753,7.8163,8.2351,7.7765,8.3846,-6.7779,982427.15,790285.618,-0.5683000000000007,江苏,港口,20070426,
601008.SH,连云港,20170411,7.9061,8.3846,8.6638,7.7366,7.946,5.5198,1522311.71,1258516.616,0.438600000000001,江苏,港口,20070426,
601008.SH,连云港,20170410,7.7765,7.946,7.9759,7.6369,7.8662,1.0145,807442.19,635016.43,0.07979999999999965,江苏,港口,20070426,
601008.SH,连云港,20170407,7.9858,7.8662,8.0257,7.6469,8.1852,-3.8973,1086153.36,851924.885,-0.31899999999999995,江苏,港口,20070426,
601008.SH,连云港,20170406,8.0756,8.1852,8.5342,8.0556,8.1354,0.6121,1519424.32,1261834.114,0.0497999999999994,江苏,港口,20070426,
601008.SH,连云港,20170405,7.9061,8.1354,8.2251,7.8263,8.265,-1.5681,1164923.19,937885.505,-0.12959999999999994,江苏,港口,20070426,
601008.SH,连云港,20170331,8.8532,8.265,8.9429,8.265,9.1822,-9.9889,1145485.42,968922.735,-0.9171999999999993,江苏,港口,20070426,
601008.SH,连云港,20170330,8.9728,9.1822,9.5611,8.8532,8.6937,5.619,2472946.79,2296487.492,0.48850000000000016,江苏,港口,20070426,
601008.SH,连云港,20170329,8.0257,8.6937,8.6937,7.8861,7.9061,9.9619,1797772.75,1509603.632,0.7875999999999994,江苏,港口,20070426,
601008.SH,连云港,20170328,8.2849,7.9061,8.2849,7.6369,7.5272,5.0337,2123493.5,1697208.986,0.3789000000000007,江苏,港口,20070426,
601008.SH,连云港,20170327,7.278,7.5272,7.5272,7.1882,6.8393,10.058,678360.1,505237.795,0.6879,江苏,港口,20070426,
601008.SH,连云港,20170324,6.1614,6.8393,6.8393,6.1614,6.2212,9.9354,432098.4,291891.759,0.6181000000000001,江苏,港口,20070426,
601008.SH,连云港,20170323,6.0916,6.2212,6.3109,6.0816,6.2212,0.0,432600.27,268192.332,0.0,江苏,港口,20070426,
601008.SH,连云港,20170322,6.0218,6.2212,6.3807,5.9819,6.0816,2.2954,625542.56,390260.677,0.13959999999999972,江苏,港口,20070426,
601008.SH,连云港,20170321,5.9221,6.0816,6.1713,5.9021,5.932,2.5219,433186.62,263318.356,0.1495999999999995,江苏,港口,20070426,
601008.SH,连云港,20170320,5.8423,5.932,5.942,5.8224,5.8423,1.5354,176046.16,104101.396,0.08970000000000056,江苏,港口,20070426,
601008.SH,连云港,20170317,6.0018,5.8423,6.0018,5.8124,5.9919,-2.4967,283791.04,168125.531,-0.1496000000000004,江苏,港口,20070426,
601008.SH,连云港,20170316,5.7227,5.9919,6.0417,5.7227,5.7027,5.0713,435619.02,260022.383,0.2892000000000001,江苏,港口,20070426,
601008.SH,连云港,20170315,5.7426,5.7027,5.7526,5.6728,5.7526,-0.8674,79109.71,45356.195,-0.049900000000000055,江苏,港口,20070426,
601008.SH,连云港,20170314,5.7526,5.7526,5.8124,5.7127,5.7725,-0.3447,91499.86,52829.854,-0.019899999999999807,江苏,港口,20070426,
601008.SH,连云港,20170313,5.6629,5.7725,5.7725,5.603,5.6828,1.5784,108942.46,62519.944,0.08969999999999967,江苏,港口,20070426,
601008.SH,连云港,20170310,5.7127,5.6828,5.7526,5.6629,5.7326,-0.8687,85443.0,48845.301,-0.0497999999999994,江苏,港口,20070426,
601008.SH,连云港,20170309,5.8523,5.7326,5.8523,5.6928,5.8822,-2.5433,133565.58,77270.923,-0.1496000000000004,江苏,港口,20070426,
601008.SH,连云港,20170308,5.8423,5.8822,5.9021,5.7626,5.8423,0.683,163122.86,95744.885,0.03990000000000027,江苏,港口,20070426,
601008.SH,连云港,20170307,5.7626,5.8423,5.932,5.7227,5.7725,1.2092,160703.07,94165.148,0.06979999999999986,江苏,港口,20070426,
601008.SH,连云港,20170306,5.7027,5.7725,5.7725,5.6828,5.7027,1.224,105333.93,60628.868,0.06979999999999986,江苏,港口,20070426,
601008.SH,连云港,20170303,5.7426,5.7027,5.7825,5.6629,5.7925,-1.5503,146438.62,83889.85,-0.08980000000000032,江苏,港口,20070426,
601008.SH,连云港,20170302,5.8822,5.7925,5.9719,5.7825,5.9021,-1.857,184003.75,108543.452,-0.10959999999999948,江苏,港口,20070426,
601008.SH,连云港,20170301,5.8423,5.9021,5.962,5.8024,5.8722,0.5092,189215.36,111975.159,0.029899999999999594,江苏,港口,20070426,
601008.SH,连云港,20170228,5.8224,5.8722,5.8822,5.7825,5.8224,0.8553,126878.44,74209.685,0.04980000000000029,江苏,港口,20070426,
601008.SH,连云港,20170227,5.9121,5.8224,5.9121,5.8124,5.9021,-1.3504,153588.85,89952.815,-0.07969999999999988,江苏,港口,20070426,
601008.SH,连云港,20170224,5.8623,5.9021,5.932,5.8224,5.8922,0.168,157311.69,92854.011,0.00990000000000002,江苏,港口,20070426,
601008.SH,连云港,20170223,6.0617,5.8922,6.0617,5.8423,6.0816,-3.1143,366155.43,217590.227,-0.1894,江苏,港口,20070426,
601008.SH,连云港,20170222,6.0617,6.0816,6.1414,6.0018,6.1015,-0.3261,269963.56,164207.629,-0.019899999999999807,江苏,港口,20070426,
601008.SH,连云港,20170221,6.1414,6.1015,6.1514,6.0118,6.1713,-1.131,326019.98,198462.534,-0.06979999999999986,江苏,港口,20070426,
601008.SH,连云港,20170220,6.0916,6.1713,6.281,5.9719,5.9919,2.994,540484.47,333362.608,0.17939999999999934,江苏,港口,20070426,
601008.SH,连云港,20170217,5.9121,5.9919,6.3408,5.8523,5.9819,0.1672,650368.97,398006.316,0.009999999999999787,江苏,港口,20070426,
601008.SH,连云港,20170216,5.7725,5.9819,6.0218,5.7626,5.8523,2.2145,447948.5,266436.867,0.12960000000000083,江苏,港口,20070426,
601008.SH,连云港,20170215,5.9021,5.8523,6.0317,5.8024,5.9819,-2.1665,426591.49,252272.106,-0.12960000000000083,江苏,港口,20070426,
601008.SH,连云港,20170214,5.8224,5.9819,6.0417,5.7825,5.8623,2.0402,562974.69,335101.677,0.11960000000000015,江苏,港口,20070426,
601008.SH,连云港,20170213,6.1015,5.8623,6.1813,5.8124,6.0716,-3.4472,887541.4,529348.709,-0.20929999999999982,江苏,港口,20070426,
601008.SH,连云港,20170210,5.4635,6.0716,6.0716,5.4635,5.5233,9.927,710015.87,425492.19,0.5483000000000002,江苏,港口,20070426,
601008.SH,连云港,20170209,5.3438,5.5233,5.5831,5.3139,5.3339,3.5509,257251.18,140379.279,0.1894,江苏,港口,20070426,
601008.SH,连云港,20170208,5.3139,5.3339,5.3339,5.2342,5.3139,0.3764,90245.26,47904.374,0.019999999999999574,江苏,港口,20070426,
601008.SH,连云港,20170207,5.274,5.3139,5.3538,5.2441,5.284,0.5659,93072.58,49567.227,0.029900000000000482,江苏,港口,20070426,
601008.SH,连云港,20170206,5.2242,5.284,5.284,5.2042,5.2242,1.1447,64027.46,33649.57,0.059800000000000075,江苏,港口,20070426,
601008.SH,连云港,20170203,5.284,5.2242,5.3039,5.1943,5.284,-1.1317,47122.0,24719.596,-0.059800000000000075,江苏,港口,20070426,
601008.SH,连云港,20170126,5.284,5.284,5.3239,5.2441,5.284,0.0,57514.12,30435.265,0.0,江苏,港口,20070426,
601008.SH,连云港,20170125,5.3039,5.284,5.3139,5.274,5.3638,-1.4878,84180.24,44635.047,-0.07980000000000054,江苏,港口,20070426,
601008.SH,连云港,20170124,5.3538,5.3638,5.3837,5.2641,5.3339,0.5606,143310.44,76383.645,0.029900000000000482,江苏,港口,20070426,
601008.SH,连云港,20170123,5.1943,5.3339,5.3538,5.1943,5.2242,2.0998,149436.42,79254.41,0.10970000000000013,江苏,港口,20070426,
601008.SH,连云港,20170120,5.0846,5.2242,5.3339,5.0447,5.1245,1.9456,125645.99,65944.218,0.09969999999999946,江苏,港口,20070426,
601008.SH,连云港,20170119,5.1743,5.1245,5.2541,5.1145,5.2142,-1.7203,91253.82,47333.776,-0.08969999999999967,江苏,港口,20070426,
601008.SH,连云港,20170118,5.0846,5.2142,5.4336,5.0547,5.1245,1.7504,160495.14,84632.293,0.08969999999999967,江苏,港口,20070426,
601008.SH,连云港,20170117,5.0547,5.1245,5.1444,4.965,5.0647,1.1807,89063.21,45263.882,0.059800000000000075,江苏,港口,20070426,
601008.SH,连云港,20170116,5.274,5.0647,5.274,4.7855,5.284,-4.1503,155979.65,79975.588,-0.2192999999999996,江苏,港口,20070426,
601008.SH,连云港,20170113,5.4036,5.284,5.4336,5.284,5.4036,-2.2133,113925.0,61073.992,-0.11960000000000015,江苏,港口,20070426,
601008.SH,连云港,20170112,5.5233,5.4036,5.5532,5.3837,5.5432,-2.5184,148951.13,81600.083,-0.13959999999999972,江苏,港口,20070426,
601008.SH,连云港,20170111,5.613,5.5432,5.6529,5.5333,5.613,-1.2435,139409.39,78017.685,-0.06980000000000075,江苏,港口,20070426,
601008.SH,连云港,20170110,5.7326,5.613,5.7426,5.5931,5.7626,-2.5961,221228.14,125653.664,-0.1495999999999995,江苏,港口,20070426,
601008.SH,连云港,20170109,5.6728,5.7626,5.7825,5.633,5.6828,1.4042,279113.07,159974.258,0.07979999999999965,江苏,港口,20070426,
601008.SH,连云港,20170106,5.5731,5.6828,5.7326,5.5532,5.5931,1.6038,316901.11,179551.686,0.08970000000000056,江苏,港口,20070426,
601008.SH,连云港,20170105,5.5632,5.5931,5.6728,5.5432,5.5931,0.0,214449.24,120519.991,0.0,江苏,港口,20070426,
601008.SH,连云港,20170104,5.5033,5.5931,5.613,5.4635,5.5133,1.4474,241935.74,134596.884,0.07979999999999965,江苏,港口,20070426,
601008.SH,连云港,20170103,5.4734,5.5133,5.5632,5.4535,5.4635,0.9115,178603.17,98716.01,0.04980000000000029,江苏,港口,20070426,
601008.SH,连云港,20161230,5.4535,5.4635,5.5432,5.4236,5.4635,0.0,191439.19,105256.491,0.0,江苏,港口,20070426,
601008.SH,连云港,20161229,5.5632,5.4635,5.603,5.4236,5.5632,-1.7921,226110.68,124192.939,-0.09970000000000034,江苏,港口,20070426,
601008.SH,连云港,20161228,5.6629,5.5632,5.7326,5.5233,5.7626,-3.4602,348265.83,195970.942,-0.1993999999999998,江苏,港口,20070426,
601008.SH,连云港,20161227,5.6429,5.7626,6.0517,5.5432,5.7725,-0.1715,621749.22,360036.499,-0.00990000000000002,江苏,港口,20070426,
601008.SH,连云港,20161226,5.3339,5.7725,5.8722,5.284,5.4036,6.8269,465717.92,260235.811,0.3689,江苏,港口,20070426,
601008.SH,连云港,20161223,5.4834,5.4036,5.603,5.3937,5.7027,-5.2449,472453.58,259636.986,-0.29910000000000014,江苏,港口,20070426,
601008.SH,连云港,20161222,6.2212,5.7027,6.2212,5.6928,5.932,-3.8655,903667.24,542454.885,-0.22930000000000028,江苏,港口,20070426,
601008.SH,连云港,20161221,5.4635,5.932,5.932,5.4036,5.3937,9.9802,719231.29,409255.394,0.5383000000000004,江苏,港口,20070426,
601008.SH,连云港,20161220,5.2441,5.3937,5.4336,5.1843,5.2541,2.657,224279.17,120641.598,0.13959999999999972,江苏,港口,20070426,
601008.SH,连云港,20161219,5.2641,5.2541,5.3538,5.2042,5.274,-0.3773,76088.0,40223.681,-0.019899999999999807,江苏,港口,20070426,
601008.SH,连云港,20161216,5.1743,5.274,5.3339,5.1644,5.1943,1.5344,101519.06,53748.514,0.07969999999999988,江苏,港口,20070426,
601008.SH,连云港,20161215,5.1046,5.1943,5.2441,5.1046,5.1345,1.1647,104958.33,54630.285,0.059800000000000075,江苏,港口,20070426,
601008.SH,连云港,20161214,5.1345,5.1345,5.2342,5.0647,5.1444,-0.1924,92368.25,47572.724,-0.00990000000000002,江苏,港口,20070426,
601008.SH,连云港,20161213,5.1245,5.1444,5.1644,5.0447,5.1245,0.3883,103896.38,53188.357,0.019899999999999807,江苏,港口,20070426,
601008.SH,连云港,20161212,5.4136,5.1245,5.4136,5.1046,5.3737,-4.6374,148159.35,78035.982,-0.2492000000000001,江苏,港口,20070426,
601008.SH,连云港,20161209,5.4236,5.3737,5.4435,5.1843,5.4635,-1.6436,144639.78,77927.258,-0.08979999999999944,江苏,港口,20070426,
601008.SH,连云港,20161208,5.3737,5.4635,5.5233,5.3339,5.3837,1.4823,182446.37,99345.446,0.07979999999999965,江苏,港口,20070426,
601008.SH,连云港,20161207,5.3039,5.3837,5.3837,5.2541,5.294,1.6944,99413.68,53009.921,0.08970000000000056,江苏,港口,20070426,
601008.SH,连云港,20161206,5.284,5.294,5.3139,5.274,5.2641,0.568,57592.66,30593.823,0.029899999999999594,江苏,港口,20070426,
601008.SH,连云港,20161205,5.3039,5.2641,5.3438,5.2441,5.3438,-1.4914,98565.97,52348.768,-0.07969999999999988,江苏,港口,20070426,
601008.SH,连云港,20161202,5.5233,5.3438,5.5233,5.3339,5.5133,-3.0744,156903.15,85118.424,-0.1695000000000002,江苏,港口,20070426,
601008.SH,连云港,20161201,5.5033,5.5133,5.5333,5.4635,5.4734,0.729,133818.69,73823.113,0.03990000000000027,江苏,港口,20070426,
601008.SH,连云港,20161130,5.5033,5.4734,5.5931,5.4435,5.5333,-1.0825,134881.3,74470.401,-0.05989999999999984,江苏,港口,20070426,
601008.SH,连云港,20161129,5.5731,5.5333,5.5831,5.4934,5.613,-1.4199,216487.29,120153.959,-0.07970000000000077,江苏,港口,20070426,
601008.SH,连云港,20161128,5.5033,5.613,5.6629,5.4734,5.5033,1.9933,297029.83,166700.637,0.10970000000000013,江苏,港口,20070426,
601008.SH,连云港,20161125,5.5033,5.5033,5.5133,5.3638,5.5033,0.0,220124.94,120025.045,0.0,江苏,港口,20070426,
601008.SH,连云港,20161124,5.5033,5.5033,5.5532,5.4734,5.5133,-0.1814,190108.7,105095.506,-0.009999999999999787,江苏,港口,20070426,
601008.SH,连云港,20161123,5.6828,5.5133,5.6828,5.4734,5.6629,-2.6418,343447.85,190971.444,-0.1495999999999995,江苏,港口,20070426,
601008.SH,连云港,20161122,5.633,5.6629,5.6828,5.613,5.633,0.5308,270784.43,153558.217,0.029899999999999594,江苏,港口,20070426,
601008.SH,连云港,20161121,5.5831,5.633,5.6828,5.5532,5.6429,-0.1754,335140.72,188762.255,-0.00990000000000002,江苏,港口,20070426,
601008.SH,连云港,20161118,5.7027,5.6429,5.7825,5.613,5.8523,-3.5781,430245.27,244886.515,-0.2093999999999996,江苏,港口,20070426,
601008.SH,连云港,20161117,6.0617,5.8523,6.2112,5.8024,6.2112,-5.7783,752781.31,450266.738,-0.3589000000000002,江苏,港口,20070426,
601008.SH,连云港,20161116,6.0317,6.2112,6.5502,5.8124,6.0118,3.3168,1227679.07,765886.606,0.1993999999999998,江苏,港口,20070426,
601008.SH,连云港,20161115,6.0118,6.0118,6.0118,6.0118,5.4635,10.0357,348179.48,209952.226,0.5483000000000002,江苏,港口,20070426,
601008.SH,连云港,20161114,5.3239,5.4635,5.6529,5.2441,5.3438,2.24,542644.33,294346.517,0.11969999999999992,江苏,港口,20070426,
601008.SH,连云港,20161111,5.1046,5.3438,5.4435,5.0746,5.1145,4.4833,515930.51,274070.804,0.22930000000000028,江苏,港口,20070426,
601008.SH,连云港,20161110,5.0348,5.1145,5.1145,5.0348,5.0248,1.7851,176087.67,89806.987,0.08969999999999967,江苏,港口,20070426,
601008.SH,连云港,20161109,5.0248,5.0248,5.0447,4.955,5.0248,0.0,119788.35,60306.48,0.0,江苏,港口,20070426,
601008.SH,连云港,20161108,5.0148,5.0248,5.0447,4.9949,5.0049,0.3976,106622.73,53735.713,0.019899999999999807,江苏,港口,20070426,
601008.SH,连云港,20161107,5.0148,5.0049,5.0348,4.9849,4.9949,0.2002,45467.13,22812.466,0.009999999999999787,江苏,港口,20070426,
601008.SH,连云港,20161104,4.9949,4.9949,5.0049,4.965,4.9949,0.0,76251.44,38133.568,0.0,江苏,港口,20070426,
601008.SH,连云港,20161103,4.9251,4.9949,5.0049,4.9251,4.945,1.0091,77934.9,38899.812,0.049900000000000055,江苏,港口,20070426,
601008.SH,连云港,20161102,4.945,4.945,4.9849,4.9351,4.9749,-0.601,49100.83,24414.85,-0.029899999999999594,江苏,港口,20070426,
601008.SH,连云港,20161101,4.955,4.9749,4.9849,4.9351,4.945,0.6047,51930.78,25828.513,0.029899999999999594,江苏,港口,20070426,
601008.SH,连云港,20161031,4.945,4.945,4.9749,4.9251,4.955,-0.2018,39745.43,19725.119,-0.009999999999999787,江苏,港口,20070426,
601008.SH,连云港,20161028,4.9949,4.955,5.0248,4.945,4.9949,-0.7988,53736.0,26892.952,-0.03990000000000027,江苏,港口,20070426,
601008.SH,连云港,20161027,5.0049,4.9949,5.0049,4.9749,5.0049,-0.1998,51033.78,25551.573,-0.009999999999999787,江苏,港口,20070426,
601008.SH,连云港,20161026,5.0049,5.0049,5.0148,4.9849,5.0148,-0.1974,79288.26,39760.898,-0.00990000000000002,江苏,港口,20070426,
601008.SH,连云港,20161025,5.0447,5.0148,5.0547,4.9849,5.0547,-0.7894,89862.85,45216.148,-0.03990000000000027,江苏,港口,20070426,
601008.SH,连云港,20161024,4.9749,5.0547,5.0946,4.965,5.0049,0.995,165435.59,83448.326,0.04980000000000029,江苏,港口,20070426,
601008.SH,连云港,20161021,5.0148,5.0049,5.0946,4.9749,5.0248,-0.396,122752.19,61908.121,-0.019899999999999807,江苏,港口,20070426,
601008.SH,连云港,20161020,4.9949,5.0248,5.0348,4.9749,4.9849,0.8004,83285.9,41785.411,0.03990000000000027,江苏,港口,20070426,
601008.SH,连云港,20161019,4.9849,4.9849,5.0148,4.965,5.0049,-0.3996,73208.39,36625.891,-0.020000000000000462,江苏,港口,20070426,
601008.SH,连云港,20161018,4.9151,5.0049,5.0348,4.8852,4.9052,2.0325,102389.91,51112.084,0.09970000000000034,江苏,港口,20070426,
601008.SH,连云港,20161017,4.945,4.9052,4.9749,4.8852,4.9351,-0.6059,57307.58,28405.258,-0.029900000000000482,江苏,港口,20070426,
601008.SH,连云港,20161014,4.9351,4.9351,4.9351,4.8952,4.9251,0.203,47397.49,23355.979,0.010000000000000675,江苏,港口,20070426,
601008.SH,连云港,20161013,4.945,4.9251,4.945,4.9052,4.9351,-0.2026,44088.65,21775.2,-0.010000000000000675,江苏,港口,20070426,
601008.SH,连云港,20161012,4.9052,4.9351,4.9351,4.8752,4.9151,0.4069,56111.78,27657.768,0.020000000000000462,江苏,港口,20070426,
601008.SH,连云港,20161011,4.8852,4.9151,4.9151,4.8653,4.8752,0.8184,47112.9,23143.4,0.03989999999999938,江苏,港口,20070426,
601008.SH,连云港,20161010,4.8354,4.8752,4.8952,4.8154,4.8154,1.2418,56354.6,27511.82,0.059800000000000075,江苏,港口,20070426,
601008.SH,连云港,20160930,4.7755,4.8154,4.8154,4.7755,4.7855,0.6248,25838.31,12458.315,0.029900000000000482,江苏,港口,20070426,
601008.SH,连云港,20160929,4.7855,4.7855,4.8154,4.7755,4.7855,0.0,30762.51,14804.215,0.0,江苏,港口,20070426,
601008.SH,连云港,20160928,4.8154,4.7855,4.8154,4.7556,4.8055,-0.4162,28424.43,13629.174,-0.020000000000000462,江苏,港口,20070426,
601008.SH,连云港,20160927,4.8154,4.8055,4.8354,4.7556,4.8055,0.0,43495.32,20873.298,0.0,江苏,港口,20070426,
601008.SH,连云港,20160926,4.8852,4.8055,4.8852,4.8055,4.8752,-1.4297,51436.03,25017.968,-0.0697000000000001,江苏,港口,20070426,
601008.SH,连云港,20160923,4.8752,4.8752,4.9251,4.8653,4.8752,0.0,74013.55,36384.838,0.0,江苏,港口,20070426,
601008.SH,连云港,20160922,4.8553,4.8752,4.9151,4.8553,4.8553,0.4099,53792.0,26380.35,0.019900000000000695,江苏,港口,20070426,
601008.SH,连云港,20160921,4.8453,4.8553,4.8752,4.8254,4.8354,0.4115,45476.01,22133.369,0.019899999999999807,江苏,港口,20070426,
601008.SH,连云港,20160920,4.8653,4.8354,4.8653,4.8055,4.8653,-0.6146,42685.1,20682.59,-0.029900000000000482,江苏,港口,20070426,
601008.SH,连云港,20160919,4.8354,4.8653,4.8852,4.8254,4.8354,0.6184,50037.62,24356.078,0.029900000000000482,江苏,港口,20070426,
601008.SH,连云港,20160914,4.8254,4.8354,4.8553,4.7955,4.8553,-0.4099,32011.71,15505.927,-0.019899999999999807,江苏,港口,20070426,
601008.SH,连云港,20160913,4.8254,4.8553,4.8752,4.8254,4.8154,0.8286,37513.18,18227.152,0.03989999999999938,江苏,港口,20070426,
601008.SH,连云港,20160912,4.9351,4.8154,4.945,4.7955,4.9749,-3.2061,95604.23,46638.645,-0.15949999999999953,江苏,港口,20070426,
601008.SH,连云港,20160909,4.9749,4.9749,5.0148,4.9749,4.9749,0.0,76651.48,38413.301,0.0,江苏,港口,20070426,
601008.SH,连云港,20160908,4.9949,4.9749,5.0148,4.965,4.9849,-0.2006,42325.4,21154.324,-0.009999999999999787,江苏,港口,20070426,
601008.SH,连云港,20160907,4.945,4.9849,5.0049,4.9351,4.945,0.8069,103594.25,51710.792,0.03989999999999938,江苏,港口,20070426,
601008.SH,连云港,20160906,4.9052,4.945,4.945,4.8653,4.8952,1.0173,48866.81,24073.722,0.04980000000000029,江苏,港口,20070426,
601008.SH,连云港,20160905,4.8852,4.8952,4.9251,4.8653,4.8852,0.2047,42923.88,21127.57,0.009999999999999787,江苏,港口,20070426,
601008.SH,连云港,20160902,4.8752,4.8852,4.9052,4.8553,4.9151,-0.6083,71618.25,35032.617,-0.029899999999999594,江苏,港口,20070426,
601008.SH,连云港,20160901,4.9749,4.9151,5.0547,4.8952,4.965,-1.005,105125.14,52507.74,-0.049900000000000055,江苏,港口,20070426,
601008.SH,连云港,20160831,4.9849,4.965,4.9949,4.9151,4.9949,-0.5986,49851.79,24772.407,-0.029900000000000482,江苏,港口,20070426,
601008.SH,连云港,20160830,4.9849,4.9949,5.0049,4.955,4.9749,0.402,47201.38,23618.821,0.020000000000000462,江苏,港口,20070426,
601008.SH,连云港,20160829,4.9351,4.9749,5.0148,4.9052,4.9351,0.8065,68024.05,33961.632,0.03979999999999961,江苏,港口,20070426,
601008.SH,连云港,20160826,4.9351,4.9351,4.965,4.9151,4.9351,0.0,47074.52,23324.179,0.0,江苏,港口,20070426,
601008.SH,连云港,20160825,4.965,4.9351,4.9949,4.8852,4.9949,-1.1972,66126.4,32660.787,-0.059800000000000075,江苏,港口,20070426,
601008.SH,连云港,20160824,4.9849,4.9949,5.0248,4.9749,4.9849,0.2006,52620.3,26392.547,0.010000000000000675,江苏,港口,20070426,
601008.SH,连云港,20160823,4.945,4.9849,5.0248,4.9351,4.955,0.6034,75661.22,37885.35,0.029899999999999594,江苏,港口,20070426,
601008.SH,连云港,20160822,5.0148,4.955,5.0148,4.945,5.0248,-1.3891,69653.0,34827.901,-0.06979999999999986,江苏,港口,20070426,
601008.SH,连云港,20160819,5.0447,5.0248,5.0447,4.9749,5.0547,-0.5915,110677.39,55606.844,-0.029900000000000482,江苏,港口,20070426,
601008.SH,连云港,20160818,5.0348,5.0547,5.1046,4.9849,5.0248,0.595,194507.25,98362.979,0.029900000000000482,江苏,港口,20070426,
601008.SH,连云港,20160817,4.9849,5.0248,5.0348,4.955,4.9749,1.003,109870.84,54946.598,0.049900000000000055,江苏,港口,20070426,
601008.SH,连云港,20160816,5.0049,4.9749,5.0148,4.965,4.9949,-0.4004,117029.33,58474.719,-0.020000000000000462,江苏,港口,20070426,
601008.SH,连云港,20160815,4.9151,4.9949,5.0148,4.9052,4.9251,1.4172,128508.6,64155.043,0.06980000000000075,江苏,港口,20070426,
601008.SH,连云港,20160812,4.9052,4.9251,4.9251,4.8553,4.8653,1.2291,59733.02,29293.778,0.05979999999999919,江苏,港口,20070426,
601008.SH,连云港,20160811,4.945,4.8653,4.965,4.8553,4.965,-2.0081,69294.24,34100.016,-0.09969999999999946,江苏,港口,20070426,
601008.SH,连云港,20160810,4.8653,4.965,5.0148,4.8653,4.8952,1.4259,130117.57,64565.691,0.06979999999999986,江苏,港口,20070426,
601008.SH,连云港,20160809,4.9052,4.8952,4.9151,4.8354,4.8852,0.2047,60119.99,29414.087,0.009999999999999787,江苏,港口,20070426,
601008.SH,连云港,20160808,4.8254,4.8852,4.8852,4.7955,4.8254,1.2393,67686.81,32917.196,0.059800000000000075,江苏,港口,20070426,
601008.SH,连云港,20160805,4.8055,4.8254,4.9351,4.7755,4.8055,0.4141,55621.86,27070.891,0.019899999999999807,江苏,港口,20070426,
601008.SH,连云港,20160804,4.7955,4.8055,4.8154,4.7556,4.7955,0.2085,40362.81,19402.902,0.010000000000000675,江苏,港口,20070426,
601008.SH,连云港,20160803,4.7656,4.7955,4.8254,4.7357,4.7656,0.6274,43165.01,20749.078,0.029899999999999594,江苏,港口,20070426,
601008.SH,连云港,20160802,4.7357,4.7656,4.7755,4.7357,4.7357,0.6314,26459.0,12605.407,0.029900000000000482,江苏,港口,20070426,
601008.SH,连云港,20160801,4.8154,4.7357,4.8354,4.6958,4.8154,-1.6551,52104.64,24759.264,-0.07970000000000077,江苏,港口,20070426,
601008.SH,连云港,20160729,4.8752,4.8154,4.8852,4.7955,4.8752,-1.2266,44574.32,21627.931,-0.059800000000000075,江苏,港口,20070426,
601008.SH,连云港,20160728,4.8154,4.8752,4.9351,4.8154,4.8752,0.0,82427.38,40175.61,0.0,江苏,港口,20070426,
601008.SH,连云港,20160727,5.0148,4.8752,5.1345,4.8154,5.0148,-2.7838,175630.83,88133.999,-0.13959999999999972,江苏,港口,20070426,
601008.SH,连云港,20160726,4.9749,5.0148,5.0148,4.9749,4.955,1.2069,56760.07,28445.098,0.059800000000000075,江苏,港口,20070426,
601008.SH,连云港,20160725,4.9251,4.955,4.9849,4.9151,4.9251,0.6071,46367.96,23006.235,0.029900000000000482,江苏,港口,20070426,
601008.SH,连云港,20160722,5.0348,4.9251,5.0348,4.9151,5.0248,-1.9842,84156.1,41941.144,-0.09970000000000034,江苏,港口,20070426,
601008.SH,连云港,20160721,5.0248,5.0248,5.0647,5.0148,5.0248,0.0,50813.41,25683.937,0.0,江苏,港口,20070426,
601008.SH,连云港,20160720,5.0348,5.0248,5.0746,5.0148,5.0547,-0.5915,65015.49,32874.018,-0.029900000000000482,江苏,港口,20070426,
601008.SH,连云港,20160719,5.0148,5.0547,5.0846,5.0148,5.0447,0.1982,58702.66,29740.757,0.010000000000000675,江苏,港口,20070426,
601008.SH,连云港,20160718,5.0148,5.0447,5.0946,4.9949,5.0248,0.396,84098.35,42617.803,0.019899999999999807,江苏,港口,20070426,
601008.SH,连云港,20160715,5.0348,5.0248,5.0846,5.0148,5.0647,-0.7878,84881.38,42936.669,-0.03990000000000027,江苏,港口,20070426,
601008.SH,连云港,20160714,5.0647,5.0647,5.1145,5.0348,5.0647,0.0,82114.9,41768.76,0.0,江苏,港口,20070426,
601008.SH,连云港,20160713,5.0846,5.0647,5.1245,5.0547,5.0746,-0.1951,129553.38,66108.55,-0.00990000000000002,江苏,港口,20070426,
601008.SH,连云港,20160712,5.0547,5.0746,5.0946,5.0049,5.0846,-0.1967,147733.46,74851.209,-0.009999999999999787,江苏,港口,20070426,
601008.SH,连云港,20160711,5.0746,5.0846,5.1743,5.0049,5.1644,-1.5452,235620.32,120111.292,-0.07979999999999965,江苏,港口,20070426,
601008.SH,连云港,20160708,4.965,5.1644,5.3039,4.8952,4.9749,3.8091,288410.64,147328.498,0.18949999999999978,江苏,港口,20070426,
601008.SH,连云港,20160707,4.9949,4.9749,5.0447,4.945,5.0049,-0.5994,96496.56,48259.702,-0.03000000000000025,江苏,港口,20070426,
601008.SH,连云港,20160706,5.0348,5.0049,5.0348,4.945,5.0746,-1.3735,175776.05,87696.402,-0.0697000000000001,江苏,港口,20070426,
601008.SH,连云港,20160705,4.8354,5.0746,5.1145,4.8154,4.8254,5.1643,332324.4,166665.155,0.2492000000000001,江苏,港口,20070426,
601008.SH,连云港,20160704,4.6958,4.8254,4.8354,4.6958,4.7257,2.1097,100849.11,48471.634,0.09970000000000034,江苏,港口,20070426,
601008.SH,连云港,20160701,4.7257,4.7257,4.7556,4.7157,4.7257,0.0,42399.17,20141.181,0.0,江苏,港口,20070426,
601008.SH,连云港,20160630,4.7656,4.7257,4.7656,4.6958,4.7556,-0.6287,48326.58,22937.923,-0.029900000000000482,江苏,港口,20070426,
601008.SH,连云港,20160629,4.7357,4.7556,4.7955,4.6958,4.7456,0.2107,93641.11,44646.186,0.010000000000000675,江苏,港口,20070426,
601008.SH,连云港,20160628,4.6459,4.7456,4.8653,4.5761,4.6459,2.146,119587.88,56635.46,0.09969999999999946,江苏,港口,20070426,
601008.SH,连云港,20160627,4.5363,4.6459,4.6559,4.5064,4.5861,1.3039,44881.59,20760.54,0.059800000000000075,江苏,港口,20070426,
601008.SH,连云港,20160624,4.6659,4.5861,4.6958,4.3867,4.6559,-1.4992,60382.03,27816.42,-0.06979999999999986,江苏,港口,20070426,
601008.SH,连云港,20160623,4.6958,4.6559,4.6958,4.626,4.6958,-0.8497,37999.47,17743.496,-0.03990000000000027,江苏,港口,20070426,
601008.SH,连云港,20160622,4.616,4.6958,4.6958,4.616,4.636,1.2899,35349.75,16526.375,0.059800000000000075,江苏,港口,20070426,
601008.SH,连云港,20160621,4.6659,4.636,4.7257,4.626,4.6459,-0.2131,50286.5,23600.986,-0.00990000000000002,江苏,港口,20070426,
601008.SH,连云港,20160620,4.6758,4.6459,4.6958,4.616,4.6858,-0.8515,33718.89,15733.903,-0.03990000000000027,江苏,港口,20070426,
601008.SH,连云港,20160617,4.6559,4.6858,4.7058,4.6559,4.636,1.0742,59970.44,28172.646,0.04980000000000029,江苏,港口,20070426,
601008.SH,连云港,20160616,4.6858,4.636,4.6958,4.616,4.6958,-1.2735,55626.95,25974.891,-0.059800000000000075,江苏,港口,20070426,
601008.SH,连云港,20160615,4.5263,4.6958,4.7058,4.4864,4.5861,2.392,64745.89,30208.344,0.10970000000000013,江苏,港口,20070426,
601008.SH,连云港,20160614,4.5363,4.5861,4.6061,4.5363,4.5761,0.2185,36636.2,16795.527,0.009999999999999787,江苏,港口,20070426,
601008.SH,连云港,20160613,4.7157,4.5761,4.7357,4.5562,4.7855,-4.3757,58757.96,27480.789,-0.2093999999999996,江苏,港口,20070426,
601008.SH,连云港,20160608,4.8354,4.7855,4.8354,4.7456,4.8453,-1.2342,49704.11,23868.055,-0.059800000000000075,江苏,港口,20070426,
601008.SH,连云港,20160607,4.8453,4.8453,4.8752,4.7855,4.8354,0.2047,47769.96,23073.724,0.00990000000000002,江苏,港口,20070426,
601008.SH,连云港,20160606,4.8453,4.8354,4.9052,4.8055,4.8354,0.0,56655.23,27540.337,0.0,江苏,港口,20070426,
601008.SH,连云港,20160603,4.8254,4.8354,4.8553,4.7755,4.8254,0.2072,62411.99,30168.774,0.009999999999999787,江苏,港口,20070426,
601008.SH,连云港,20160602,4.8055,4.8254,4.8354,4.7656,4.8354,-0.2068,69170.16,33323.453,-0.009999999999999787,江苏,港口,20070426,
601008.SH,连云港,20160601,4.8055,4.8354,4.9849,4.7656,4.7955,0.832,107525.5,52623.965,0.03990000000000027,江苏,港口,20070426,
601008.SH,连云港,20160531,4.6461,4.795,4.8049,4.6461,4.6461,3.2048,100945.65,48355.378,0.14890000000000025,江苏,港口,20070426,
601008.SH,连云港,20160530,4.6064,4.6461,4.6858,4.527,4.6064,0.8618,61619.88,28775.857,0.039699999999999847,江苏,港口,20070426,
601008.SH,连云港,20160527,4.6064,4.6064,4.6263,4.5667,4.6064,0.0,29726.95,13759.457,0.0,江苏,港口,20070426,
601008.SH,连云港,20160526,4.5667,4.6064,4.6362,4.517,4.5965,0.2154,36123.23,16606.933,0.00990000000000002,江苏,港口,20070426,
601008.SH,连云港,20160525,4.6163,4.5965,4.656,4.5766,4.5965,0.0,28486.52,13258.446,0.0,江苏,港口,20070426,
601008.SH,连云港,20160524,4.6759,4.5965,4.6759,4.5766,4.6759,-1.6981,32085.26,14904.124,-0.07940000000000058,江苏,港口,20070426,
601008.SH,连云港,20160523,4.6263,4.6759,4.6858,4.5965,4.6163,1.2911,40780.45,19120.261,0.05960000000000054,江苏,港口,20070426,
601008.SH,连云港,20160520,4.5766,4.6163,4.6362,4.4873,4.5865,0.6497,41805.55,19258.04,0.029799999999999827,江苏,港口,20070426,
601008.SH,连云港,20160519,4.5965,4.5865,4.656,4.5667,4.5766,0.2163,47653.8,22132.537,0.00990000000000002,江苏,港口,20070426,
601008.SH,连云港,20160518,4.7057,4.5766,4.7156,4.5468,4.7454,-3.5571,65488.11,30396.711,-0.16880000000000006,江苏,港口,20070426,
601008.SH,连云港,20160517,4.7752,4.7454,4.795,4.7156,4.7851,-0.8297,52376.33,25126.95,-0.039699999999999847,江苏,港口,20070426,
601008.SH,连云港,20160516,4.7652,4.7851,4.7851,4.7057,4.7652,0.4176,62986.44,30164.411,0.019899999999999807,江苏,港口,20070426,
601008.SH,连云港,20160513,4.7057,4.7652,4.8149,4.6759,4.7255,0.8401,100970.51,48412.836,0.039699999999999847,江苏,港口,20070426,
601008.SH,连云港,20160512,4.7057,4.7255,4.7454,4.6163,4.6957,0.6346,81581.16,38551.698,0.029799999999999827,江苏,港口,20070426,
601008.SH,连云港,20160511,4.7255,4.6957,4.7355,4.6461,4.7156,-0.422,57783.52,27355.448,-0.019899999999999807,江苏,港口,20070426,
601008.SH,连云港,20160510,4.656,4.7156,4.7553,4.6461,4.666,1.063,70570.75,33370.845,0.049599999999999866,江苏,港口,20070426,
601008.SH,连云港,20160509,4.8546,4.666,4.8546,4.656,4.8844,-4.4714,107376.32,51086.947,-0.21839999999999993,江苏,港口,20070426,
601008.SH,连云港,20160506,5.0631,4.8844,5.0829,4.8744,5.0829,-3.9053,97932.32,48983.69,-0.19850000000000012,江苏,港口,20070426,
601008.SH,连云港,20160505,5.0928,5.0829,5.1028,5.0333,5.0928,-0.1944,64592.72,32958.153,-0.00990000000000002,江苏,港口,20070426,
601008.SH,连云港,20160504,5.0829,5.0928,5.1326,5.0432,5.073,0.3903,94931.56,48827.684,0.01980000000000004,江苏,港口,20070426,
601008.SH,连云港,20160503,4.9142,5.073,5.0829,4.8844,4.9241,3.0239,108345.67,54776.711,0.14890000000000025,江苏,港口,20070426,
601008.SH,连云港,20160429,4.9042,4.9241,4.9539,4.9042,4.9539,-0.6015,49552.75,24574.892,-0.029799999999999827,江苏,港口,20070426,
601008.SH,连云港,20160428,5.0035,4.9539,5.0134,4.8744,5.0035,-0.9913,61691.38,30722.031,-0.049599999999999866,江苏,港口,20070426,
601008.SH,连云港,20160427,5.0134,5.0035,5.0631,4.9836,5.0134,-0.1975,69592.75,35188.02,-0.00990000000000002,江苏,港口,20070426,
601008.SH,连云港,20160426,4.9539,5.0134,5.0234,4.9539,4.9836,0.598,64028.26,32174.252,0.029799999999999827,江苏,港口,20070426,
601008.SH,连云港,20160425,5.0134,4.9836,5.0134,4.9042,5.0234,-0.7923,60813.83,30364.759,-0.03979999999999961,江苏,港口,20070426,
601008.SH,连云港,20160422,5.0234,5.0234,5.0631,4.9439,5.0631,-0.7841,130993.83,65934.955,-0.039700000000000735,江苏,港口,20070426,
601008.SH,连云港,20160421,5.1425,5.0631,5.1524,5.0531,5.1425,-1.544,95301.47,48966.155,-0.07939999999999969,江苏,港口,20070426,
601008.SH,连云港,20160420,5.4105,5.1425,5.4403,5.0134,5.4105,-4.9533,153354.95,80187.286,-0.2679999999999998,江苏,港口,20070426,
601008.SH,连云港,20160419,5.3907,5.4105,5.4502,5.351,5.3907,0.3673,70075.09,38182.863,0.01980000000000004,江苏,港口,20070426,
601008.SH,连云港,20160418,5.4403,5.3907,5.4403,5.3212,5.4502,-1.0917,96012.96,51997.678,-0.059499999999999886,江苏,港口,20070426,
601008.SH,连云港,20160415,5.5197,5.4502,5.5396,5.4304,5.5197,-1.2591,119910.53,66164.92,-0.06950000000000056,江苏,港口,20070426,
601008.SH,连云港,20160414,5.5793,5.5197,5.5892,5.4701,5.4999,0.36,144785.87,80546.603,0.01980000000000004,江苏,港口,20070426,
601008.SH,连云港,20160413,5.4006,5.4999,5.619,5.4006,5.3807,2.2153,264154.74,146957.393,0.1192000000000002,江苏,港口,20070426,
601008.SH,连云港,20160412,5.3907,5.3807,5.4205,5.341,5.4006,-0.3685,108291.88,58666.838,-0.019899999999999807,江苏,港口,20070426,
601008.SH,连云港,20160411,5.341,5.4006,5.4304,5.341,5.3113,1.6813,111404.63,60517.028,0.08929999999999971,江苏,港口,20070426,
601008.SH,连云港,20160408,5.341,5.3113,5.4105,5.2517,5.4105,-1.8335,129653.7,69225.77,-0.09919999999999973,江苏,港口,20070426,
601008.SH,连云港,20160407,5.49,5.4105,5.5197,5.3907,5.49,-1.4481,187857.34,103155.972,-0.07950000000000035,江苏,港口,20070426,
601008.SH,连云港,20160406,5.4602,5.49,5.4999,5.4105,5.5098,-0.3594,207030.89,113764.34,-0.01980000000000004,江苏,港口,20070426,
601008.SH,连云港,20160405,5.48,5.5098,5.5297,5.3212,5.4701,0.7258,269398.44,147834.247,0.039699999999999847,江苏,港口,20070426,
601008.SH,连云港,20160401,5.6091,5.4701,5.6389,5.3609,5.6984,-4.0064,326496.95,180456.575,-0.22829999999999995,江苏,港口,20070426,
601008.SH,连云港,20160331,5.4205,5.6984,5.8176,5.4105,5.4602,4.3625,531548.0,303574.602,0.23819999999999997,江苏,港口,20070426,
601008.SH,连云港,20160330,5.2616,5.4602,5.4701,5.212,5.3212,2.6122,417675.3,225499.415,0.13900000000000023,江苏,港口,20070426,
601008.SH,连云港,20160329,5.2616,5.3212,5.5297,5.2616,5.1723,2.8788,498562.24,270172.333,0.14890000000000025,江苏,港口,20070426,
601008.SH,连云港,20160328,5.1921,5.1723,5.2616,5.1425,5.1822,-0.191,163409.27,85786.482,-0.00990000000000002,江苏,港口,20070426,
601008.SH,连云港,20160325,5.1524,5.1822,5.3113,5.1326,5.1226,1.1635,202528.04,106047.51,0.05959999999999965,江苏,港口,20070426,
601008.SH,连云港,20160324,5.1127,5.1226,5.212,5.0234,5.1425,-0.387,217078.69,112269.855,-0.019899999999999807,江苏,港口,20070426,
601008.SH,连云港,20160323,5.1127,5.1425,5.1623,5.0829,5.1127,0.5829,103637.23,53466.788,0.029799999999999827,江苏,港口,20070426,
601008.SH,连云港,20160322,5.1623,5.1127,5.1623,5.0829,5.1921,-1.5292,122730.98,63341.723,-0.07939999999999969,江苏,港口,20070426,
601008.SH,连云港,20160321,5.1127,5.1921,5.2219,5.0928,5.0829,2.1484,189403.99,98310.364,0.10919999999999952,江苏,港口,20070426,
601008.SH,连云港,20160318,4.934,5.0829,5.1028,4.934,4.9241,3.225,158397.97,80373.389,0.15880000000000027,江苏,港口,20070426,
601008.SH,连云港,20160317,4.8447,4.9241,4.9539,4.8248,4.8149,2.268,99580.65,49201.096,0.10920000000000041,江苏,港口,20070426,
601008.SH,连云港,20160316,4.8943,4.8149,4.9142,4.7652,4.8744,-1.2207,63935.14,31159.83,-0.059499999999999886,江苏,港口,20070426,
601008.SH,连云港,20160315,4.8744,4.8744,4.9439,4.8447,4.8943,-0.4066,79835.44,39304.978,-0.019900000000000695,江苏,港口,20070426,
601008.SH,连云港,20160314,4.7652,4.8943,4.9737,4.7652,4.7355,3.3534,100852.56,49796.89,0.15880000000000027,江苏,港口,20070426,
601008.SH,连云港,20160311,4.7553,4.7355,4.795,4.6957,4.7851,-1.0366,66160.09,31551.334,-0.049599999999999866,江苏,港口,20070426,
601008.SH,连云港,20160310,4.9042,4.7851,4.9439,4.7752,4.9042,-2.4285,90491.39,44189.411,-0.11910000000000043,江苏,港口,20070426,
601008.SH,连云港,20160309,4.9439,4.9042,5.0234,4.8645,5.1326,-4.45,139012.0,69054.872,-0.22839999999999971,江苏,港口,20070426,
601008.SH,连云港,20160308,4.9539,5.1326,5.3212,4.7454,4.9836,2.9898,239515.65,121529.264,0.14900000000000002,江苏,港口,20070426,
601008.SH,连云港,20160307,4.9439,4.9836,5.0234,4.9142,4.9042,1.619,107342.69,53753.327,0.07939999999999969,江苏,港口,20070426,
601008.SH,连云港,20160304,4.9042,4.9042,5.0432,4.7156,4.9042,0.0,146575.88,72352.99,0.0,江苏,港口,20070426,
601008.SH,连云港,20160303,4.8546,4.9042,5.0035,4.8248,4.8645,0.8161,128307.7,63512.986,0.039700000000000735,江苏,港口,20070426,
601008.SH,连云港,20160302,4.6263,4.8645,4.8943,4.6263,4.6163,5.3766,110061.46,52946.023,0.24819999999999975,江苏,港口,20070426,
601008.SH,连云港,20160301,4.5965,4.6163,4.6461,4.4674,4.5369,1.7501,61174.6,28209.814,0.07939999999999969,江苏,港口,20070426,
601008.SH,连云港,20160229,4.7553,4.5369,4.7553,4.4476,4.7652,-4.791,89797.98,40964.945,-0.22829999999999995,江苏,港口,20070426,
601008.SH,连云港,20160226,4.7752,4.7652,4.8347,4.656,4.7553,0.2082,97552.19,46801.087,0.00990000000000002,江苏,港口,20070426,
601008.SH,连云港,20160225,5.1921,4.7553,5.2219,4.7057,5.2318,-9.1078,131571.27,65968.54,-0.4764999999999997,江苏,港口,20070426,
601008.SH,连云港,20160224,5.1226,5.2318,5.2418,5.0928,5.1723,1.1504,93230.77,48672.924,0.059499999999999886,江苏,港口,20070426,
601008.SH,连云港,20160223,5.1822,5.1723,5.2616,5.1028,5.2021,-0.5728,89530.42,46699.349,-0.029799999999999827,江苏,港口,20070426,
601008.SH,连云港,20160222,5.1226,5.2021,5.2219,5.0829,5.0631,2.7454,119968.14,62423.435,0.13899999999999935,江苏,港口,20070426,
601008.SH,连云港,20160219,5.0432,5.0631,5.073,5.0035,5.073,-0.1952,71617.58,36348.695,-0.00990000000000002,江苏,港口,20070426,
601008.SH,连云港,20160218,5.073,5.073,5.1822,5.0531,5.1028,-0.584,128811.69,66277.621,-0.029799999999999827,江苏,港口,20070426,
601008.SH,连云港,20160217,4.9936,5.1028,5.2517,4.9539,4.9737,2.5957,144799.84,74058.783,0.12910000000000021,江苏,港口,20070426,
601008.SH,连云港,20160216,4.8645,4.9737,4.9936,4.8049,4.795,3.7268,91007.51,45299.288,0.17870000000000008,江苏,港口,20070426,
601008.SH,连云港,20160215,4.6759,4.795,4.8645,4.5667,4.8546,-1.2277,68423.78,32483.78,-0.05959999999999965,江苏,港口,20070426,
601008.SH,连云港,20160205,4.8049,4.8546,5.0829,4.795,4.8049,1.0344,105890.71,52507.552,0.04969999999999963,江苏,港口,20070426,
601008.SH,连云港,20160204,4.7355,4.8049,4.8347,4.7255,4.7156,1.8937,70292.69,33999.608,0.08929999999999971,江苏,港口,20070426,
601008.SH,连云港,20160203,4.6957,4.7156,4.7454,4.6163,4.7255,-0.2095,53612.8,25230.275,-0.00990000000000002,江苏,港口,20070426,
601008.SH,连云港,20160202,4.6163,4.7255,4.7752,4.6163,4.6163,2.3655,53617.91,25538.926,0.10920000000000041,江苏,港口,20070426,
601008.SH,连云港,20160201,4.666,4.6163,4.7355,4.5468,4.666,-1.0652,57783.9,27053.26,-0.04970000000000052,江苏,港口,20070426,
601008.SH,连云港,20160129,4.4674,4.666,4.7057,4.4476,4.5071,3.5255,68794.43,31987.283,0.15890000000000004,江苏,港口,20070426,
601008.SH,连云港,20160128,4.6957,4.5071,4.7851,4.4773,4.7255,-4.6217,59756.28,28005.772,-0.21839999999999993,江苏,港口,20070426,
601008.SH,连云港,20160127,4.8943,4.7255,4.9539,4.4674,4.8744,-3.0547,100972.6,47879.212,-0.14889999999999937,江苏,港口,20070426,
601008.SH,连云港,20160126,5.2914,4.8744,5.2914,4.8447,5.3311,-8.5667,95548.65,48913.645,-0.45670000000000055,江苏,港口,20070426,
601008.SH,连云港,20160125,5.3212,5.3311,5.3708,5.2715,5.2914,0.7503,53067.14,28460.546,0.039699999999999847,江苏,港口,20070426,
601008.SH,连云港,20160122,5.3113,5.2914,5.351,5.1623,5.2517,0.7559,76865.79,40807.273,0.039700000000000735,江苏,港口,20070426,
601008.SH,连云港,20160121,5.4403,5.2517,5.5594,5.2418,5.5694,-5.7044,131034.12,71412.904,-0.3177000000000003,江苏,港口,20070426,
601008.SH,连云港,20160120,5.4403,5.5694,5.7183,5.3609,5.4701,1.8153,196807.6,109814.945,0.0992999999999995,江苏,港口,20070426,
601008.SH,连云港,20160119,5.2219,5.4701,5.49,5.1623,5.212,4.952,144307.42,78102.301,0.25810000000000066,江苏,港口,20070426,
601008.SH,连云港,20160118,5.1127,5.212,5.3212,5.0432,5.1921,0.3833,92784.91,48566.989,0.019899999999999807,江苏,港口,20070426,
601008.SH,连云港,20160115,5.4304,5.1921,5.4701,5.1425,5.49,-5.4262,105421.11,56227.119,-0.2979000000000003,江苏,港口,20070426,
601008.SH,连云港,20160114,5.1623,5.49,5.5098,5.1127,5.3708,2.2194,118479.28,63443.436,0.1192000000000002,江苏,港口,20070426,
601008.SH,连云港,20160113,5.5098,5.3708,5.6091,5.3609,5.4502,-1.4568,104012.87,57718.558,-0.07939999999999969,江苏,港口,20070426,
601008.SH,连云港,20160112,5.4105,5.4502,5.5197,5.2616,5.4006,0.9184,88116.8,48207.229,0.049599999999999866,江苏,港口,20070426,
601008.SH,连云港,20160111,5.758,5.4006,5.8573,5.3807,5.8076,-7.0081,133465.54,75970.739,-0.40700000000000003,江苏,港口,20070426,
601008.SH,连云港,20160108,5.8871,5.8076,5.9168,5.4701,5.6686,2.4521,123902.6,72269.966,0.13900000000000023,江苏,港口,20070426,
601008.SH,连云港,20160107,6.1055,5.6686,6.1352,5.6389,6.2147,-8.7872,30715.0,18327.797,-0.5461,江苏,港口,20070426,
601008.SH,连云港,20160106,6.026,6.2147,6.2444,6.026,5.9963,3.6422,115280.44,71037.558,0.21839999999999993,江苏,港口,20070426,
601008.SH,连云港,20160105,5.9466,5.9963,6.1055,5.758,6.0558,-0.9825,149264.18,90030.293,-0.059499999999999886,江苏,港口,20070426,
601008.SH,连云港,20160104,6.721,6.0558,6.7309,6.0459,6.711,-9.7631,117411.59,76212.807,-0.6552000000000007,江苏,港口,20070426,
601008.SH,连云港,20151231,6.7508,6.711,6.8302,6.6912,6.7805,-1.025,91439.04,62318.081,-0.06949999999999967,江苏,港口,20070426,
601008.SH,连云港,20151230,6.7706,6.7805,6.8004,6.721,6.8004,-0.2926,84483.17,57593.747,-0.019899999999999807,江苏,港口,20070426,
601008.SH,连云港,20151229,6.7607,6.8004,6.8202,6.6614,6.7607,0.5872,83444.26,56805.826,0.039699999999999847,江苏,港口,20070426,
601008.SH,连云港,20151228,6.9692,6.7607,7.0089,6.7607,6.9295,-2.436,132038.72,91587.841,-0.16880000000000006,江苏,港口,20070426,
601008.SH,连云港,20151225,6.8699,6.9295,6.989,6.8699,6.8997,0.4319,93234.22,65034.316,0.029799999999999827,江苏,港口,20070426,
601008.SH,连云港,20151224,6.9295,6.8997,6.9493,6.7408,6.9692,-0.9972,127359.85,87810.796,-0.06949999999999967,江苏,港口,20070426,
601008.SH,连云港,20151223,7.0585,6.9692,7.0982,6.9493,7.1081,-1.9541,176608.78,124990.967,-0.13890000000000047,江苏,港口,20070426,
601008.SH,连云港,20151222,6.9692,7.1081,7.2372,6.8997,6.9791,1.8484,249768.1,177823.946,0.12900000000000045,江苏,港口,20070426,
601008.SH,连云港,20151221,6.9096,6.9791,6.989,6.8699,6.9394,0.5721,176283.25,123576.452,0.039699999999999847,江苏,港口,20070426,
601008.SH,连云港,20151218,6.989,6.9394,7.0188,6.8897,7.0089,-0.9916,172796.56,120996.284,-0.06949999999999967,江苏,港口,20070426,
601008.SH,连云港,20151217,6.9295,7.0089,7.0287,6.8997,6.8302,2.6163,275175.5,192923.235,0.17870000000000008,江苏,港口,20070426,
601008.SH,连云港,20151216,6.989,6.8302,6.989,6.7607,6.9692,-1.9945,227290.54,156520.271,-0.13900000000000023,江苏,港口,20070426,
601008.SH,连云港,20151215,6.9791,6.9692,7.0387,6.8997,6.9692,0.0,142893.65,100437.204,0.0,江苏,港口,20070426,
601008.SH,连云港,20151214,6.5522,6.9692,6.9989,6.5026,6.582,5.8827,181325.21,124217.865,0.3872,江苏,港口,20070426,
601008.SH,连云港,20151211,6.6316,6.582,6.6515,6.4728,6.6217,-0.5995,98338.83,64805.949,-0.039699999999999847,江苏,港口,20070426,
601008.SH,连云港,20151210,6.7805,6.6217,6.7805,6.6118,6.7309,-1.6224,106052.25,71687.653,-0.10920000000000041,江苏,港口,20070426,
601008.SH,连云港,20151209,6.711,6.7309,6.7706,6.5919,6.7706,-0.5864,117433.8,79096.838,-0.039699999999999847,江苏,港口,20070426,
601008.SH,连云港,20151208,7.0486,6.7706,7.0486,6.7607,7.0784,-4.3484,132765.3,91946.117,-0.3078000000000003,江苏,港口,20070426,
601008.SH,连云港,20151207,7.0387,7.0784,7.0982,6.9989,7.0486,0.4228,112702.36,80038.35,0.029799999999999827,江苏,港口,20070426,
601008.SH,连云港,20151204,7.0982,7.0486,7.1578,7.0089,7.0784,-0.421,157037.94,111972.369,-0.029799999999999827,江苏,港口,20070426,
601008.SH,连云港,20151203,6.9692,7.0784,7.0982,6.9493,6.9692,1.5669,132848.28,94173.159,0.10920000000000041,江苏,港口,20070426,
601008.SH,连云港,20151202,6.9791,6.9692,7.0287,6.7408,7.0982,-1.8174,185691.29,129425.439,-0.12900000000000045,江苏,港口,20070426,
601008.SH,连云港,20151201,7.128,7.0982,7.2968,6.9791,6.989,1.5625,252512.53,181567.768,0.10920000000000041,江苏,港口,20070426,
601008.SH,连云港,20151130,6.9096,6.989,7.0684,6.4529,6.9592,0.4282,258395.31,178253.23,0.029799999999999827,江苏,港口,20070426,
601008.SH,连云港,20151127,7.545,6.9592,7.6045,6.8798,7.6442,-8.961,382567.2,278061.227,-0.6849999999999996,江苏,港口,20070426,
601008.SH,连云港,20151126,7.7435,7.6442,7.7634,7.5549,7.7237,-1.0293,251932.98,193986.891,-0.07950000000000035,江苏,港口,20070426,
601008.SH,连云港,20151125,7.6641,7.7237,7.7634,7.6145,7.7038,0.2583,215887.71,167390.395,0.019899999999999807,江苏,港口,20070426,
601008.SH,连云港,20151124,7.7534,7.7038,7.7634,7.5251,7.7932,-1.1472,245737.31,188997.982,-0.08939999999999948,江苏,港口,20070426,
601008.SH,连云港,20151123,7.8924,7.7932,7.9917,7.7435,7.9123,-1.5053,290464.61,229251.683,-0.11910000000000043,江苏,港口,20070426,
601008.SH,连云港,20151120,7.9123,7.9123,8.1307,7.8031,7.9024,0.1253,475934.13,380514.457,0.00990000000000002,江苏,港口,20070426,
601008.SH,连云港,20151119,7.7733,7.9024,7.9123,7.6542,7.7336,2.1827,370547.76,290511.328,0.16880000000000006,江苏,港口,20070426,
601008.SH,连云港,20151118,7.8428,7.7336,7.8924,7.6145,7.8428,-1.3924,374331.37,291220.396,-0.10920000000000041,江苏,港口,20070426,
601008.SH,连云港,20151117,7.7634,7.8428,8.1704,7.674,7.6839,2.068,776729.48,619783.036,0.15890000000000004,江苏,港口,20070426,
601008.SH,连云港,20151116,7.4258,7.6839,7.6939,7.2273,7.6244,0.7804,233519.37,176398.236,0.059500000000000774,江苏,港口,20070426,
601008.SH,连云港,20151113,7.6442,7.6244,7.813,7.5648,7.6244,0.0,375760.25,290896.033,0.0,江苏,港口,20070426,
601008.SH,连云港,20151112,7.8428,7.6244,7.8428,7.5251,7.7832,-2.0403,363739.98,279308.913,-0.15880000000000027,江苏,港口,20070426,
601008.SH,连云港,20151111,7.7237,7.7832,7.8825,7.6542,7.7137,0.901,436061.78,341714.383,0.06949999999999967,江苏,港口,20070426,
601008.SH,连云港,20151110,7.6442,7.7137,7.9024,7.5648,7.6939,0.2573,466896.51,362020.109,0.01980000000000004,江苏,港口,20070426,
601008.SH,连云港,20151109,7.5946,7.6939,7.8229,7.4755,7.7038,-0.1285,501562.74,387302.124,-0.00990000000000002,江苏,港口,20070426,
601008.SH,连云港,20151106,7.4655,7.7038,7.8229,7.396,7.4755,3.054,565157.45,432408.014,0.22829999999999995,江苏,港口,20070426,
601008.SH,连云港,20151105,7.3663,7.4755,7.6145,7.2471,7.3067,2.3102,504857.8,377756.274,0.16880000000000006,江苏,港口,20070426,
601008.SH,连云港,20151104,7.0089,7.3067,7.3166,7.0089,6.989,4.5457,337816.6,244917.352,0.3177000000000003,江苏,港口,20070426,
601008.SH,连云港,20151103,7.2273,6.989,7.3365,6.85,7.2273,-3.2972,315169.4,223469.88,-0.23829999999999973,江苏,港口,20070426,
601008.SH,连云港,20151102,7.6244,7.2273,7.813,7.1975,7.545,-4.2107,505554.68,383826.574,-0.3177000000000003,江苏,港口,20070426,
601008.SH,连云港,20151030,7.7038,7.545,7.7038,7.3464,7.7336,-2.4387,419756.27,318985.257,-0.1886000000000001,江苏,港口,20070426,
601008.SH,连云港,20151029,7.545,7.7336,7.7932,7.4258,7.4556,3.7287,479132.23,369947.017,0.27800000000000047,江苏,港口,20070426,
601008.SH,连云港,20151028,7.6442,7.4556,7.9222,7.3762,7.7137,-3.346,492210.76,380102.596,-0.25810000000000066,江苏,港口,20070426,
601008.SH,连云港,20151027,7.7435,7.7137,7.8329,7.2471,7.9619,-3.1173,595281.86,455950.568,-0.24819999999999975,江苏,港口,20070426,
601008.SH,连云港,20151026,7.5847,7.9619,8.0811,7.4457,7.5549,5.3872,888280.67,693132.066,0.40700000000000003,江苏,港口,20070426,
601008.SH,连云港,20151023,7.1876,7.5549,7.7237,7.1379,7.2372,4.3898,670236.26,504151.556,0.3177000000000003,江苏,港口,20070426,
601008.SH,连云港,20151022,6.7011,7.2372,7.2968,6.7011,6.7508,7.2051,478407.86,337724.026,0.4863999999999997,江苏,港口,20070426,
601008.SH,连云港,20151021,7.2273,6.7508,7.5053,6.6515,7.2868,-7.3558,640293.11,462646.893,-0.5360000000000005,江苏,港口,20070426,
601008.SH,连云港,20151020,7.0784,7.2868,7.3861,7.0387,7.1479,1.9432,429515.23,310409.072,0.13890000000000047,江苏,港口,20070426,
601008.SH,连云港,20151019,7.2769,7.1479,7.5251,7.0486,7.2471,-1.3688,698179.6,512230.237,-0.09919999999999973,江苏,港口,20070426,
601008.SH,连云港,20151016,6.9592,7.2471,7.4556,6.85,6.8302,6.1038,788595.37,567690.927,0.41690000000000005,江苏,港口,20070426,
601008.SH,连云港,20151015,6.5522,6.8302,6.8798,6.5125,6.6018,3.4597,371961.88,252970.408,0.22839999999999971,江苏,港口,20070426,
601008.SH,连云港,20151014,6.7805,6.6018,6.8302,6.5721,6.8798,-4.0408,404112.71,272697.379,-0.27800000000000047,江苏,港口,20070426,
601008.SH,连云港,20151013,6.5919,6.8798,6.9989,6.5224,6.6316,3.7427,545968.66,373520.382,0.24820000000000064,江苏,港口,20070426,
601008.SH,连云港,20151012,6.4033,6.6316,6.7408,6.3437,6.3636,4.2115,457991.16,303264.995,0.2679999999999998,江苏,港口,20070426,
601008.SH,连云港,20151009,6.2643,6.3636,6.4827,6.2047,6.3437,0.3137,325768.09,207873.532,0.019899999999999807,江苏,港口,20070426,
601008.SH,连云港,20151008,6.2246,6.3437,6.4926,6.1551,5.9963,5.7936,322833.27,205038.422,0.3474000000000004,江苏,港口,20070426,
601008.SH,连云港,20150930,5.9963,5.9963,6.0459,5.9268,5.9268,1.1726,139901.68,84412.571,0.06949999999999967,江苏,港口,20070426,
601008.SH,连云港,20150929,6.0558,5.9268,6.1154,5.8573,6.1849,-4.1731,236319.04,142217.261,-0.2580999999999998,江苏,港口,20070426,
601008.SH,连云港,20150928,6.1055,6.1849,6.3735,5.8573,6.0558,2.1318,295596.23,182589.014,0.12910000000000021,江苏,港口,20070426,
601008.SH,连云港,20150925,6.6316,6.0558,6.6316,6.0558,6.7309,-10.0299,568377.84,356914.512,-0.6751000000000005,江苏,港口,20070426,
601008.SH,连云港,20150924,6.7011,6.7309,7.0982,6.5621,6.5522,2.7273,585230.79,401786.967,0.17870000000000008,江苏,港口,20070426,
601008.SH,连云港,20150923,6.2742,6.5522,6.7508,6.1948,6.4132,2.1674,566574.31,375059.517,0.13900000000000023,江苏,港口,20070426,
601008.SH,连云港,20150922,6.4529,6.4132,6.6118,6.304,6.5323,-1.8232,443026.23,287113.343,-0.11910000000000043,江苏,港口,20070426,
601008.SH,连云港,20150921,6.0558,6.5323,6.6416,5.9565,6.0459,8.0451,686518.39,440524.774,0.4864000000000006,江苏,港口,20070426,
601008.SH,连云港,20150918,5.5594,6.0459,6.0459,5.4602,5.4999,9.9275,322693.8,188218.969,0.5459999999999994,江苏,港口,20070426,
601008.SH,连云港,20150917,5.6686,5.4999,5.9069,5.4701,5.6984,-3.4834,287764.75,164843.384,-0.19850000000000012,江苏,港口,20070426,
601008.SH,连云港,20150916,5.2418,5.6984,5.7084,5.212,5.1921,9.7514,234504.2,128832.104,0.5063000000000004,江苏,港口,20070426,
601008.SH,连云港,20150915,5.5694,5.1921,5.6885,5.1326,5.6984,-8.885,222296.27,120674.786,-0.5063000000000004,江苏,港口,20070426,
601008.SH,连云港,20150914,6.4132,5.6984,6.4629,5.6786,6.3139,-9.7483,294404.88,178448.55,-0.6154999999999999,江苏,港口,20070426,
601008.SH,连云港,20150911,6.2345,6.3139,6.4231,6.1948,6.2444,1.113,170055.69,107990.153,0.06950000000000056,江苏,港口,20070426,
601008.SH,连云港,20150910,6.3636,6.2444,6.5323,6.2345,6.5621,-4.8414,276014.91,177605.173,-0.3177000000000003,江苏,港口,20070426,
601008.SH,连云港,20150909,6.3437,6.5621,6.6018,6.2345,6.304,4.0942,408899.06,266204.836,0.2580999999999998,江苏,港口,20070426,
601008.SH,连云港,20150908,5.9565,6.304,6.4331,5.8374,5.9565,5.834,235834.47,144669.862,0.34750000000000014,江苏,港口,20070426,
601008.SH,连云港,20150907,5.9168,5.9565,6.2444,5.897,5.8473,1.8675,269540.35,164551.477,0.10920000000000041,江苏,港口,20070426,
601008.SH,连云港,20150902,5.9565,5.8473,6.582,5.7381,6.304,-7.2446,333802.12,205962.34,-0.45670000000000055,江苏,港口,20070426,
601008.SH,连云港,20150901,6.4728,6.304,6.7408,6.304,7.0089,-10.0572,425262.04,275488.838,-0.7048999999999994,江苏,港口,20070426,
601008.SH,连云港,20150831,7.1776,7.0089,7.7435,6.9592,7.3266,-4.3363,581627.26,426544.173,-0.3177000000000003,江苏,港口,20070426,
601008.SH,连云港,20150828,6.8004,7.3266,7.3563,6.6118,6.6912,9.4961,612744.35,427918.01,0.6353999999999997,江苏,港口,20070426,
601008.SH,连云港,20150827,6.711,6.6912,6.9791,6.0459,6.7011,-0.1477,548912.27,360666.61,-0.00990000000000002,江苏,港口,20070426,
601008.SH,连云港,20150826,7.0585,6.7011,7.535,6.7011,7.4457,-10.0004,735220.39,515522.569,-0.7446000000000002,江苏,港口,20070426,
601008.SH,连云港,20150825,7.4457,7.4457,7.5946,7.4457,8.2697,-9.9641,248964.56,186952.682,-0.8239999999999998,江苏,港口,20070426,
601008.SH,连云港,20150824,8.2697,8.2697,8.5874,8.2697,9.183,-9.9456,411312.67,344336.549,-0.9132999999999996,江苏,港口,20070426,
601008.SH,连云港,20150821,8.7958,9.183,9.6099,8.5476,8.8157,4.1664,1294407.35,1194367.013,0.3673000000000002,江苏,港口,20070426,
601008.SH,连云港,20150820,8.2796,8.8157,9.1929,8.0612,8.4285,4.5939,631238.22,546080.422,0.3872,江苏,港口,20070426,
601008.SH,连云港,20150819,7.9421,8.4285,8.5874,7.5152,8.3392,1.0708,467721.33,377974.759,0.08929999999999971,江苏,港口,20070426,
601008.SH,连云港,20150818,9.1731,8.3392,9.183,8.3392,9.2624,-9.9672,654832.77,577092.647,-0.9231999999999996,江苏,港口,20070426,
601008.SH,连云港,20150817,9.0043,9.2624,9.6198,8.8455,9.0937,1.8551,683219.17,638168.893,0.1686999999999994,江苏,港口,20070426,
601008.SH,连云港,20150814,9.1334,9.0937,9.4808,8.9447,9.1234,-0.3255,719294.6,663926.265,-0.02970000000000006,江苏,港口,20070426,
601008.SH,连云港,20150813,8.5377,9.1234,9.1433,8.5179,8.7363,4.4309,568700.15,504523.447,0.3871000000000002,江苏,港口,20070426,
601008.SH,连云港,20150812,8.9348,8.7363,9.0341,8.7164,9.1532,-4.5547,620608.3,554368.489,-0.41690000000000005,江苏,港口,20070426,
601008.SH,连云港,20150811,8.9348,9.1532,9.4312,8.9348,9.4312,-2.9477,1029947.31,951267.749,-0.27800000000000047,江苏,港口,20070426,
601008.SH,连云港,20150810,8.7263,9.4312,9.7886,8.637,8.8951,6.0269,1293073.61,1208669.155,0.5361000000000011,江苏,港口,20070426,
601008.SH,连云港,20150807,8.9745,8.8951,9.0837,8.3888,8.6568,2.7527,1440819.67,1266234.288,0.23829999999999885,江苏,港口,20070426,
601008.SH,连云港,20150806,8.0413,8.6568,8.6568,7.952,7.8726,9.9611,805042.51,683409.078,0.7842000000000002,江苏,港口,20070426,
601008.SH,连云港,20150805,7.8924,7.8726,8.1803,7.6442,7.9024,-0.3771,718563.39,574210.578,-0.029799999999999827,江苏,港口,20070426,
601008.SH,连云港,20150804,7.0684,7.9024,7.9421,7.0684,7.2273,9.341,646551.51,492258.912,0.6751000000000005,江苏,港口,20070426,
601008.SH,连云港,20150803,7.545,7.2273,7.7336,7.2273,8.0314,-10.012,646395.57,483140.94,-0.8041,江苏,港口,20070426,
601008.SH,连云港,20150731,7.8527,8.0314,8.4087,7.7733,7.7435,3.718,1362605.09,1111995.353,0.2878999999999996,江苏,港口,20070426,
601008.SH,连云港,20150730,7.0486,7.7435,7.7435,6.8699,7.0387,10.0132,767624.6,583642.647,0.7047999999999996,江苏,港口,20070426,
601008.SH,连云港,20150729,6.6515,7.0387,7.0486,6.4629,6.4827,8.5767,345049.57,232962.504,0.556,江苏,港口,20070426,
601008.SH,连云港,20150728,6.4033,6.4827,7.0188,6.3139,7.0188,-7.6381,425745.74,280815.172,-0.5360999999999994,江苏,港口,20070426,
601008.SH,连云港,20150727,7.5549,7.0188,7.7634,7.0188,7.7932,-9.9369,493168.1,368776.45,-0.7744,江苏,港口,20070426,
601008.SH,连云港,20150724,7.813,7.7932,8.2399,7.6244,7.7932,0.0,775036.22,619975.801,0.0,江苏,港口,20070426,
601008.SH,连云港,20150723,7.3464,7.7932,7.9123,7.2769,7.3563,5.9391,646894.08,494643.661,0.4368999999999996,江苏,港口,20070426,
601008.SH,连云港,20150722,7.4457,7.3563,7.535,7.0982,7.406,-0.6711,443808.74,328769.46,-0.04969999999999963,江苏,港口,20070426,
601008.SH,连云港,20150721,7.0784,7.406,7.545,7.0188,7.2471,2.1926,467210.01,344830.712,0.15890000000000004,江苏,港口,20070426,
601008.SH,连云港,20150720,7.2471,7.2471,7.4556,7.0486,7.1578,1.2476,455115.03,332890.958,0.08929999999999971,江苏,港口,20070426,
601008.SH,连云港,20150717,6.7309,7.1578,7.2273,6.6912,6.6912,6.9733,408824.0,288282.389,0.4665999999999997,江苏,港口,20070426,
601008.SH,连云港,20150716,6.0558,6.6912,6.9096,5.9665,6.5423,2.276,403804.91,267019.21,0.14890000000000025,江苏,港口,20070426,
601008.SH,连云港,20150715,6.9791,6.5423,7.1081,6.5423,7.267,-9.9725,458693.74,312075.777,-0.7247000000000003,江苏,港口,20070426,
601008.SH,连云港,20150714,7.1876,7.267,7.5946,6.9692,6.9096,5.1725,931166.42,685612.567,0.35740000000000016,江苏,港口,20070426,
601008.SH,连云港,20150713,6.9096,6.9096,6.9096,6.6416,6.2842,9.9519,543425.62,375477.732,0.6254,江苏,港口,20070426,
601008.SH,连云港,20150710,5.9863,6.2842,6.2842,5.9863,5.7084,10.0869,304445.66,190129.646,0.5758000000000001,江苏,港口,20070426,
601008.SH,连云港,20150709,4.8645,5.7084,5.7084,4.8645,5.1921,9.944,504553.96,277789.085,0.5163000000000002,江苏,港口,20070426,
601008.SH,连云港,20150708,5.1921,5.1921,5.3609,5.1921,5.7679,-9.9828,328640.16,172308.758,-0.5758000000000001,江苏,港口,20070426,
601008.SH,连云港,20150707,6.2246,5.7679,6.2345,5.7679,6.4033,-9.923,313244.91,186612.015,-0.6353999999999997,江苏,港口,20070426,
601008.SH,连云港,20150706,7.4258,6.4033,7.4953,6.175,6.85,-6.5212,461628.21,314996.281,-0.4466999999999999,江苏,港口,20070426,
601008.SH,连云港,20150703,7.1776,6.85,7.5847,6.85,7.6145,-10.0401,383696.17,272209.412,-0.7645,江苏,港口,20070426,
601008.SH,连云港,20150702,8.4384,7.6145,8.6866,7.6145,8.4583,-9.976,392859.99,313595.595,-0.8437999999999999,江苏,港口,20070426,
601008.SH,连云港,20150701,9.183,8.4583,9.4511,8.4583,9.4014,-10.0315,484113.89,442117.862,-0.9431000000000012,江苏,港口,20070426,
601008.SH,连云港,20150630,8.5377,9.4014,9.5702,8.1009,9.0043,4.4101,586104.62,518516.211,0.3971,江苏,港口,20070426,
601008.SH,连云港,20150629,10.1758,9.0043,10.3644,9.0043,10.007,-10.02,425939.18,403305.926,-1.002699999999999,江苏,港口,20070426,
601008.SH,连云港,20150626,10.7218,10.007,10.7317,10.007,11.1189,-10.0001,357354.61,368631.816,-1.1119000000000003,江苏,港口,20070426,
601008.SH,连云港,20150625,12.1216,11.1189,12.1216,10.9203,12.1116,-8.1963,481291.59,565842.729,-0.9926999999999992,江苏,港口,20070426,
601008.SH,连云港,20150624,12.062,12.1116,12.1811,11.5458,11.9131,1.6662,536576.3,646491.596,0.19849999999999923,江苏,港口,20070426,
601008.SH,连云港,20150623,12.0223,11.9131,12.469,11.4068,12.6775,-6.0296,571270.14,674964.541,-0.7644000000000002,江苏,港口,20070426,
601008.SH,连云港,20150619,13.4817,12.6775,13.7596,12.6775,14.0872,-10.007,622442.98,821865.956,-1.409699999999999,江苏,港口,20070426,
601008.SH,连云港,20150618,13.6008,14.0872,14.8914,13.4221,13.8192,1.9393,1214453.39,1756121.645,0.2679999999999989,江苏,港口,20070426,
601008.SH,连云港,20150617,12.9059,13.8192,14.117,12.8066,13.2632,4.1921,687185.62,935088.512,0.5560000000000009,江苏,港口,20070426,
601008.SH,连云港,20150616,14.1667,13.2632,14.2461,13.1044,14.4248,-8.0528,713413.69,987928.339,-1.1616,江苏,港口,20070426,
601008.SH,连云港,20150615,13.571,14.4248,14.5439,13.154,13.7596,4.8344,1236490.33,1732676.998,0.6651999999999987,江苏,港口,20070426,
601008.SH,连云港,20150612,13.7298,13.7596,14.2957,13.6901,13.6206,1.0205,1120943.91,1582217.761,0.13900000000000112,江苏,港口,20070426,
601008.SH,连云港,20150611,13.303,13.6206,13.6802,13.025,13.2335,2.9252,638399.84,861947.268,0.3871000000000002,江苏,港口,20070426,
601008.SH,连云港,20150610,12.9853,13.2335,13.4817,12.8264,13.2732,-0.2991,430241.5,574103.339,-0.039699999999999847,江苏,港口,20070426,
601008.SH,连云港,20150609,13.7298,13.2732,13.7298,13.0548,13.7298,-3.3256,538551.73,721026.925,-0.4565999999999999,江苏,港口,20070426,
601008.SH,连云港,20150608,13.2632,13.7298,13.8788,13.1739,13.164,4.2981,966432.75,1319040.368,0.5657999999999994,江苏,港口,20070426,
601008.SH,连云港,20150605,13.0349,13.164,13.3824,12.8264,12.8463,2.4731,532782.92,703523.815,0.3177000000000003,江苏,港口,20070426,
601008.SH,连云港,20150604,13.0746,12.8463,13.0846,12.0124,13.154,-2.3392,408396.13,520129.346,-0.30770000000000053,江苏,港口,20070426,
601008.SH,连云港,20150603,13.571,13.154,13.571,12.7272,13.5611,-3.002,594787.12,784661.203,-0.4070999999999998,江苏,港口,20070426,
601008.SH,连云港,20150602,13.7596,13.5611,14.2659,13.303,13.6802,-0.8706,1050211.0,1454419.926,-0.11909999999999954,江苏,港口,20070426,
601008.SH,连云港,20150601,12.8547,13.6767,13.9539,12.5378,12.7556,7.2211,982344.03,1312878.447,0.9211000000000009,江苏,港口,20070426,
601008.SH,连云港,20150529,12.0822,12.7556,12.9735,11.2206,12.2605,4.0382,784694.19,979965.005,0.495099999999999,江苏,港口,20070426,
601008.SH,连云港,20150528,13.6667,12.2605,13.6667,12.2605,13.6271,-10.0285,718755.15,946270.7,-1.3666,江苏,港口,20070426,
601008.SH,连云港,20150527,13.8153,13.6271,14.261,13.4885,14.0629,-3.0989,807532.62,1121981.737,-0.4358000000000004,江苏,港口,20070426,
601008.SH,连云港,20150526,13.1419,14.0629,14.2213,12.6764,13.0923,7.4135,1089806.17,1466904.461,0.970600000000001,江苏,港口,20070426,
601008.SH,连云港,20150525,12.4288,13.0923,13.3498,12.3595,12.5477,4.3402,812582.04,1062512.418,0.5445999999999991,江苏,港口,20070426,
601008.SH,连云港,20150522,12.409,12.5477,12.6566,12.0921,12.3298,1.7673,627491.11,782509.891,0.2179000000000002,江苏,港口,20070426,
601008.SH,连云港,20150521,11.9634,12.3298,12.3496,11.8841,11.9931,2.8074,497468.15,613012.48,0.33670000000000044,江苏,港口,20070426,
601008.SH,连云港,20150520,12.0624,11.9931,12.2803,11.7851,11.9336,0.4986,454081.07,550314.691,0.059499999999999886,江苏,港口,20070426,
601008.SH,连云港,20150519,11.6464,11.9336,11.9535,11.5672,11.6167,2.728,303259.47,362413.711,0.3169000000000004,江苏,港口,20070426,
601008.SH,连云港,20150518,11.5474,11.6167,11.7455,11.4385,11.5573,0.514,241773.7,283702.758,0.05940000000000012,江苏,港口,20070426,
601008.SH,连云港,20150515,11.8346,11.5573,11.8346,11.488,11.8445,-2.4248,264388.82,310195.236,-0.28720000000000034,江苏,港口,20070426,
601008.SH,连云港,20150514,12.1416,11.8445,12.1416,11.7653,12.201,-2.9219,353530.59,424036.04,-0.3565000000000005,江苏,港口,20070426,
601008.SH,连云港,20150513,12.3793,12.201,12.6269,12.0723,12.3496,-1.2033,449046.9,557382.125,-0.14860000000000007,江苏,港口,20070426,
601008.SH,连云港,20150512,12.0426,12.3496,12.3694,11.8643,12.0228,2.7182,498464.14,607323.545,0.3268000000000004,江苏,港口,20070426,
601008.SH,连云港,20150511,11.7158,12.0228,12.0723,11.6663,11.6663,3.0558,402365.92,481847.44,0.3565000000000005,江苏,港口,20070426,
601008.SH,连云港,20150508,11.6663,11.6663,11.7851,11.1216,11.4385,1.9915,442347.71,512199.845,0.22780000000000022,江苏,港口,20070426,
601008.SH,连云港,20150507,12.6368,11.4385,12.6368,11.4385,12.7061,-9.9763,409051.59,491342.889,-1.2675999999999998,江苏,港口,20070426,
601008.SH,连云港,20150506,12.9735,12.7061,13.2508,12.2506,12.8844,-1.3838,451928.22,581137.706,-0.17830000000000013,江苏,港口,20070426,
601008.SH,连云港,20150505,13.746,12.8844,13.746,12.5279,13.746,-6.268,601598.49,801374.154,-0.861600000000001,江苏,港口,20070426,
601008.SH,连云港,20150504,13.5479,13.746,14.2114,13.3696,13.6271,0.8725,659613.43,920432.241,0.1189,江苏,港口,20070426,
601008.SH,连云港,20150430,14.5581,13.6271,14.6472,13.5875,14.459,-5.7535,1226655.49,1742863.602,-0.8318999999999992,江苏,港口,20070426,
601008.SH,连云港,20150429,13.132,14.459,14.459,12.9438,13.1419,10.0221,1558620.0,2171073.138,1.3171,江苏,港口,20070426,
601008.SH,连云港,20150428,12.7556,13.1419,13.2013,12.1812,12.7655,2.9486,616751.04,779220.006,0.3764000000000003,江苏,港口,20070426,
601008.SH,连云港,20150427,12.8844,12.7655,13.1122,12.5675,12.8745,-0.8466,551025.16,710940.44,-0.10899999999999999,江苏,港口,20070426,
601008.SH,连云港,20150424,12.9636,12.8745,13.2112,12.6467,13.4192,-4.0591,678467.62,886066.369,-0.5447000000000006,江苏,港口,20070426,
601008.SH,连云港,20150423,13.1617,13.4192,13.6469,12.9042,12.9834,3.3566,1005411.32,1344222.327,0.4358000000000004,江苏,港口,20070426,
601008.SH,连云港,20150422,12.6269,12.9834,13.023,12.3991,12.6269,2.8233,720918.61,930136.723,0.3565000000000005,江苏,港口,20070426,
601008.SH,连云港,20150421,12.7853,12.6269,12.9438,12.1812,12.7952,-1.3153,443119.1,559294.967,-0.16830000000000034,江苏,港口,20070426,
601008.SH,连云港,20150420,12.5477,12.7952,13.2508,12.0822,12.5477,1.9725,883104.1,1140533.153,0.24749999999999872,江苏,港口,20070426,
601008.SH,连云港,20150417,12.1614,12.5477,12.6764,12.1614,12.1119,3.5981,618346.27,781517.317,0.4358000000000004,江苏,港口,20070426,
601008.SH,连云港,20150416,11.8841,12.1119,12.2803,11.5375,12.3001,-1.5301,408284.54,494846.978,-0.18820000000000014,江苏,港口,20070426,
601008.SH,连云港,20150415,12.8745,12.3001,12.8745,12.2605,13.1419,-6.4055,623403.81,790385.106,-0.8417999999999992,江苏,港口,20070426,
601008.SH,连云港,20150414,12.924,13.1419,13.7361,12.924,12.7061,3.4298,1177333.2,1581850.777,0.4358000000000004,江苏,港口,20070426,
601008.SH,连云港,20150413,12.6071,12.7061,12.7655,12.2803,12.5774,1.0233,747209.77,947682.856,0.12869999999999848,江苏,港口,20070426,
601008.SH,连云港,20150410,12.2803,12.5774,12.6962,12.1119,12.2704,2.502,746847.02,943565.655,0.3070000000000004,江苏,港口,20070426,
601008.SH,连云港,20150409,12.1911,12.2704,12.4387,11.8841,12.1911,0.6505,447930.21,550088.506,0.07929999999999993,江苏,港口,20070426,
601008.SH,连云港,20150408,12.4387,12.1911,12.4783,12.0921,12.4288,-1.9125,463518.43,572741.592,-0.23770000000000024,江苏,港口,20070426,
601008.SH,连云港,20150407,12.3595,12.4288,12.5179,12.2208,12.3793,0.3999,550526.82,685747.479,0.0495000000000001,江苏,港口,20070426,
601008.SH,连云港,20150403,12.2803,12.3793,12.5774,12.1218,12.3991,-0.1597,511646.39,636797.188,-0.01980000000000004,江苏,港口,20070426,
601008.SH,连云港,20150402,12.5576,12.3991,12.5675,12.3199,12.617,-1.727,554112.05,694148.084,-0.2179000000000002,江苏,港口,20070426,
601008.SH,连云港,20150401,12.5279,12.617,12.7556,12.3793,12.6863,-0.5463,504394.19,638211.148,-0.06929999999999836,江苏,港口,20070426,
601008.SH,连云港,20150331,13.1716,12.6863,13.3498,12.5279,12.9042,-1.6886,859937.77,1115573.327,-0.2179000000000002,江苏,港口,20070426,
601008.SH,连云港,20150330,12.4783,12.9042,13.3696,12.2704,12.8051,0.7739,1278171.64,1674470.806,0.09909999999999997,江苏,港口,20070426,
601008.SH,连云港,20150327,12.6665,12.8051,12.8547,11.894,12.6764,1.0153,1019972.18,1259471.602,0.12870000000000026,江苏,港口,20070426,
601008.SH,连云港,20150326,13.3696,12.6764,13.8648,12.6368,12.6962,-0.156,1747136.37,2330374.456,-0.01980000000000004,江苏,港口,20070426,
601008.SH,连云港,20150325,12.1614,12.6962,12.6962,11.6861,11.5375,10.0429,1036992.87,1306970.33,1.1586999999999996,江苏,港口,20070426,
601008.SH,连云港,20150324,10.5075,11.5375,11.5375,9.8242,10.4877,10.0098,1106323.79,1190297.148,1.0497999999999994,江苏,港口,20070426,
601008.SH,连云港,20150323,10.26,10.4877,10.567,10.1312,10.1411,3.4178,713603.34,746517.118,0.34660000000000046,江苏,港口,20070426,
601008.SH,连云港,20150320,10.151,10.1411,10.2402,10.0025,10.0619,0.7871,518991.54,528425.396,0.07920000000000016,江苏,港口,20070426,
601008.SH,连云港,20150319,10.0916,10.0619,10.4382,9.9133,10.2005,-1.3588,759098.47,776470.173,-0.13860000000000028,江苏,港口,20070426,
601008.SH,连云港,20150318,9.8242,10.2005,10.3887,9.7153,9.8044,4.04,1021874.07,1035291.214,0.39610000000000056,江苏,港口,20070426,
601008.SH,连云港,20150317,9.6063,9.8044,10.0025,9.5271,9.6063,2.0622,816137.45,807996.667,0.19810000000000016,江苏,港口,20070426,
601008.SH,连云港,20150316,9.4776,9.6063,9.6658,9.3687,9.4281,1.8901,542453.71,521825.153,0.17819999999999858,江苏,港口,20070426,
601008.SH,连云港,20150313,9.3786,9.4281,9.5865,9.3191,9.3885,0.4218,342398.53,326343.876,0.03960000000000008,江苏,港口,20070426,
601008.SH,连云港,20150312,9.1607,9.3885,9.4083,9.131,9.2102,1.9359,251620.88,234930.093,0.17830000000000013,江苏,港口,20070426,
601008.SH,连云港,20150311,9.3389,9.2102,9.3984,9.1607,9.3488,-1.4825,226843.26,212195.498,-0.13860000000000028,江苏,港口,20070426,
601008.SH,连云港,20150310,9.3389,9.3488,9.4776,9.2399,9.329,0.2122,248616.7,234960.17,0.01980000000000004,江苏,港口,20070426,
601008.SH,连云港,20150309,9.2597,9.329,9.3488,9.2102,9.2597,0.7484,185632.72,174144.712,0.06930000000000014,江苏,港口,20070426,
601008.SH,连云港,20150306,9.2399,9.2597,9.4182,9.1508,9.2399,0.2143,208477.98,195520.879,0.01980000000000004,江苏,港口,20070426,
601008.SH,连云港,20150305,9.4281,9.2399,9.438,9.1508,9.4281,-1.9962,315733.25,295179.219,-0.18820000000000014,江苏,港口,20070426,
601008.SH,连云港,20150304,9.3588,9.4281,9.5568,9.2993,9.4974,-0.7297,309956.14,294372.18,-0.06930000000000014,江苏,港口,20070426,
601008.SH,连云港,20150303,9.3488,9.4974,10.0916,9.2399,9.3984,1.0534,779878.34,762020.136,0.0990000000000002,江苏,港口,20070426,
601008.SH,连云港,20150302,9.4578,9.3984,9.4776,9.23,9.4479,-0.5239,347394.13,327948.844,-0.0495000000000001,江苏,港口,20070426,
601008.SH,连云港,20150227,9.5469,9.4479,9.5568,9.3389,9.4974,-0.5212,440814.36,420079.221,-0.0495000000000001,江苏,港口,20070426,
601008.SH,连云港,20150226,9.5172,9.4974,9.5766,9.1607,9.3984,1.0534,490708.33,465097.981,0.0990000000000002,江苏,港口,20070426,
601008.SH,连云港,20150225,9.1706,9.3984,9.636,9.131,9.2102,2.0434,423226.19,402918.316,0.18820000000000014,江苏,港口,20070426,
601008.SH,连云港,20150217,9.1607,9.2102,9.2894,9.0418,9.1013,1.1965,289263.28,268166.667,0.10890000000000022,江苏,港口,20070426,
601008.SH,连云港,20150216,8.9824,9.1013,9.1211,8.9428,9.0121,0.9898,242833.26,221534.291,0.08919999999999995,江苏,港口,20070426,
601008.SH,连云港,20150213,8.9923,9.0121,9.1211,8.923,9.022,-0.1097,335964.18,305905.533,-0.00990000000000002,江苏,港口,20070426,
601008.SH,连云港,20150212,8.6754,9.022,9.1607,8.6754,8.6754,3.9952,353546.06,319098.885,0.34660000000000046,江苏,港口,20070426,
601008.SH,连云港,20150211,8.7546,8.6754,8.7546,8.5665,8.7546,-0.9047,193242.09,168700.463,-0.07920000000000016,江苏,港口,20070426,
601008.SH,连云港,20150210,8.5863,8.7546,8.824,8.5368,8.4278,3.8776,289218.59,254678.195,0.3268000000000004,江苏,港口,20070426,
601008.SH,连云港,20150209,8.3486,8.4278,8.4773,8.2298,8.3486,0.9487,160672.45,135723.36,0.07920000000000016,江苏,港口,20070426,
601008.SH,连云港,20150206,8.5269,8.3486,8.6556,8.2793,8.6259,-3.2147,243341.14,206862.423,-0.2773000000000003,江苏,港口,20070426,
601008.SH,连云港,20150205,9.0616,8.6259,9.0815,8.5863,8.9527,-3.6503,377352.64,335321.366,-0.3268000000000004,江苏,港口,20070426,
601008.SH,连云港,20150204,8.9923,8.9527,9.1607,8.9329,9.0616,-1.2018,318470.16,290172.008,-0.10890000000000022,江苏,港口,20070426,
601008.SH,连云港,20150203,8.7943,9.0616,9.0914,8.5962,8.8735,2.1198,435002.59,386830.934,0.18810000000000038,江苏,港口,20070426,
601008.SH,连云港,20150202,8.9725,8.8735,9.1706,8.715,9.0914,-2.3968,386312.65,347853.931,-0.2179000000000002,江苏,港口,20070426,
601008.SH,连云港,20150130,9.4479,9.0914,9.646,9.0319,9.3191,-2.4434,499447.85,470944.089,-0.22770000000000046,江苏,港口,20070426,
601008.SH,连云港,20150129,9.4182,9.3191,9.5469,9.2894,9.7054,-3.9803,556714.25,528132.214,-0.38629999999999853,江苏,港口,20070426,
601008.SH,连云港,20150128,9.3092,9.7054,10.0025,9.1904,9.4083,3.1578,967109.14,940143.934,0.2970999999999986,江苏,港口,20070426,
601008.SH,连云港,20150127,9.4974,9.4083,9.6757,8.9131,9.4776,-0.7312,895071.56,846265.104,-0.06930000000000014,江苏,港口,20070426,
601008.SH,连云港,20150126,9.4083,9.4776,9.537,9.1607,9.5568,-0.8287,759551.76,720113.572,-0.07920000000000016,江苏,港口,20070426,
601008.SH,连云港,20150123,8.9131,9.5568,9.8836,8.8141,9.0121,6.0441,1328876.8,1266343.891,0.5447000000000006,江苏,港口,20070426,
601008.SH,连云港,20150122,8.5863,9.0121,9.3984,8.4674,8.6754,3.8811,885870.18,794607.696,0.33670000000000044,江苏,港口,20070426,
601008.SH,连云港,20150121,8.7447,8.6754,8.7447,8.4179,8.4872,2.2175,993324.88,862547.713,0.18820000000000014,江苏,港口,20070426,
601008.SH,连云港,20150120,8.1208,8.4872,8.4872,8.002,7.7148,10.0119,1072599.16,909660.058,0.7723999999999993,江苏,港口,20070426,
601008.SH,连云港,20150119,7.9723,7.7148,8.309,7.6256,8.4674,-8.8882,511744.85,415605.614,-0.7525999999999993,江苏,港口,20070426,
601008.SH,连云港,20150116,8.3189,8.4674,8.5665,8.101,8.3783,1.0635,580502.83,485613.056,0.08910000000000018,江苏,港口,20070426,
601008.SH,连云港,20150115,8.1802,8.3783,8.5566,7.9327,8.2694,1.3169,577897.04,481584.805,0.10890000000000022,江苏,港口,20070426,
601008.SH,连云港,20150114,8.7348,8.2694,8.7546,8.1406,8.8537,-6.5995,751742.52,638877.486,-0.5843000000000007,江苏,港口,20070426,
601008.SH,连云港,20150113,9.0022,8.8537,9.5865,8.6259,8.8438,0.1119,1338771.53,1240486.672,0.00990000000000002,江苏,港口,20070426,
601008.SH,连云港,20150112,8.2199,8.8438,8.8438,8.0218,8.0416,9.9756,1010781.8,850873.952,0.8021999999999991,江苏,港口,20070426,
601008.SH,连云港,20150109,7.7742,8.0416,8.2199,7.7247,7.9228,1.4995,604437.61,491364.915,0.11880000000000113,江苏,港口,20070426,
601008.SH,连云港,20150108,7.8237,7.9228,8.2793,7.5266,7.8534,0.8837,486019.67,390653.898,0.0693999999999999,江苏,港口,20070426,
601008.SH,连云港,20150107,7.7841,7.8534,7.9327,7.6356,7.7841,0.8903,337623.58,265515.131,0.06930000000000014,江苏,港口,20070426,
601008.SH,连云港,20150106,7.6851,7.7841,8.0218,7.586,7.7049,1.0279,355815.37,281554.795,0.07919999999999927,江苏,港口,20070426,
601008.SH,连云港,20150105,7.5167,7.7049,7.7742,7.5167,7.5167,2.5038,286383.47,221915.816,0.18820000000000014,江苏,港口,20070426,
601008.SH,连云港,20141231,7.3781,7.5167,7.5563,7.2493,7.3979,1.6059,203304.76,152641.671,0.11880000000000024,江苏,港口,20070426,
601008.SH,连云港,20141230,7.7049,7.3979,7.7049,7.3682,7.7742,-4.8404,300939.02,227312.396,-0.3763000000000005,江苏,港口,20070426,
601008.SH,连云港,20141229,8.0218,7.7742,8.101,7.6851,8.1109,-4.1512,476194.99,378070.884,-0.33670000000000044,江苏,港口,20070426,
601008.SH,连云港,20141226,7.8138,8.1109,8.2991,7.6157,7.794,4.0659,543989.47,438454.319,0.3169000000000013,江苏,港口,20070426,
601008.SH,连云港,20141225,7.6455,7.794,7.9128,7.5266,7.6256,2.2084,246240.22,193021.173,0.16839999999999922,江苏,港口,20070426,
601008.SH,连云港,20141224,7.5266,7.6256,7.7742,7.4771,7.4573,2.2568,230675.95,177515.248,0.16830000000000034,江苏,港口,20070426,
601008.SH,连云港,20141223,7.5167,7.4573,7.8831,7.2295,7.7346,-3.5852,353237.99,269436.367,-0.2773000000000003,江苏,港口,20070426,
601008.SH,连云港,20141222,8.4179,7.7346,8.4179,7.7346,8.5962,-10.023,688220.25,549182.454,-0.8615999999999993,江苏,港口,20070426,
601008.SH,连云港,20141219,8.3189,8.5962,8.9626,8.2298,8.3288,3.2105,720588.59,628988.916,0.2674000000000003,江苏,港口,20070426,
601008.SH,连云港,20141218,8.4179,8.3288,8.5665,8.2298,8.517,-2.2097,422076.53,355745.457,-0.18820000000000014,江苏,港口,20070426,
601008.SH,连云港,20141217,8.4377,8.517,8.8042,8.2694,8.4179,1.1773,701228.1,603961.588,0.09909999999999997,江苏,港口,20070426,
601008.SH,连云港,20141216,8.2298,8.4179,8.5665,8.0218,8.3486,0.8301,621804.33,520414.372,0.06930000000000014,江苏,港口,20070426,
601008.SH,连云港,20141215,8.6952,8.3486,8.8141,8.101,8.6358,-3.3257,700044.74,590379.802,-0.28720000000000034,江苏,港口,20070426,
601008.SH,连云港,20141212,9.1706,8.6358,9.2696,8.4278,9.1508,-5.6279,787927.74,692934.974,-0.5150000000000006,江苏,港口,20070426,
601008.SH,连云港,20141211,8.9824,9.1508,9.5073,8.6655,8.7348,4.7626,1095034.77,1013421.62,0.41600000000000037,江苏,港口,20070426,
601008.SH,连云港,20141210,8.3387,8.7348,8.7348,7.9327,7.9426,9.9741,1208652.08,1013632.592,0.7922000000000002,江苏,港口,20070426,
601008.SH,连云港,20141209,7.893,7.9426,8.2397,7.6752,7.487,6.0852,1613552.98,1309033.979,0.45559999999999956,江苏,港口,20070426,
601008.SH,连云港,20141208,7.1008,7.487,7.487,7.1008,6.8037,10.0431,1026333.08,762071.196,0.6833,江苏,港口,20070426,
601008.SH,连云港,20141205,7.0314,6.8037,7.0314,6.4075,7.0909,-4.0503,506496.43,347603.216,-0.28720000000000034,江苏,港口,20070426,
601008.SH,连云港,20141204,7.0116,7.0909,7.1602,6.9324,7.0017,1.274,477863.34,340704.943,0.08920000000000083,江苏,港口,20070426,
601008.SH,连云港,20141203,6.9522,7.0017,7.0512,6.8433,6.9621,0.5688,416168.79,291781.048,0.03959999999999919,江苏,港口,20070426,
601008.SH,连云港,20141202,6.8433,6.9621,7.1008,6.8235,6.8631,1.4425,323121.22,227108.304,0.0990000000000002,江苏,港口,20070426,
601008.SH,连云港,20141201,7.0612,6.8631,7.0909,6.8433,7.081,-3.0772,380333.21,265621.589,-0.2179000000000002,江苏,港口,20070426,
601008.SH,连云港,20141128,7.1008,7.081,7.2592,7.0215,7.1305,-0.6942,420632.78,301599.479,-0.04949999999999921,江苏,港口,20070426,
601008.SH,连云港,20141127,7.2295,7.1305,7.3682,7.0314,7.2889,-2.1732,448101.89,323882.421,-0.15840000000000032,江苏,港口,20070426,
601008.SH,连云港,20141126,7.3186,7.2889,7.3781,7.2097,7.4177,-1.7364,502766.89,369642.816,-0.12880000000000003,江苏,港口,20070426,
601008.SH,连云港,20141125,7.0612,7.4177,7.5266,7.0215,7.081,4.755,794620.71,586283.053,0.33669999999999956,江苏,港口,20070426,
601008.SH,连云港,20141124,7.0909,7.081,7.1602,6.8631,7.0512,0.4226,537951.49,383101.584,0.029800000000000715,江苏,港口,20070426,
601008.SH,连云港,20141121,6.9522,7.0512,7.081,6.9423,7.0215,0.423,380040.1,269311.386,0.02970000000000006,江苏,港口,20070426,
601008.SH,连云港,20141120,6.8829,7.0215,7.0711,6.8334,6.9918,0.4248,382559.59,268334.997,0.02970000000000006,江苏,港口,20070426,
601008.SH,连云港,20141119,7.0413,6.9918,7.2196,6.9324,7.1404,-2.0811,458585.07,327472.847,-0.14860000000000007,江苏,港口,20070426,
601008.SH,连云港,20141118,7.0215,7.1404,7.1701,6.9324,6.972,2.4154,532116.68,377820.413,0.16839999999999922,江苏,港口,20070426,
601008.SH,连云港,20141117,6.9423,6.972,7.0711,6.9027,6.9126,0.8593,488783.12,344741.853,0.05940000000000012,江苏,港口,20070426,
601008.SH,连云港,20141114,7.0215,6.9126,7.0612,6.7938,7.0017,-1.2725,490086.29,342373.693,-0.08909999999999929,江苏,港口,20070426,
601008.SH,连云港,20141113,7.18,7.0017,7.1899,6.9225,7.1899,-2.6176,580754.35,414538.538,-0.18820000000000014,江苏,港口,20070426,
601008.SH,连云港,20141112,7.1008,7.1899,7.2592,7.0017,7.2196,-0.4114,580291.7,417407.698,-0.02970000000000006,江苏,港口,20070426,
601008.SH,连云港,20141111,7.8237,7.2196,7.8336,7.1404,7.9327,-8.9894,1127114.02,835315.217,-0.7130999999999998,江苏,港口,20070426,
601008.SH,连云港,20141110,8.0713,7.9327,8.1505,7.7049,7.8336,1.2651,1404152.99,1125629.339,0.09909999999999997,江苏,港口,20070426,
601008.SH,连云港,20141107,8.0218,7.8336,8.2496,7.5761,7.8732,-0.503,1356751.09,1072934.968,-0.03960000000000008,江苏,港口,20070426,
601008.SH,连云港,20141106,7.9822,7.8732,8.0416,7.5068,8.0911,-2.6931,1150196.5,903350.817,-0.2179000000000011,江苏,港口,20070426,
601008.SH,连云港,20141105,7.9228,8.0911,8.4674,7.6752,7.695,5.1475,1816654.85,1499653.01,0.39610000000000056,江苏,港口,20070426,
601008.SH,连云港,20141104,7.695,7.695,7.695,7.695,6.9918,10.0575,86816.08,67456.094,0.7032000000000007,江苏,港口,20070426,
601008.SH,连云港,20141103,6.6947,6.9918,6.9918,6.5363,6.358,9.9685,768334.29,534855.975,0.6337999999999999,江苏,港口,20070426,
601008.SH,连云港,20141031,6.5561,6.358,6.5561,6.1401,5.9619,6.6439,1550602.63,1003953.192,0.3960999999999997,江苏,港口,20070426,
601008.SH,连云港,20141030,5.4667,5.9619,5.9619,5.4667,5.4172,10.055,537883.25,313717.413,0.5446999999999997,江苏,港口,20070426,
601008.SH,连云港,20141029,5.13,5.4172,5.5063,5.0706,5.1102,6.0076,665288.46,358392.184,0.3070000000000004,江苏,港口,20070426,
601008.SH,连云港,20141028,5.0508,5.1102,5.1399,5.0111,4.9814,2.5856,161970.32,82876.691,0.12880000000000003,江苏,港口,20070426,
601008.SH,连云港,20141027,4.8923,4.9814,5.021,4.8527,4.9715,0.1991,99857.38,50053.341,0.00990000000000002,江苏,港口,20070426,
601008.SH,连云港,20141024,4.9418,4.9715,4.9814,4.8032,4.9319,0.8029,139606.2,69069.039,0.03960000000000008,江苏,港口,20070426,
601008.SH,连云港,20141023,5.0309,4.9319,5.0706,4.9022,5.1399,-4.0468,226842.76,113770.989,-0.20800000000000018,江苏,港口,20070426,
601008.SH,连云港,20141022,5.2389,5.1399,5.4271,5.1003,5.1597,-0.3837,238872.1,126945.205,-0.01980000000000004,江苏,港口,20070426,
601008.SH,连云港,20141021,5.2488,5.1597,5.2983,5.1498,5.2983,-2.6159,187179.7,98816.442,-0.13860000000000028,江苏,港口,20070426,
601008.SH,连云港,20141020,5.1102,5.2983,5.3974,5.0607,5.1795,2.2937,266317.25,141370.075,0.11880000000000024,江苏,港口,20070426,
601008.SH,连云港,20141017,5.0508,5.1795,5.2092,4.9814,5.0607,2.3475,201392.71,103777.96,0.11880000000000024,江苏,港口,20070426,
601008.SH,连云港,20141016,5.1102,5.0607,5.1795,5.0508,5.1498,-1.7302,170466.05,88238.93,-0.08910000000000018,江苏,港口,20070426,
601008.SH,连云港,20141015,5.2785,5.1498,5.2983,5.0706,5.2785,-2.4382,224600.97,116918.79,-0.12870000000000026,江苏,港口,20070426,
601008.SH,连云港,20141014,5.3479,5.2785,5.4469,5.2191,5.4469,-3.0917,300158.02,161484.722,-0.1684000000000001,江苏,港口,20070426,
601008.SH,连云港,20141013,5.3677,5.4469,5.5063,5.338,5.3479,1.8512,389090.32,213224.949,0.0990000000000002,江苏,港口,20070426,
601008.SH,连云港,20141010,5.338,5.3479,5.4271,5.2686,5.4172,-1.2793,288910.41,156073.862,-0.06930000000000014,江苏,港口,20070426,
601008.SH,连云港,20141009,5.2785,5.4172,5.536,5.2092,5.2686,2.8205,493372.47,266914.541,0.14860000000000007,江苏,港口,20070426,
601008.SH,连云港,20141008,5.1894,5.2686,5.2884,5.1795,5.1894,1.5262,267148.57,141181.475,0.07920000000000016,江苏,港口,20070426,
601008.SH,连云港,20140930,5.2092,5.1894,5.2191,5.13,5.2092,-0.3801,182516.77,95300.764,-0.01980000000000004,江苏,港口,20070426,
601008.SH,连云港,20140929,5.1894,5.2092,5.2884,5.1696,5.1894,0.3815,204760.36,107941.818,0.01980000000000004,江苏,港口,20070426,
601008.SH,连云港,20140926,5.2488,5.1894,5.2686,5.1498,5.2884,-1.872,240623.56,126289.733,-0.0990000000000002,江苏,港口,20070426,
601008.SH,连云港,20140925,5.1003,5.2884,5.3974,5.0904,5.1102,3.4871,540236.51,286561.636,0.17820000000000036,江苏,港口,20070426,
601008.SH,连云港,20140924,5.0607,5.1102,5.1201,4.9913,5.0706,0.781,234723.01,120294.712,0.03960000000000008,江苏,港口,20070426,
601008.SH,连云港,20140923,5.0904,5.0706,5.13,4.9814,5.0706,0.0,240192.57,122628.626,0.0,江苏,港口,20070426,
601008.SH,连云港,20140922,5.1201,5.0706,5.1993,5.021,5.1696,-1.915,267691.55,138265.434,-0.0990000000000002,江苏,港口,20070426,
601008.SH,连云港,20140919,5.1795,5.1696,5.2092,5.0904,5.1399,0.5778,257637.4,133644.966,0.02970000000000006,江苏,港口,20070426,
601008.SH,连云港,20140918,5.1498,5.1399,5.3281,5.0805,5.2785,-2.6257,367947.31,192851.231,-0.13860000000000028,江苏,港口,20070426,
601008.SH,连云港,20140917,5.1498,5.2785,5.3875,5.0111,5.1894,1.717,561668.9,294308.176,0.08910000000000018,江苏,港口,20070426,
601008.SH,连云港,20140916,5.4469,5.1894,5.4865,5.1102,5.6053,-7.4198,764751.88,411020.011,-0.4158999999999997,江苏,港口,20070426,
601008.SH,连云港,20140915,5.2983,5.6053,5.744,5.2983,5.2191,7.3997,1017394.77,575016.859,0.38619999999999965,江苏,港口,20070426,
601008.SH,连云港,20140912,5.3776,5.2191,5.5063,5.1003,5.1003,2.3293,1085898.73,576977.778,0.11880000000000024,江苏,港口,20070426,
601008.SH,连云港,20140911,4.6249,5.1003,5.1003,4.6249,4.6348,10.0436,456862.92,230508.186,0.4654999999999996,江苏,港口,20070426,
601008.SH,连云港,20140910,4.714,4.6348,4.714,4.5457,4.7338,-2.0913,286501.83,133775.148,-0.09899999999999931,江苏,港口,20070426,
601008.SH,连云港,20140909,4.6744,4.7338,4.8428,4.615,4.6546,1.7015,385352.59,184441.772,0.07919999999999927,江苏,港口,20070426,
601008.SH,连云港,20140905,4.4863,4.6546,4.9022,4.4665,4.5358,2.6192,562230.66,265108.799,0.11880000000000024,江苏,港口,20070426,
601008.SH,连云港,20140904,4.3971,4.5358,4.5457,4.3872,4.407,2.9226,356809.21,161121.184,0.12880000000000003,江苏,港口,20070426,
601008.SH,连云港,20140903,4.4764,4.407,4.5061,4.3872,4.4466,-0.8906,274090.98,122499.079,-0.03960000000000008,江苏,港口,20070426,
601008.SH,连云港,20140902,4.3179,4.4466,4.516,4.2981,4.2684,4.1749,393789.34,175778.253,0.17820000000000036,江苏,港口,20070426,
601008.SH,连云港,20140901,4.209,4.2684,4.2981,4.1892,4.2189,1.1733,118508.64,50862.914,0.0495000000000001,江苏,港口,20070426,
601008.SH,连云港,20140829,4.1892,4.2189,4.2288,4.1693,4.1892,0.709,76566.55,32499.954,0.02970000000000006,江苏,港口,20070426,
601008.SH,连云港,20140828,4.3377,4.1892,4.3575,4.1793,4.3377,-3.4235,168511.19,72219.202,-0.1485000000000003,江苏,港口,20070426,
601008.SH,连云港,20140827,4.4169,4.3377,4.4565,4.3179,4.4665,-2.8837,216186.16,95483.199,-0.12880000000000003,江苏,港口,20070426,
601008.SH,连云港,20140826,4.407,4.4665,4.5358,4.2783,4.4466,0.4475,459393.29,206809.54,0.019899999999999807,江苏,港口,20070426,
601008.SH,连云港,20140825,4.3575,4.4466,4.516,4.3179,4.3674,1.8134,336256.83,149801.173,0.07920000000000016,江苏,港口,20070426,
601008.SH,连云港,20140822,4.2486,4.3674,4.4367,4.1991,4.2684,2.3194,387756.75,170022.695,0.0990000000000002,江苏,港口,20070426,
601008.SH,连云港,20140821,4.2882,4.2684,4.2981,4.209,4.2981,-0.691,156832.33,67299.237,-0.02970000000000006,江苏,港口,20070426,
601008.SH,连云港,20140820,4.2387,4.2981,4.3773,4.2288,4.2486,1.1651,227317.63,99033.612,0.0495000000000001,江苏,港口,20070426,
601008.SH,连云港,20140819,4.2486,4.2486,4.2486,4.209,4.2585,-0.2325,107422.27,45893.28,-0.00990000000000002,江苏,港口,20070426,
601008.SH,连云港,20140818,4.2486,4.2585,4.2585,4.209,4.2387,0.4671,161831.5,69314.618,0.01980000000000004,江苏,港口,20070426,
601008.SH,连云港,20140815,4.2486,4.2387,4.2684,4.209,4.209,0.7056,118078.07,50409.45,0.02970000000000006,江苏,港口,20070426,
601008.SH,连云港,20140814,4.2387,4.209,4.2882,4.1991,4.2288,-0.4682,204186.1,87604.087,-0.01980000000000004,江苏,港口,20070426,
601008.SH,连云港,20140813,4.1793,4.2288,4.2387,4.1594,4.1793,1.1844,156736.38,66537.648,0.0495000000000001,江苏,港口,20070426,
601008.SH,连云港,20140812,4.1793,4.1793,4.1892,4.1495,4.1793,0.0,81610.47,34317.12,0.0,江苏,港口,20070426,
601008.SH,连云港,20140811,4.1495,4.1793,4.1892,4.1396,4.1396,0.959,78663.48,33115.439,0.039699999999999847,江苏,港口,20070426,
601008.SH,连云港,20140808,4.1495,4.1396,4.1693,4.1198,4.1495,-0.2386,90388.94,37785.324,-0.00990000000000002,江苏,港口,20070426,
601008.SH,连云港,20140807,4.209,4.1495,4.2189,4.1396,4.209,-1.4136,109272.61,46050.963,-0.059499999999999886,江苏,港口,20070426,
601008.SH,连云港,20140806,4.2288,4.209,4.2288,4.1793,4.2387,-0.7007,112073.73,47514.792,-0.02970000000000006,江苏,港口,20070426,
601008.SH,连云港,20140805,4.2189,4.2387,4.2486,4.1693,4.2189,0.4693,171392.73,72854.987,0.01980000000000004,江苏,港口,20070426,
601008.SH,连云港,20140804,4.1495,4.2189,4.2387,4.1396,4.1793,0.9475,155170.33,65591.259,0.03960000000000008,江苏,港口,20070426,
601008.SH,连云港,20140801,4.1892,4.1793,4.2585,4.1495,4.1991,-0.4715,146653.16,62245.916,-0.01980000000000004,江苏,港口,20070426,
601008.SH,连云港,20140731,4.1693,4.1991,4.209,4.1495,4.1594,0.9545,107293.79,45298.462,0.039699999999999847,江苏,港口,20070426,
601008.SH,连云港,20140730,4.1892,4.1594,4.2189,4.1396,4.1991,-0.9454,103453.56,43520.894,-0.039699999999999847,江苏,港口,20070426,
601008.SH,连云港,20140729,4.1495,4.1991,4.2288,4.1099,4.1495,1.1953,165492.1,69808.398,0.049599999999999866,江苏,港口,20070426,
601008.SH,连云港,20140728,4.0901,4.1495,4.1892,4.0802,4.0604,2.1944,155994.45,65164.363,0.08910000000000018,江苏,港口,20070426,
601008.SH,连云港,20140725,4.0307,4.0604,4.0703,4.0208,4.0406,0.49,74368.89,30403.038,0.01979999999999915,江苏,港口,20070426,
601008.SH,连云港,20140724,4.0901,4.0406,4.0901,4.0208,4.0901,-1.2102,99095.32,40529.358,-0.04949999999999921,江苏,港口,20070426,
601008.SH,连云港,20140723,4.0802,4.0901,4.1198,4.0604,4.0703,0.4865,84398.76,34822.92,0.01980000000000004,江苏,港口,20070426,
601008.SH,连云港,20140722,4.1,4.0703,4.1,4.0307,4.0703,0.0,67117.04,27617.973,0.0,江苏,港口,20070426,
601008.SH,连云港,20140721,4.1396,4.0703,4.1495,4.0703,4.1198,-1.2015,80905.69,33539.534,-0.0495000000000001,江苏,港口,20070426,
601008.SH,连云港,20140718,4.0505,4.1198,4.1396,3.9911,4.0604,1.4629,78086.8,32228.997,0.05940000000000012,江苏,港口,20070426,
601008.SH,连云港,20140717,4.1396,4.0604,4.1396,4.0406,4.1297,-1.6781,82018.58,33808.501,-0.06930000000000014,江苏,港口,20070426,
601008.SH,连云港,20140716,4.1198,4.1297,4.1793,4.1,4.1099,0.4818,115617.33,48335.565,0.01980000000000004,江苏,港口,20070426,
601008.SH,连云港,20140715,4.1594,4.1099,4.1793,4.0901,4.1594,-1.1901,125058.11,52026.127,-0.0495000000000001,江苏,港口,20070426,
601008.SH,连云港,20140714,4.1991,4.1594,4.209,4.1396,4.1693,-0.2374,105246.95,44207.399,-0.00990000000000002,江苏,港口,20070426,
601008.SH,连云港,20140711,4.1594,4.1693,4.2387,4.1297,4.1793,-0.2393,156770.11,66186.843,-0.009999999999999787,江苏,港口,20070426,
601008.SH,连云港,20140710,4.001,4.1793,4.308,3.9911,4.0208,3.942,276717.38,116917.799,0.1584999999999992,江苏,港口,20070426,
601008.SH,连云港,20140709,4.1198,4.0208,4.1198,4.0109,4.1198,-2.403,129384.52,53046.842,-0.09899999999999931,江苏,港口,20070426,
601008.SH,连云港,20140708,4.1,4.1198,4.1198,4.0703,4.1,0.4829,92731.24,38384.004,0.01980000000000004,江苏,港口,20070426,
601008.SH,连云港,20140707,4.1991,4.1,4.1991,4.0901,4.1892,-2.1293,156280.02,65041.36,-0.08919999999999995,江苏,港口,20070426,
601008.SH,连云港,20140704,4.4565,4.1892,4.4565,4.1693,4.4565,-5.998,317509.51,135951.152,-0.26730000000000054,江苏,港口,20070426,
601008.SH,连云港,20140703,4.3674,4.4565,4.5853,4.2585,4.3674,2.0401,506290.97,228715.087,0.08910000000000018,江苏,港口,20070426,
601008.SH,连云港,20140702,4.1495,4.3674,4.5259,4.1,4.1693,4.7514,427474.76,186005.203,0.19810000000000016,江苏,港口,20070426,
601008.SH,连云港,20140701,4.1,4.1693,4.2882,4.0109,4.0604,2.682,216625.14,90603.548,0.10890000000000022,江苏,港口,20070426,
601008.SH,连云港,20140630,3.9812,4.0604,4.0901,3.9614,3.9614,2.4991,132449.04,54059.373,0.09899999999999975,江苏,港口,20070426,
601008.SH,连云港,20140627,3.9317,3.9614,4.0109,3.902,3.9317,0.7554,108190.72,43417.798,0.029699999999999616,江苏,港口,20070426,
601008.SH,连云港,20140626,3.8921,3.9317,3.9515,3.8722,3.902,0.7611,85937.1,34088.407,0.02970000000000006,江苏,港口,20070426,
601008.SH,连云港,20140625,3.9614,3.902,3.9812,3.8821,4.0109,-2.7151,111057.44,43936.936,-0.10890000000000022,江苏,港口,20070426,
601008.SH,连云港,20140624,4.001,4.0109,4.0604,3.8722,4.001,0.2474,206140.15,82231.252,0.00990000000000002,江苏,港口,20070426,
601008.SH,连云港,20140623,4.0604,4.001,4.0802,3.9713,4.0505,-1.2221,139554.61,56406.959,-0.0495000000000001,江苏,港口,20070426,
601008.SH,连云港,20140620,3.8764,4.0526,4.0721,3.8372,3.9057,3.7612,159202.78,64131.074,0.14690000000000003,江苏,港口,20070426,
601008.SH,连云港,20140619,4.0623,3.9057,4.0917,3.8372,4.0819,-4.3166,125888.03,51068.049,-0.17620000000000013,江苏,港口,20070426,
601008.SH,连云港,20140618,4.0917,4.0819,4.17,4.0623,4.0623,0.4825,123666.5,52073.892,0.019600000000000506,江苏,港口,20070426,
601008.SH,连云港,20140617,4.1504,4.0623,4.1504,4.0526,4.1504,-2.1227,102357.14,42694.653,-0.08810000000000073,江苏,港口,20070426,
601008.SH,连云港,20140616,4.1504,4.1504,4.2092,4.1015,4.1798,-0.7034,148822.52,62924.185,-0.02939999999999987,江苏,港口,20070426,
601008.SH,连云港,20140613,4.2288,4.1798,4.2777,4.1309,4.2777,-2.2886,200795.46,85811.682,-0.0979000000000001,江苏,港口,20070426,
601008.SH,连云港,20140612,4.2385,4.2777,4.542,4.2385,4.1602,2.8244,334756.28,148734.997,0.1175000000000006,江苏,港口,20070426,
601008.SH,连云港,20140611,4.1309,4.1602,4.2288,4.0721,4.1309,0.7093,155778.72,66158.278,0.029300000000000104,江苏,港口,20070426,
601008.SH,连云港,20140610,4.0036,4.1309,4.1896,3.9938,3.9938,3.4328,178223.62,75078.789,0.13709999999999978,江苏,港口,20070426,
601008.SH,连云港,20140609,4.0526,3.9938,4.0917,3.9742,4.0623,-1.6862,86909.74,35752.866,-0.06849999999999978,江苏,港口,20070426,
601008.SH,连云港,20140606,4.1113,4.0623,4.1602,4.033,4.1211,-1.4268,125257.43,52282.04,-0.05880000000000063,江苏,港口,20070426,
601008.SH,连云港,20140605,4.033,4.1211,4.17,4.0134,4.0134,2.6835,154667.36,64607.517,0.10770000000000035,江苏,港口,20070426,
601008.SH,连云港,20140604,4.1309,4.0134,4.1309,3.9938,4.1407,-3.0744,147395.95,60727.879,-0.12729999999999997,江苏,港口,20070426,
601008.SH,连云港,20140603,4.1407,4.1407,4.1798,4.0917,4.1407,0.0,101645.64,42882.162,0.0,江苏,港口,20070426,
601008.SH,连云港,20140530,4.2385,4.1407,4.2385,4.0819,4.2483,-2.5328,212514.5,89895.404,-0.10760000000000058,江苏,港口,20070426,
601008.SH,连云港,20140529,4.4147,4.2483,4.4441,4.2385,4.4147,-3.7692,219367.54,97056.944,-0.16639999999999944,江苏,港口,20070426,
601008.SH,连云港,20140528,4.4147,4.4147,4.4539,4.3364,4.4539,-0.8801,191067.55,85763.208,-0.039200000000000124,江苏,港口,20070426,
601008.SH,连云港,20140527,4.3854,4.4539,4.5518,4.3266,4.4441,0.2205,278958.63,126617.03,0.009800000000000253,江苏,港口,20070426,
601008.SH,连云港,20140526,4.3952,4.4441,4.4735,4.2385,4.4147,0.666,258753.04,115558.216,0.02939999999999987,江苏,港口,20070426,
601008.SH,连云港,20140523,4.542,4.4147,4.5714,4.356,4.6497,-5.0541,375475.72,170356.883,-0.23500000000000032,江苏,港口,20070426,
601008.SH,连云港,20140522,4.4343,4.6497,4.7573,4.3756,4.493,3.4876,551824.44,257394.341,0.15669999999999984,江苏,港口,20070426,
601008.SH,连云港,20140521,4.5518,4.493,4.5518,4.356,4.5714,-1.715,348863.55,158522.805,-0.07839999999999936,江苏,港口,20070426,
601008.SH,连云港,20140520,4.7182,4.5714,4.728,4.5224,4.6986,-2.7072,546763.69,257007.182,-0.1272000000000002,江苏,港口,20070426,
601008.SH,连云港,20140519,4.5616,4.6986,4.8748,4.5028,4.542,3.4478,760182.05,361797.02,0.15660000000000007,江苏,港口,20070426,
601008.SH,连云港,20140516,4.1113,4.542,4.542,3.9938,4.1309,9.9518,467380.28,205040.38,0.41110000000000024,江苏,港口,20070426,
601008.SH,连云港,20140515,4.1602,4.1309,4.3756,4.0721,4.1994,-1.6312,311692.97,134503.209,-0.06850000000000023,江苏,港口,20070426,
601008.SH,连云港,20140514,4.1602,4.1994,4.356,4.1113,4.1994,0.0,385733.62,167699.249,0.0,江苏,港口,20070426,
601008.SH,连云港,20140513,4.0134,4.1994,4.2385,3.9547,4.0232,4.3796,367062.08,154221.811,0.1761999999999997,江苏,港口,20070426,
601008.SH,连云港,20140512,4.0134,4.0232,4.1211,3.9449,3.984,0.9839,193631.98,80130.957,0.039200000000000124,江苏,港口,20070426,
601008.SH,连云港,20140509,4.0526,3.984,4.0721,3.9645,4.1113,-3.0963,152606.5,62505.317,-0.12729999999999997,江苏,港口,20070426,
601008.SH,连云港,20140508,3.8666,4.1113,4.1602,3.8372,3.8568,6.5987,280802.93,115054.191,0.25450000000000017,江苏,港口,20070426,
601008.SH,连云港,20140507,3.9938,3.8568,4.0134,3.8372,4.033,-4.369,174320.67,69469.474,-0.17620000000000058,江苏,港口,20070426,
601008.SH,连云港,20140506,4.0917,4.033,4.1798,3.9645,4.1407,-2.601,236623.66,97684.274,-0.10769999999999946,江苏,港口,20070426,
601008.SH,连云港,20140505,3.9057,4.1407,4.1896,3.8861,3.9742,4.1895,335783.8,138741.251,0.16649999999999965,江苏,港口,20070426,
601008.SH,连云港,20140430,3.7002,3.9742,4.0917,3.6708,3.7295,6.5612,358048.92,144337.157,0.24470000000000036,江苏,港口,20070426,
601008.SH,连云港,20140429,3.7785,3.7295,3.8372,3.5925,3.8372,-2.8067,270666.61,101729.567,-0.10770000000000035,江苏,港口,20070426,
601008.SH,连云港,20140428,3.9155,3.8372,4.1504,3.798,3.9742,-3.4472,305607.38,124309.076,-0.137,江苏,港口,20070426,
601008.SH,连云港,20140425,4.0232,3.9742,4.2288,3.9645,4.033,-1.458,395370.67,166027.135,-0.058800000000000185,江苏,港口,20070426,
601008.SH,连云港,20140424,4.1211,4.033,4.1896,3.984,4.2581,-5.2864,390043.06,162802.131,-0.2250999999999994,江苏,港口,20070426,
601008.SH,连云港,20140423,4.1798,4.2581,4.3364,4.0134,3.9742,7.1436,761759.04,324069.985,0.2838999999999996,江苏,港口,20070426,
601008.SH,连云港,20140422,3.7295,3.9742,3.9742,3.6512,3.6121,10.0246,160749.0,64591.341,0.3621000000000003,江苏,港口,20070426,
601008.SH,连云港,20140421,3.7295,3.6121,3.7491,3.5925,3.7687,-4.1553,87804.27,33076.962,-0.15660000000000007,江苏,港口,20070426,
601008.SH,连云港,20140418,3.8078,3.7687,3.8568,3.7589,3.847,-2.0354,109018.35,42345.037,-0.07830000000000004,江苏,港口,20070426,
601008.SH,连云港,20140417,3.6904,3.847,3.8959,3.6512,3.7197,3.4223,189964.1,73257.862,0.12729999999999997,江苏,港口,20070426,
601008.SH,连云港,20140416,3.7589,3.7197,3.7785,3.6904,3.7785,-1.5562,73137.62,27871.752,-0.058800000000000185,江苏,港口,20070426,
601008.SH,连云港,20140415,3.7883,3.7785,3.798,3.6708,3.8078,-0.7695,128497.86,48876.412,-0.02929999999999966,江苏,港口,20070426,
601008.SH,连云港,20140414,3.798,3.8078,3.8176,3.7197,3.8274,-0.5121,142053.53,54758.727,-0.019600000000000062,江苏,港口,20070426,
601008.SH,连云港,20140411,3.7002,3.8274,3.8666,3.6806,3.7002,3.4377,258897.19,100791.668,0.12719999999999976,江苏,港口,20070426,
601008.SH,连云港,20140410,3.5925,3.7002,3.7687,3.5925,3.5827,3.2796,172357.74,65048.754,0.11750000000000016,江苏,港口,20070426,
601008.SH,连云港,20140409,3.5533,3.5827,3.6121,3.5337,3.5631,0.5501,48029.11,17571.487,0.019600000000000062,江苏,港口,20070426,
601008.SH,连云港,20140408,3.5435,3.5631,3.5729,3.4946,3.5435,0.5531,46477.59,16793.476,0.019600000000000062,江苏,港口,20070426,
601008.SH,连云港,20140404,3.5044,3.5435,3.5533,3.4946,3.4946,1.3993,40087.4,14450.07,0.04889999999999972,江苏,港口,20070426,
601008.SH,连云港,20140403,3.6218,3.4946,3.6414,3.4946,3.6414,-4.0314,84435.44,30589.491,-0.14679999999999982,江苏,港口,20070426,
601008.SH,连云港,20140402,3.6512,3.6414,3.7002,3.6218,3.7099,-1.8464,90589.6,33759.839,-0.06850000000000023,江苏,港口,20070426,
601008.SH,连云港,20140401,3.5729,3.7099,3.798,3.4946,3.6023,2.987,174290.29,65469.962,0.10760000000000014,江苏,港口,20070426,
601008.SH,连云港,20140331,3.6121,3.6023,3.7393,3.5729,3.6218,-0.5384,140166.83,52434.402,-0.01949999999999985,江苏,港口,20070426,
601008.SH,连云港,20140328,3.5533,3.6218,3.661,3.5142,3.5533,1.9278,111766.55,41091.404,0.06849999999999978,江苏,港口,20070426,
601008.SH,连云港,20140327,3.4848,3.5533,3.6414,3.4848,3.5044,1.3954,102196.18,37260.594,0.048900000000000166,江苏,港口,20070426,
601008.SH,连云港,20140326,3.5533,3.5044,3.5729,3.4848,3.5533,-1.3762,50418.72,18090.818,-0.048900000000000166,江苏,港口,20070426,
601008.SH,连云港,20140325,3.5631,3.5533,3.6121,3.5142,3.5533,0.0,98774.26,35957.063,0.0,江苏,港口,20070426,
601008.SH,连云港,20140324,3.3869,3.5533,3.5631,3.3869,3.3869,4.913,112755.71,40468.088,0.16640000000000033,江苏,港口,20070426,
601008.SH,连云港,20140321,3.3282,3.3869,3.4163,3.2792,3.3282,1.7637,59187.88,20346.333,0.058699999999999974,江苏,港口,20070426,
601008.SH,连云港,20140320,3.3869,3.3282,3.4456,3.3282,3.3869,-1.7331,56805.78,19700.855,-0.058699999999999974,江苏,港口,20070426,
601008.SH,连云港,20140319,3.3673,3.3869,3.4065,3.3282,3.3673,0.5821,50996.96,17560.27,0.019599999999999618,江苏,港口,20070426,
601008.SH,连云港,20140318,3.3086,3.3673,3.3771,3.3086,3.3282,1.1748,51737.66,17673.865,0.03910000000000036,江苏,港口,20070426,
601008.SH,连云港,20140317,3.2792,3.3282,3.3282,3.2597,3.2695,1.7954,32948.23,11122.948,0.058699999999999974,江苏,港口,20070426,
601008.SH,连云港,20140314,3.2988,3.2695,3.2988,3.2401,3.2988,-0.8882,34066.5,11375.032,-0.029300000000000104,江苏,港口,20070426,
601008.SH,连云港,20140313,3.2792,3.2988,3.3184,3.2792,3.2695,0.8962,40348.53,13569.522,0.029300000000000104,江苏,港口,20070426,
601008.SH,连云港,20140312,3.2988,3.2695,3.2988,3.2401,3.289,-0.5929,46702.37,15596.245,-0.019500000000000295,江苏,港口,20070426,
601008.SH,连云港,20140311,3.2792,3.289,3.3086,3.2303,3.2792,0.2989,48274.04,16144.438,0.009800000000000253,江苏,港口,20070426,
601008.SH,连云港,20140310,3.4261,3.2792,3.4261,3.2695,3.475,-5.6345,60027.26,20554.762,-0.1958000000000002,江苏,港口,20070426,
601008.SH,连云港,20140307,3.4848,3.475,3.5337,3.4261,3.4946,-0.5609,56978.5,20212.051,-0.019600000000000062,江苏,港口,20070426,
601008.SH,连云港,20140306,3.5044,3.4946,3.5827,3.4554,3.5044,-0.2796,70185.81,25243.321,-0.009799999999999809,江苏,港口,20070426,
601008.SH,连云港,20140305,3.6023,3.5044,3.6218,3.4848,3.5827,-2.1855,55469.44,20117.857,-0.07830000000000004,江苏,港口,20070426,
601008.SH,连云港,20140304,3.4652,3.5827,3.6121,3.4456,3.4848,2.8093,108872.98,39641.533,0.0979000000000001,江苏,港口,20070426,
601008.SH,连云港,20140303,3.4456,3.4848,3.4848,3.4261,3.4359,1.4232,59817.72,21146.455,0.04889999999999972,江苏,港口,20070426,
601008.SH,连云港,20140228,3.3575,3.4359,3.524,3.3478,3.3575,2.3351,66524.51,23246.065,0.07840000000000025,江苏,港口,20070426,
601008.SH,连云港,20140227,3.3869,3.3575,3.4554,3.3478,3.3869,-0.8681,58802.21,20502.063,-0.02939999999999987,江苏,港口,20070426,
601008.SH,连云港,20140226,3.4163,3.3869,3.4261,3.2988,3.4065,-0.5754,74113.13,25354.338,-0.019600000000000062,江苏,港口,20070426,
601008.SH,连云港,20140225,3.5044,3.4065,3.6121,3.3967,3.524,-3.3343,88955.61,31884.791,-0.11750000000000016,江苏,港口,20070426,
601008.SH,连云港,20140224,3.5925,3.524,3.6023,3.4554,3.6121,-2.439,89734.65,32323.732,-0.08809999999999985,江苏,港口,20070426,
601008.SH,连云港,20140221,3.6218,3.6121,3.6806,3.5729,3.6512,-1.0709,86671.48,32049.904,-0.03909999999999991,江苏,港口,20070426,
601008.SH,连云港,20140220,3.6708,3.6512,3.7295,3.6121,3.7099,-1.5823,85466.22,31963.023,-0.05870000000000042,江苏,港口,20070426,
601008.SH,连云港,20140219,3.6904,3.7099,3.7589,3.6316,3.6904,0.5284,133186.26,50184.064,0.019500000000000295,江苏,港口,20070426,
601008.SH,连云港,20140218,3.7197,3.6904,3.7393,3.6414,3.7589,-1.8223,143683.72,54030.708,-0.06850000000000023,江苏,港口,20070426,
601008.SH,连云港,20140217,3.7785,3.7589,3.8078,3.661,3.7785,-0.5187,139824.68,53065.42,-0.019600000000000062,江苏,港口,20070426,
601008.SH,连云港,20140214,3.5533,3.7785,3.847,3.5533,3.6218,4.3266,211012.12,80672.417,0.15670000000000028,江苏,港口,20070426,
601008.SH,连云港,20140213,3.5044,3.6218,3.7295,3.4456,3.4946,3.6399,188133.54,69014.634,0.12719999999999976,江苏,港口,20070426,
601008.SH,连云港,20140212,3.4554,3.4946,3.5044,3.4261,3.4652,0.8484,78436.58,27767.189,0.029400000000000315,江苏,港口,20070426,
601008.SH,连云港,20140211,3.4456,3.4652,3.475,3.3869,3.4261,1.1412,79135.19,27733.664,0.03909999999999991,江苏,港口,20070426,
601008.SH,连云港,20140210,3.3673,3.4261,3.4554,3.338,3.3673,1.7462,84668.89,29552.366,0.05879999999999974,江苏,港口,20070426,
601008.SH,连云港,20140207,3.2401,3.3673,3.4163,3.2303,3.2401,3.9258,88599.91,30320.516,0.1272000000000002,江苏,港口,20070426,
601008.SH,连云港,20140130,3.2597,3.2401,3.2695,3.2205,3.2597,-0.6013,24143.0,7974.007,-0.019600000000000062,江苏,港口,20070426,
601008.SH,连云港,20140129,3.2597,3.2597,3.2695,3.2401,3.2695,-0.2997,26117.67,8690.068,-0.009799999999999809,江苏,港口,20070426,
601008.SH,连云港,20140128,3.2205,3.2695,3.2792,3.2107,3.2107,1.8314,31438.7,10436.679,0.05879999999999974,江苏,港口,20070426,
601008.SH,连云港,20140127,3.2988,3.2107,3.2988,3.2009,3.2988,-2.6707,48590.6,16181.27,-0.08809999999999985,江苏,港口,20070426,
601008.SH,连云港,20140124,3.2107,3.2988,3.3282,3.2107,3.2401,1.8117,51892.13,17442.292,0.058699999999999974,江苏,港口,20070426,
601008.SH,连云港,20140123,3.2597,3.2401,3.2695,3.2303,3.2499,-0.3015,40992.82,13605.454,-0.009799999999999809,江苏,港口,20070426,
601008.SH,连云港,20140122,3.1716,3.2499,3.2695,3.1618,3.1716,2.4688,63657.62,21053.785,0.07829999999999959,江苏,港口,20070426,
601008.SH,连云港,20140121,3.1128,3.1716,3.1814,3.103,3.1128,1.889,35734.29,11509.446,0.058800000000000185,江苏,港口,20070426,
601008.SH,连云港,20140120,3.1324,3.1128,3.1422,3.0835,3.1226,-0.3138,42907.96,13617.313,-0.009799999999999809,江苏,港口,20070426,
601008.SH,连云港,20140117,3.152,3.1226,3.1814,3.1226,3.1814,-1.8482,38792.07,12487.217,-0.058800000000000185,江苏,港口,20070426,
601008.SH,连云港,20140116,3.2303,3.1814,3.2499,3.1814,3.2303,-1.5138,48555.62,15951.146,-0.048900000000000166,江苏,港口,20070426,
601008.SH,连云港,20140115,3.2499,3.2303,3.2499,3.1814,3.2303,0.0,45072.29,14756.412,0.0,江苏,港口,20070426,
601008.SH,连云港,20140114,3.1716,3.2303,3.2401,3.152,3.1814,1.5371,45549.24,14892.895,0.048900000000000166,江苏,港口,20070426,
601008.SH,连云港,20140113,3.2009,3.1814,3.2401,3.1324,3.2009,-0.6092,51147.8,16551.012,-0.01949999999999985,江苏,港口,20070426,
601008.SH,连云港,20140110,3.3282,3.2009,3.3575,3.1618,3.3184,-3.5409,72692.74,23980.815,-0.11750000000000016,江苏,港口,20070426,
601008.SH,连云港,20140109,3.3086,3.3184,3.3869,3.2597,3.2988,0.5942,75694.26,25592.421,0.019600000000000062,江苏,港口,20070426,
601008.SH,连云港,20140108,3.3673,3.2988,3.3771,3.2792,3.3478,-1.4636,57338.43,19470.346,-0.04899999999999993,江苏,港口,20070426,
601008.SH,连云港,20140107,3.3086,3.3478,3.3967,3.2988,3.338,0.2936,47839.25,16384.708,0.009799999999999809,江苏,港口,20070426,
601008.SH,连云港,20140106,3.5533,3.338,3.5631,3.3282,3.5631,-6.3175,91011.9,31750.223,-0.22509999999999986,江苏,港口,20070426,
601008.SH,连云港,20140103,3.6512,3.5631,3.6512,3.5337,3.6414,-2.1503,60531.74,22048.072,-0.07830000000000004,江苏,港口,20070426,
601008.SH,连云港,20140102,3.7002,3.6414,3.7002,3.6218,3.7002,-1.5891,58288.44,21688.458,-0.058800000000000185,江苏,港口,20070426,
601008.SH,连云港,20131231,3.6806,3.7002,3.7393,3.661,3.7099,-0.2615,65691.23,24740.422,-0.009700000000000042,江苏,港口,20070426,
601008.SH,连云港,20131230,3.6121,3.7099,3.7491,3.6121,3.6218,2.4325,116598.74,44035.745,0.08810000000000029,江苏,港口,20070426,
601008.SH,连云港,20131227,3.5729,3.6218,3.6414,3.5533,3.5729,1.3686,55757.46,20541.262,0.04889999999999972,江苏,港口,20070426,
601008.SH,连云港,20131226,3.6218,3.5729,3.6414,3.5533,3.6414,-1.8811,70506.74,25907.354,-0.06849999999999978,江苏,港口,20070426,
601008.SH,连云港,20131225,3.5631,3.6414,3.6512,3.524,3.5729,1.9172,85481.24,31415.522,0.06849999999999978,江苏,港口,20070426,
601008.SH,连云港,20131224,3.5435,3.5729,3.6512,3.524,3.524,1.3876,89082.11,32573.461,0.048900000000000166,江苏,港口,20070426,
601008.SH,连云港,20131223,3.5435,3.524,3.6023,3.4848,3.6023,-2.1736,99164.09,35874.717,-0.07830000000000004,江苏,港口,20070426,
601008.SH,连云港,20131220,3.6512,3.6023,3.6806,3.5631,3.6512,-1.3393,79078.64,29082.349,-0.04889999999999972,江苏,港口,20070426,
601008.SH,连云港,20131219,3.6806,3.6512,3.7099,3.6218,3.661,-0.2677,67801.2,25348.209,-0.009800000000000253,江苏,港口,20070426,
601008.SH,连云港,20131218,3.7295,3.661,3.7393,3.6316,3.7295,-1.8367,92939.58,34885.003,-0.06849999999999978,江苏,港口,20070426,
601008.SH,连云港,20131217,3.847,3.7295,3.8959,3.7099,3.8861,-4.0297,136553.58,52432.76,-0.15660000000000007,江苏,港口,20070426,
601008.SH,连云港,20131216,3.984,3.8861,4.0526,3.8764,3.8764,0.2502,196290.69,79591.463,0.009700000000000042,江苏,港口,20070426,
601008.SH,连云港,20131213,3.7883,3.8764,3.9155,3.7687,3.7785,2.591,180436.07,71210.275,0.09789999999999965,江苏,港口,20070426,
601008.SH,连云港,20131212,3.8666,3.7785,3.8764,3.7491,3.8274,-1.2776,131188.85,51056.397,-0.04889999999999972,江苏,港口,20070426,
601008.SH,连云港,20131211,3.8666,3.8274,3.9057,3.8176,3.8764,-1.2641,123335.46,48627.257,-0.04899999999999993,江苏,港口,20070426,
601008.SH,连云港,20131210,3.8764,3.8764,3.9449,3.798,3.8764,0.0,218216.82,86282.885,0.0,江苏,港口,20070426,
601008.SH,连云港,20131209,3.9742,3.8764,4.0526,3.8666,3.9938,-2.9396,194663.88,78479.752,-0.11739999999999995,江苏,港口,20070426,
601008.SH,连云港,20131206,3.9351,3.9938,4.0428,3.9155,3.9449,1.2396,183695.9,74857.247,0.04889999999999972,江苏,港口,20070426,
601008.SH,连云港,20131205,4.0819,3.9449,4.1113,3.9351,4.1113,-4.0474,298576.9,122137.238,-0.16639999999999988,江苏,港口,20070426,
601008.SH,连云港,20131204,4.0428,4.1113,4.2875,4.0134,4.0917,0.479,385757.53,164481.632,0.019599999999999618,江苏,港口,20070426,
601008.SH,连云港,20131203,3.9742,4.0917,4.2483,3.8764,4.1602,-1.6466,417054.94,173782.352,-0.06849999999999934,江苏,港口,20070426,
601008.SH,连云港,20131202,3.9253,4.1602,4.4833,3.8666,4.0721,2.1635,652574.38,282280.33,0.08809999999999985,江苏,港口,20070426,
601008.SH,连云港,20131129,3.798,4.0721,4.1407,3.7589,3.8666,5.3147,471258.41,189946.763,0.2054999999999998,江苏,港口,20070426,
601008.SH,连云港,20131128,3.6023,3.8666,3.9547,3.5827,3.6414,6.1844,493609.41,189844.916,0.22520000000000007,江苏,港口,20070426,
601008.SH,连云港,20131127,3.524,3.6414,3.6708,3.4359,3.5827,1.6384,271921.98,98663.319,0.058699999999999974,江苏,港口,20070426,
601008.SH,连云港,20131126,3.8078,3.5827,3.8078,3.4848,3.524,1.6657,312837.58,115654.672,0.058699999999999974,江苏,港口,20070426,
601008.SH,连云港,20131125,3.475,3.524,3.661,3.4359,3.4456,2.2754,288053.21,105012.556,0.0783999999999998,江苏,港口,20070426,
601008.SH,连云港,20131122,3.4065,3.4456,3.5044,3.3575,3.4163,0.8577,148310.33,51900.469,0.029300000000000104,江苏,港口,20070426,
601008.SH,连云港,20131121,3.3282,3.4163,3.5142,3.2988,3.338,2.3457,222877.28,78033.243,0.07830000000000004,江苏,港口,20070426,
601008.SH,连云港,20131120,3.3086,3.338,3.3478,3.2597,3.2988,1.1883,79316.48,26807.231,0.039200000000000124,江苏,港口,20070426,
601008.SH,连云港,20131119,3.2988,3.2988,3.3478,3.2792,3.289,0.298,80141.28,27040.202,0.009799999999999809,江苏,港口,20070426,
601008.SH,连云港,20131118,3.2303,3.289,3.3086,3.2205,3.2009,2.7524,78864.64,26357.375,0.08810000000000029,江苏,港口,20070426,
601008.SH,连云港,20131115,3.152,3.2009,3.2205,3.1324,3.152,1.5514,48885.31,15951.406,0.04889999999999972,江苏,港口,20070426,
601008.SH,连云港,20131114,3.152,3.152,3.1716,3.103,3.152,0.0,32624.38,10470.11,0.0,江苏,港口,20070426,
601008.SH,连云港,20131113,3.2107,3.152,3.2205,3.1422,3.2009,-1.5277,40979.35,13292.532,-0.04889999999999972,江苏,港口,20070426,
601008.SH,连云港,20131112,3.1716,3.2009,3.2107,3.1618,3.1716,0.9238,26955.92,8779.551,0.02929999999999966,江苏,港口,20070426,
601008.SH,连云港,20131111,3.2009,3.1716,3.2009,3.1324,3.2009,-0.9154,41280.47,13328.281,-0.02929999999999966,江苏,港口,20070426,
601008.SH,连云港,20131108,3.1618,3.2009,3.2597,3.1324,3.1814,0.6129,57843.07,18920.302,0.01949999999999985,江苏,港口,20070426,
601008.SH,连云港,20131107,3.2107,3.1814,3.2303,3.152,3.2303,-1.5138,62100.89,20215.367,-0.048900000000000166,江苏,港口,20070426,
601008.SH,连云港,20131106,3.289,3.2303,3.2988,3.2205,3.2988,-2.0765,79607.49,26559.69,-0.06849999999999978,江苏,港口,20070426,
601008.SH,连云港,20131105,3.2401,3.2988,3.3282,3.2009,3.2499,1.5047,62394.3,20825.196,0.048900000000000166,江苏,港口,20070426,
601008.SH,连云港,20131104,3.2401,3.2499,3.2792,3.2303,3.2499,0.0,40939.73,13589.3,0.0,江苏,港口,20070426,
601008.SH,连云港,20131101,3.2597,3.2499,3.2792,3.1911,3.289,-1.1888,51454.94,17029.187,-0.03910000000000036,江苏,港口,20070426,
601008.SH,连云港,20131031,3.3086,3.289,3.3967,3.2597,3.3184,-0.886,97627.12,33199.52,-0.02939999999999987,江苏,港口,20070426,
601008.SH,连云港,20131030,3.2009,3.3184,3.3282,3.1814,3.2107,3.3544,76324.02,25435.143,0.1076999999999999,江苏,港口,20070426,
601008.SH,连云港,20131029,3.289,3.2107,3.3575,3.1422,3.3184,-3.2455,118885.87,39397.75,-0.1076999999999999,江苏,港口,20070426,
601008.SH,连云港,20131028,3.4163,3.3184,3.4261,3.3086,3.4163,-2.8657,101744.05,34774.062,-0.0979000000000001,江苏,港口,20070426,
601008.SH,连云港,20131025,3.4261,3.4163,3.5142,3.3478,3.5435,-3.5897,226255.25,79352.391,-0.12719999999999976,江苏,港口,20070426,
601008.SH,连云港,20131024,3.2597,3.5435,3.5533,3.2107,3.2401,9.3639,362352.42,128003.563,0.3033999999999999,江苏,港口,20070426,
601008.SH,连云港,20131023,3.338,3.2401,3.3575,3.2205,3.338,-2.9329,59770.11,19986.402,-0.0979000000000001,江苏,港口,20070426,
601008.SH,连云港,20131022,3.3478,3.338,3.4065,3.3184,3.3478,-0.2927,77186.4,26450.152,-0.009799999999999809,江苏,港口,20070426,
601008.SH,连云港,20131021,3.2792,3.3478,3.3478,3.2597,3.2597,2.7027,67817.25,22953.58,0.08809999999999985,江苏,港口,20070426,
601008.SH,连云港,20131018,3.3086,3.2597,3.3086,3.2401,3.2792,-0.5947,48557.54,16202.36,-0.01949999999999985,江苏,港口,20070426,
601008.SH,连云港,20131017,3.2988,3.2792,3.338,3.2597,3.289,-0.298,52662.57,17736.238,-0.009800000000000253,江苏,港口,20070426,
601008.SH,连云港,20131016,3.4456,3.289,3.4456,3.2792,3.4554,-4.8157,85744.55,29235.486,-0.16639999999999988,江苏,港口,20070426,
601008.SH,连云港,20131015,3.3967,3.4554,3.6218,3.3184,3.4065,1.4355,214173.64,76079.558,0.048900000000000166,江苏,港口,20070426,
601008.SH,连云港,20131014,3.3184,3.4065,3.4261,3.289,3.3086,2.959,161773.64,55805.661,0.09789999999999965,江苏,港口,20070426,
601008.SH,连云港,20131011,3.2792,3.3086,3.3282,3.2499,3.2499,1.8062,74126.61,24996.434,0.05870000000000042,江苏,港口,20070426,
601008.SH,连云港,20131010,3.3673,3.2499,3.3869,3.2107,3.3673,-3.4865,136565.52,45983.893,-0.11740000000000039,江苏,港口,20070426,
601008.SH,连云港,20131009,3.2107,3.3673,3.3869,3.1814,3.2009,5.1985,198547.97,67661.076,0.16640000000000033,江苏,港口,20070426,
601008.SH,连云港,20131008,3.1226,3.2009,3.2107,3.0737,3.1128,2.8302,73819.39,23986.695,0.08809999999999985,江苏,港口,20070426,
601008.SH,连云港,20130930,3.0933,3.1128,3.1226,3.0737,3.0933,0.6304,22192.8,7016.876,0.01949999999999985,江苏,港口,20070426,
601008.SH,连云港,20130927,3.0737,3.0933,3.103,3.0443,3.0835,0.3178,37336.76,11726.346,0.009800000000000253,江苏,港口,20070426,
601008.SH,连云港,20130926,3.1911,3.0835,3.1911,3.0737,3.1716,-2.7778,68839.88,21885.008,-0.08810000000000029,江苏,港口,20070426,
601008.SH,连云港,20130925,3.2303,3.1716,3.2401,3.1618,3.2499,-2.4093,80320.56,26293.772,-0.07829999999999959,江苏,港口,20070426,
601008.SH,连云港,20130924,3.2792,3.2499,3.2792,3.1814,3.289,-1.1888,88199.15,29073.149,-0.03910000000000036,江苏,港口,20070426,
601008.SH,连云港,20130923,3.2499,3.289,3.2988,3.2499,3.2597,0.8989,56122.6,18785.833,0.029300000000000104,江苏,港口,20070426,
601008.SH,连云港,20130918,3.289,3.2597,3.289,3.2205,3.2303,0.9101,55889.21,18574.345,0.02939999999999987,江苏,港口,20070426,
601008.SH,连云港,20130917,3.3282,3.2303,3.3575,3.2205,3.3282,-2.9415,77500.05,25901.981,-0.09789999999999965,江苏,港口,20070426,
601008.SH,连云港,20130916,3.289,3.3282,3.3673,3.2695,3.2792,1.4943,82617.5,28075.269,0.04899999999999993,江苏,港口,20070426,
601008.SH,连云港,20130913,3.338,3.2792,3.3478,3.2597,3.338,-1.7615,101151.81,33998.345,-0.058800000000000185,江苏,港口,20070426,
601008.SH,连云港,20130912,3.3771,3.338,3.3771,3.289,3.338,0.0,106815.29,36314.678,0.0,江苏,港口,20070426,
601008.SH,连云港,20130911,3.4554,3.338,3.5533,3.3086,3.4456,-3.1228,218623.45,75728.961,-0.10760000000000014,江苏,港口,20070426,
601008.SH,连云港,20130910,3.2792,3.4456,3.5631,3.2303,3.289,4.7613,316539.15,111313.755,0.15660000000000007,江苏,港口,20070426,
601008.SH,连云港,20130909,3.1422,3.289,3.3967,3.1422,3.1716,3.7016,254529.4,85543.009,0.11739999999999995,江苏,港口,20070426,
601008.SH,连云港,20130906,3.1128,3.1716,3.1911,3.0835,3.1226,1.5692,121529.82,39172.573,0.04900000000000038,江苏,港口,20070426,
601008.SH,连云港,20130905,3.1814,3.1226,3.1814,3.0933,3.1911,-2.1466,130140.82,41541.748,-0.06850000000000023,江苏,港口,20070426,
601008.SH,连云港,20130904,3.1814,3.1911,3.3184,3.1618,3.1814,0.3049,193489.55,63970.544,0.009700000000000042,江苏,港口,20070426,
601008.SH,连云港,20130903,3.1716,3.1814,3.2401,3.1324,3.289,-3.2715,221808.14,71961.55,-0.10760000000000014,江苏,港口,20070426,
601008.SH,连云港,20130902,3.6708,3.289,3.6708,3.289,3.6512,-9.92,475953.44,162426.244,-0.36219999999999963,江苏,港口,20070426,
601008.SH,连云港,20130830,3.3086,3.6512,3.6512,3.2401,3.3184,10.0289,751477.82,272566.453,0.33279999999999976,江苏,港口,20070426,
601008.SH,连云港,20130829,3.1814,3.3184,3.4261,3.152,3.2205,3.0399,337118.13,114070.688,0.0979000000000001,江苏,港口,20070426,
601008.SH,连云港,20130828,3.0639,3.2205,3.2988,3.0247,3.0933,4.1121,281366.87,91969.868,0.12719999999999976,江苏,港口,20070426,
601008.SH,连云港,20130827,2.9856,3.0933,3.1128,2.9758,2.9856,3.6073,136406.3,42811.101,0.10770000000000035,江苏,港口,20070426,
601008.SH,连云港,20130826,2.9073,2.9856,2.9954,2.9073,2.9073,2.6932,48542.61,14702.354,0.07829999999999959,江苏,港口,20070426,
601008.SH,连云港,20130823,2.9366,2.9073,2.9562,2.8877,2.9366,-0.9978,24921.85,7426.67,-0.02929999999999966,江苏,港口,20070426,
601008.SH,连云港,20130822,2.9268,2.9366,2.9464,2.9073,2.9268,0.3348,21118.0,6313.145,0.009799999999999809,江苏,港口,20070426,
601008.SH,连云港,20130821,2.9268,2.9268,2.9464,2.8877,2.9268,0.0,24172.28,7196.618,0.0,江苏,港口,20070426,
601008.SH,连云港,20130820,2.9268,2.9268,2.9856,2.9073,2.9366,-0.3337,37149.44,11169.402,-0.009799999999999809,江苏,港口,20070426,
601008.SH,连云港,20130819,2.9171,2.9366,2.9366,2.8877,2.9268,0.3348,24381.34,7270.542,0.009799999999999809,江苏,港口,20070426,
601008.SH,连云港,20130816,2.9366,2.9268,3.0443,2.9073,2.9464,-0.6652,69421.86,21052.266,-0.019600000000000062,江苏,港口,20070426,
601008.SH,连云港,20130815,2.9562,2.9464,2.9856,2.9366,2.9758,-0.988,35051.35,10561.913,-0.02939999999999987,江苏,港口,20070426,
601008.SH,连云港,20130814,2.9562,2.9758,3.0149,2.9268,2.9464,0.9978,92955.48,28333.977,0.02939999999999987,江苏,港口,20070426,
601008.SH,连云港,20130813,2.8975,2.9464,3.0052,2.8975,2.9171,1.0044,65775.96,19866.05,0.029300000000000104,江苏,港口,20070426,
601008.SH,连云港,20130812,2.8779,2.9171,2.9366,2.8485,2.8681,1.7084,48862.1,14482.376,0.04899999999999993,江苏,港口,20070426,
601008.SH,连云港,20130809,2.8583,2.8681,2.8877,2.8387,2.8583,0.3429,23169.84,6778.015,0.009800000000000253,江苏,港口,20070426,
601008.SH,连云港,20130808,2.8485,2.8583,2.8681,2.8387,2.8583,0.0,19434.07,5672.661,0.0,江苏,港口,20070426,
601008.SH,连云港,20130807,2.8583,2.8583,2.8779,2.8387,2.8681,-0.3417,29593.8,8636.632,-0.009800000000000253,江苏,港口,20070426,
601008.SH,连云港,20130806,2.8681,2.8681,2.8779,2.8192,2.8681,0.0,41000.01,11930.948,0.0,江苏,港口,20070426,
601008.SH,连云港,20130805,2.8192,2.8681,2.8779,2.8094,2.8387,1.0357,26346.17,7680.341,0.029400000000000315,江苏,港口,20070426,
601008.SH,连云港,20130802,2.8387,2.8387,2.8681,2.8094,2.829,0.3429,24309.44,7046.876,0.009699999999999598,江苏,港口,20070426,
601008.SH,连云港,20130801,2.7996,2.829,2.8387,2.7702,2.7996,1.0502,27323.2,7851.735,0.029400000000000315,江苏,港口,20070426,
601008.SH,连云港,20130731,2.8094,2.7996,2.8387,2.7898,2.8192,-0.6952,17791.44,5111.718,-0.019600000000000062,江苏,港口,20070426,
601008.SH,连云港,20130730,2.829,2.8192,2.8583,2.7702,2.8387,-0.6869,30804.62,8830.015,-0.01949999999999985,江苏,港口,20070426,
601008.SH,连云港,20130729,2.7996,2.8387,2.9758,2.7702,2.829,0.3429,60277.65,17576.297,0.009699999999999598,江苏,港口,20070426,
601008.SH,连云港,20130726,2.7702,2.829,2.8583,2.7702,2.7996,1.0502,43725.91,12625.63,0.029400000000000315,江苏,港口,20070426,
601008.SH,连云港,20130725,2.8094,2.7996,2.829,2.78,2.7996,0.0,22456.75,6424.821,0.0,江苏,港口,20070426,
601008.SH,连云港,20130724,2.8094,2.7996,2.8192,2.7604,2.8094,-0.3488,20694.39,5886.425,-0.009800000000000253,江苏,港口,20070426,
601008.SH,连云港,20130723,2.7604,2.8094,2.829,2.7604,2.7702,1.4151,29353.58,8394.496,0.039200000000000124,江苏,港口,20070426,
601008.SH,连云港,20130722,2.7506,2.7702,2.78,2.7115,2.7604,0.355,19207.97,5379.581,0.009799999999999809,江苏,港口,20070426,
601008.SH,连云港,20130719,2.8094,2.7604,2.8094,2.7506,2.8094,-1.7441,21134.0,5997.866,-0.04899999999999993,江苏,港口,20070426,
601008.SH,连云港,20130718,2.7996,2.8094,2.8387,2.7996,2.829,-0.6928,19094.71,5493.225,-0.019600000000000062,江苏,港口,20070426,
601008.SH,连云港,20130717,2.829,2.829,2.8485,2.8094,2.8387,-0.3417,20612.5,5951.473,-0.009699999999999598,江苏,港口,20070426,
601008.SH,连云港,20130716,2.8094,2.8387,2.8485,2.78,2.8192,0.6917,25774.4,7414.963,0.01949999999999985,江苏,港口,20070426,
601008.SH,连云港,20130715,2.8094,2.8192,2.8387,2.7996,2.7996,0.7001,21078.44,6061.784,0.019600000000000062,江苏,港口,20070426,
601008.SH,连云港,20130712,2.8387,2.7996,2.8681,2.78,2.8485,-1.7167,36999.96,10662.439,-0.048900000000000166,江苏,港口,20070426,
601008.SH,连云港,20130711,2.7898,2.8485,2.8779,2.78,2.7898,2.1041,47955.51,13930.432,0.058699999999999974,江苏,港口,20070426,
601008.SH,连云港,20130710,2.7213,2.7898,2.7996,2.7213,2.7213,2.5172,23381.74,6612.624,0.06850000000000023,江苏,港口,20070426,
601008.SH,连云港,20130709,2.7506,2.7213,2.7506,2.7115,2.7409,-0.7151,15010.92,4183.649,-0.019600000000000062,江苏,港口,20070426,
601008.SH,连云港,20130708,2.8094,2.7409,2.8094,2.7017,2.829,-3.1142,22654.79,6364.316,-0.08810000000000029,江苏,港口,20070426,
601008.SH,连云港,20130705,2.8387,2.829,2.8485,2.8192,2.8387,-0.3417,21506.1,6221.553,-0.009699999999999598,江苏,港口,20070426,
601008.SH,连云港,20130704,2.8192,2.8387,2.8485,2.7702,2.8192,0.6917,26919.45,7760.62,0.01949999999999985,江苏,港口,20070426,
601008.SH,连云港,20130703,2.8485,2.8192,2.8485,2.7898,2.8485,-1.0286,18924.85,5438.313,-0.029300000000000104,江苏,港口,20070426,
601008.SH,连云港,20130702,2.8387,2.8485,2.8485,2.7996,2.8387,0.3452,23663.27,6836.018,0.009800000000000253,江苏,港口,20070426,
601008.SH,连云港,20130701,2.7898,2.8387,2.8877,2.78,2.7996,1.3966,39130.49,11337.55,0.03909999999999991,江苏,港口,20070426,
601008.SH,连云港,20130628,2.7409,2.7996,2.8583,2.7409,2.7898,0.3513,28240.28,8105.893,0.009799999999999809,江苏,港口,20070426,
601008.SH,连云港,20130627,2.78,2.7898,2.8975,2.78,2.7409,1.7841,44294.4,12776.178,0.048900000000000166,江苏,港口,20070426,
601008.SH,连云港,20130626,2.7506,2.7409,2.7702,2.7115,2.7506,-0.3527,26932.11,7536.859,-0.009700000000000042,江苏,港口,20070426,
601008.SH,连云港,20130625,2.78,2.7506,2.8094,2.6234,2.7996,-1.7503,44082.74,12280.84,-0.04899999999999993,江苏,港口,20070426,
601008.SH,连云港,20130624,2.9856,2.7996,2.9856,2.7898,2.9856,-6.2299,38152.19,11189.938,-0.18599999999999994,江苏,港口,20070426,
601008.SH,连云港,20130621,2.9954,2.9856,3.0052,2.9562,3.0149,-0.9718,35307.6,10734.656,-0.029300000000000104,江苏,港口,20070426,
601008.SH,连云港,20130620,3.0737,3.0149,3.0737,2.9954,3.0639,-1.5993,28069.67,8712.711,-0.04899999999999993,江苏,港口,20070426,
601008.SH,连云港,20130619,3.0737,3.0639,3.0737,3.0443,3.0835,-0.6356,23053.07,7191.225,-0.019600000000000062,江苏,港口,20070426,
601008.SH,连云港,20130618,3.0737,3.0835,3.0835,3.0541,3.0639,0.6397,23472.63,7350.684,0.019600000000000062,江苏,港口,20070426,
601008.SH,连云港,20130617,3.0737,3.0639,3.0835,3.0345,3.0639,0.0,17955.99,5607.376,0.0,江苏,港口,20070426,
601008.SH,连云港,20130614,3.0443,3.0639,3.0835,3.0345,3.0639,0.0,38274.63,11969.817,0.0,江苏,港口,20070426,
601008.SH,连云港,20130613,3.1226,3.0639,3.1226,3.0443,3.1324,-2.1868,27806.88,8703.028,-0.06850000000000023,江苏,港口,20070426,
601008.SH,连云港,20130607,3.1422,3.1324,3.1618,3.1128,3.1422,-0.3119,23083.78,7391.141,-0.009799999999999809,江苏,港口,20070426,
601008.SH,连云港,20130606,3.1716,3.1422,3.1814,3.1422,3.1618,-0.6199,23404.53,7550.722,-0.019600000000000062,江苏,港口,20070426,
601008.SH,连云港,20130605,3.1716,3.1618,3.1814,3.152,3.1618,0.0,22060.06,7131.345,0.0,江苏,港口,20070426,
601008.SH,连云港,20130604,3.2107,3.1618,3.2205,3.1618,3.2205,-1.8227,27665.43,8999.547,-0.058699999999999974,江苏,港口,20070426,
601008.SH,连云港,20130603,3.2303,3.2205,3.2401,3.1911,3.2107,0.3052,30045.31,9870.172,0.009799999999999809,江苏,港口,20070426,
601008.SH,连云港,20130531,3.1994,3.209,3.2474,3.1898,3.1994,0.3001,66100.56,22208.619,0.009600000000000275,江苏,港口,20070426,
601008.SH,连云港,20130530,3.1994,3.1994,3.1994,3.1609,3.1994,0.0,41504.03,13758.961,0.0,江苏,港口,20070426,
601008.SH,连云港,20130529,3.1898,3.1994,3.2186,3.1802,3.1898,0.301,44689.51,14890.47,0.009599999999999831,江苏,港口,20070426,
601008.SH,连云港,20130528,3.1513,3.1898,3.1898,3.1513,3.1513,1.2217,40847.19,13471.249,0.03849999999999998,江苏,港口,20070426,
601008.SH,连云港,20130527,3.1513,3.1513,3.1802,3.1417,3.1609,-0.3037,40105.37,13184.309,-0.009599999999999831,江苏,港口,20070426,
601008.SH,连云港,20130524,3.1417,3.1609,3.1609,3.1321,3.1513,0.3046,31800.85,10426.164,0.009599999999999831,江苏,港口,20070426,
601008.SH,连云港,20130523,3.1513,3.1513,3.1802,3.1417,3.1609,-0.3037,38120.44,12537.127,-0.009599999999999831,江苏,港口,20070426,
601008.SH,连云港,20130522,3.1609,3.1609,3.1802,3.1417,3.1609,0.0,35005.88,11520.274,0.0,江苏,港口,20070426,
601008.SH,连云港,20130521,3.1609,3.1609,3.1705,3.1417,3.1609,0.0,44183.97,14515.351,0.0,江苏,港口,20070426,
601008.SH,连云港,20130520,3.1513,3.1609,3.1705,3.1321,3.1513,0.3046,52286.53,17179.913,0.009599999999999831,江苏,港口,20070426,
601008.SH,连云港,20130517,3.1225,3.1513,3.1513,3.1033,3.1129,1.2336,43464.07,14172.026,0.03840000000000021,江苏,港口,20070426,
601008.SH,连云港,20130516,3.0937,3.1129,3.1225,3.0745,3.0937,0.6206,35974.87,11610.453,0.019199999999999662,江苏,港口,20070426,
601008.SH,连云港,20130515,3.0745,3.0937,3.1033,3.0649,3.0841,0.3113,27147.21,8700.935,0.009600000000000275,江苏,港口,20070426,
601008.SH,连云港,20130514,3.1129,3.0841,3.1129,3.0745,3.1129,-0.9252,28163.89,9038.96,-0.028799999999999937,江苏,港口,20070426,
601008.SH,连云港,20130513,3.1225,3.1129,3.1321,3.0937,3.1225,-0.3074,22094.43,7147.212,-0.009600000000000275,江苏,港口,20070426,
601008.SH,连云港,20130510,3.1129,3.1225,3.1321,3.0937,3.1033,0.6187,27698.32,8970.522,0.019200000000000106,江苏,港口,20070426,
601008.SH,连云港,20130509,3.1225,3.1033,3.1321,3.0937,3.1225,-0.6149,25671.09,8300.56,-0.019200000000000106,江苏,港口,20070426,
601008.SH,连云港,20130508,3.1225,3.1225,3.1417,3.1033,3.1129,0.3084,32610.75,10584.69,0.009600000000000275,江苏,港口,20070426,
601008.SH,连云港,20130507,3.1321,3.1129,3.1321,3.0745,3.1417,-0.9167,24819.75,8025.538,-0.02880000000000038,江苏,港口,20070426,
601008.SH,连云港,20130506,3.1033,3.1417,3.1417,3.0937,3.1033,1.2374,34832.01,11309.492,0.03840000000000021,江苏,港口,20070426,
601008.SH,连云港,20130503,3.0745,3.1033,3.1321,3.0745,3.0841,0.6225,33665.3,10890.42,0.019200000000000106,江苏,港口,20070426,
601008.SH,连云港,20130502,3.0745,3.0841,3.0937,3.0456,3.0649,0.6264,23412.91,7485.157,0.019199999999999662,江苏,港口,20070426,
601008.SH,连云港,20130426,3.1033,3.0649,3.1225,3.0553,3.0937,-0.9309,25903.68,8336.683,-0.028799999999999937,江苏,港口,20070426,
601008.SH,连云港,20130425,3.1513,3.0937,3.1513,3.0937,3.1513,-1.8278,25465.32,8257.028,-0.057599999999999874,江苏,港口,20070426,
601008.SH,连云港,20130424,3.1225,3.1513,3.1513,3.1129,3.1129,1.2336,24524.16,7996.69,0.03840000000000021,江苏,港口,20070426,
601008.SH,连云港,20130423,3.1994,3.1129,3.209,3.1033,3.1898,-2.4108,39739.44,13010.842,-0.07690000000000019,江苏,港口,20070426,
601008.SH,连云港,20130422,3.1705,3.1898,3.2186,3.1609,3.2186,-0.8948,45474.19,15088.612,-0.028799999999999937,江苏,港口,20070426,
601008.SH,连云港,20130419,3.2378,3.2186,3.2858,3.1994,3.1513,2.1356,141139.1,47626.625,0.06729999999999992,江苏,港口,20070426,
601008.SH,连云港,20130418,3.1129,3.1513,3.1609,3.0841,3.1129,1.2336,28288.59,9208.604,0.03840000000000021,江苏,港口,20070426,
601008.SH,连云港,20130417,3.1129,3.1129,3.1225,3.0937,3.1129,0.0,9458.6,3060.514,0.0,江苏,港口,20070426,
601008.SH,连云港,20130416,3.0841,3.1129,3.1321,3.0745,3.1033,0.3093,19488.49,6290.027,0.009599999999999831,江苏,港口,20070426,
601008.SH,连云港,20130415,3.1417,3.1033,3.1513,3.0937,3.1417,-1.2223,25167.75,8167.728,-0.03840000000000021,江苏,港口,20070426,
601008.SH,连云港,20130412,3.1802,3.1417,3.1802,3.1225,3.1705,-0.9084,15870.6,5202.52,-0.028799999999999937,江苏,港口,20070426,
601008.SH,连云港,20130411,3.1609,3.1705,3.1898,3.1609,3.1609,0.3037,15169.04,5013.696,0.009600000000000275,江苏,港口,20070426,
601008.SH,连云港,20130410,3.1802,3.1609,3.1802,3.1417,3.1802,-0.6069,18475.81,6081.89,-0.019300000000000317,江苏,港口,20070426,
601008.SH,连云港,20130409,3.1705,3.1802,3.1898,3.1513,3.1609,0.6106,20676.21,6828.493,0.019300000000000317,江苏,港口,20070426,
601008.SH,连云港,20130408,3.1609,3.1609,3.1609,3.1225,3.1802,-0.6069,28821.33,9420.184,-0.019300000000000317,江苏,港口,20070426,
601008.SH,连云港,20130403,3.1994,3.1802,3.209,3.1705,3.1898,-0.301,26806.11,8900.244,-0.009599999999999831,江苏,港口,20070426,
601008.SH,连云港,20130402,3.1994,3.1898,3.209,3.1705,3.1994,-0.3001,27393.43,9082.975,-0.009599999999999831,江苏,港口,20070426,
601008.SH,连云港,20130401,3.1994,3.1994,3.209,3.1705,3.1994,0.0,25757.59,8548.612,0.0,江苏,港口,20070426,
601008.SH,连云港,20130329,3.2282,3.1994,3.2282,3.1802,3.209,-0.2992,26955.78,8976.449,-0.009600000000000275,江苏,港口,20070426,
601008.SH,连云港,20130328,3.257,3.209,3.257,3.1994,3.2762,-2.0512,55031.11,18444.509,-0.0671999999999997,江苏,港口,20070426,
601008.SH,连云港,20130327,3.2954,3.2762,3.3243,3.257,3.2954,-0.5826,40421.7,13844.106,-0.019200000000000106,江苏,港口,20070426,
601008.SH,连云港,20130326,3.3147,3.2954,3.3147,3.2474,3.3339,-1.1548,54002.72,18427.632,-0.03849999999999998,江苏,港口,20070426,
601008.SH,连云港,20130325,3.3531,3.3339,3.3627,3.3243,3.3435,-0.2871,55174.75,19157.552,-0.009600000000000275,江苏,港口,20070426,
601008.SH,连云港,20130322,3.3051,3.3435,3.3531,3.2762,3.3147,0.8689,76722.75,26463.378,0.028799999999999937,江苏,港口,20070426,
601008.SH,连云港,20130321,3.3339,3.3147,3.3339,3.2858,3.3147,0.0,60020.19,20675.995,0.0,江苏,港口,20070426,
601008.SH,连云港,20130320,3.2858,3.3147,3.3243,3.2474,3.2954,0.5857,86688.58,29663.165,0.019300000000000317,江苏,港口,20070426,
601008.SH,连云港,20130319,3.209,3.2954,3.3051,3.1513,3.209,2.6924,96099.04,32305.883,0.08639999999999981,江苏,港口,20070426,
601008.SH,连云港,20130318,3.2474,3.209,3.2474,3.1994,3.257,-1.4737,33800.59,11330.886,-0.04800000000000004,江苏,港口,20070426,
601008.SH,连云港,20130315,3.2762,3.257,3.2858,3.2186,3.2666,-0.2939,34964.32,11852.734,-0.009599999999999831,江苏,港口,20070426,
601008.SH,连云港,20130314,3.2378,3.2666,3.2762,3.2282,3.257,0.2947,20851.23,7050.247,0.009599999999999831,江苏,港口,20070426,
601008.SH,连云港,20130313,3.2378,3.257,3.2666,3.1802,3.2282,0.8921,56899.93,19134.657,0.028799999999999937,江苏,港口,20070426,
601008.SH,连云港,20130312,3.3051,3.2282,3.3243,3.2282,3.3051,-2.3267,61015.8,20763.411,-0.07689999999999975,江苏,港口,20070426,
601008.SH,连云港,20130311,3.3243,3.3051,3.3339,3.2858,3.3243,-0.5776,46981.64,16148.045,-0.019200000000000106,江苏,港口,20070426,
601008.SH,连云港,20130308,3.3339,3.3243,3.3531,3.3051,3.3147,0.2896,39815.22,13785.561,0.009599999999999831,江苏,港口,20070426,
601008.SH,连云港,20130307,3.3531,3.3147,3.3819,3.2954,3.3531,-1.1452,69731.3,24248.58,-0.03839999999999977,江苏,港口,20070426,
601008.SH,连云港,20130306,3.3051,3.3531,3.3627,3.2954,3.2954,1.7509,98413.25,34178.405,0.057700000000000085,江苏,港口,20070426,
601008.SH,连云港,20130305,3.2666,3.2954,3.3051,3.257,3.2762,0.586,52560.9,17947.986,0.019200000000000106,江苏,港口,20070426,
601008.SH,连云港,20130304,3.3435,3.2762,3.3435,3.2474,3.3627,-2.5723,50344.05,17255.16,-0.08650000000000002,江苏,港口,20070426,
601008.SH,连云港,20130301,3.3531,3.3627,3.3723,3.3243,3.3435,0.5742,38207.7,13321.401,0.019199999999999662,江苏,港口,20070426,
601008.SH,连云港,20130228,3.3051,3.3435,3.3531,3.3051,3.3051,1.1618,40509.21,14065.14,0.03840000000000021,江苏,港口,20070426,
601008.SH,连云港,20130227,3.3147,3.3051,3.3339,3.2858,3.2954,0.2943,35459.0,12199.934,0.009700000000000042,江苏,港口,20070426,
601008.SH,连云港,20130226,3.3627,3.2954,3.3627,3.2954,3.3627,-2.0014,72980.99,25218.02,-0.06729999999999992,江苏,港口,20070426,
601008.SH,连云港,20130225,3.3435,3.3627,3.3723,3.3435,3.3435,0.5742,30611.41,10698.614,0.019199999999999662,江苏,港口,20070426,
601008.SH,连云港,20130222,3.3435,3.3435,3.3915,3.3339,3.3435,0.0,44778.11,15611.839,0.0,江苏,港口,20070426,
601008.SH,连云港,20130221,3.4204,3.3435,3.4204,3.3435,3.4396,-2.7939,78185.93,27517.964,-0.09609999999999985,江苏,港口,20070426,
601008.SH,连云港,20130220,3.4204,3.4396,3.4492,3.4107,3.4204,0.5613,73249.76,26136.382,0.019200000000000106,江苏,港口,20070426,
601008.SH,连云港,20130219,3.43,3.4204,3.4492,3.3915,3.4492,-0.835,82274.27,29254.506,-0.028799999999999937,江苏,港口,20070426,
601008.SH,连云港,20130218,3.4684,3.4492,3.4684,3.43,3.4588,-0.2776,70945.18,25440.573,-0.009600000000000275,江苏,港口,20070426,
601008.SH,连云港,20130208,3.43,3.4588,3.4684,3.43,3.43,0.8397,56172.82,20167.644,0.028799999999999937,江苏,港口,20070426,
601008.SH,连云港,20130207,3.4492,3.43,3.4492,3.4011,3.4492,-0.5567,66690.82,23742.058,-0.019199999999999662,江苏,港口,20070426,
601008.SH,连云港,20130206,3.4684,3.4492,3.4684,3.43,3.4684,-0.5536,57005.05,20472.396,-0.019200000000000106,江苏,港口,20070426,
601008.SH,连云港,20130205,3.4011,3.4684,3.478,3.3915,3.4204,1.4033,72731.0,25984.765,0.04800000000000004,江苏,港口,20070426,
601008.SH,连云港,20130204,3.4588,3.4204,3.4684,3.4011,3.4588,-1.1102,99336.92,35427.107,-0.03840000000000021,江苏,港口,20070426,
601008.SH,连云港,20130201,3.4492,3.4588,3.4876,3.4204,3.478,-0.552,131708.48,47233.628,-0.019200000000000106,江苏,港口,20070426,
601008.SH,连云港,20130131,3.5068,3.478,3.6894,3.4684,3.3819,2.8416,294503.83,108757.38,0.0961000000000003,江苏,港口,20070426,
601008.SH,连云港,20130124,3.4107,3.3819,3.4972,3.3531,3.43,-1.4023,109001.35,38813.274,-0.048100000000000254,江苏,港口,20070426,
601008.SH,连云港,20130123,3.4492,3.43,3.5068,3.3819,3.4684,-1.1071,109735.47,39283.629,-0.03839999999999977,江苏,港口,20070426,
601008.SH,连云港,20130122,3.4492,3.4684,3.5645,3.4492,3.4492,0.5567,198286.88,72369.781,0.019200000000000106,江苏,港口,20070426,
601008.SH,连云港,20130121,3.4204,3.4492,3.4972,3.4011,3.3915,1.7013,133270.24,47909.05,0.05769999999999964,江苏,港口,20070426,
601008.SH,连云港,20130118,3.3723,3.3915,3.4011,3.3531,3.3627,0.8565,68222.14,23981.184,0.02880000000000038,江苏,港口,20070426,
601008.SH,连云港,20130117,3.4011,3.3627,3.4107,3.3435,3.3915,-0.8492,62954.92,22111.869,-0.02880000000000038,江苏,港口,20070426,
601008.SH,连云港,20130116,3.4107,3.3915,3.43,3.3531,3.4107,-0.5629,123325.06,43484.798,-0.019199999999999662,江苏,港口,20070426,
601008.SH,连云港,20130115,3.3531,3.4107,3.43,3.3435,3.3531,1.7178,124035.34,43750.732,0.057599999999999874,江苏,港口,20070426,
601008.SH,连云港,20130114,3.2858,3.3531,3.3627,3.2666,3.2858,2.0482,74482.03,25773.83,0.06729999999999992,江苏,港口,20070426,
601008.SH,连云港,20130111,3.3627,3.2858,3.3819,3.2762,3.3627,-2.2869,85539.84,29616.661,-0.07689999999999975,江苏,港口,20070426,
601008.SH,连云港,20130110,3.3435,3.3627,3.3723,3.3339,3.3531,0.2863,90861.86,31726.676,0.009599999999999831,江苏,港口,20070426,
601008.SH,连云港,20130109,3.3627,3.3531,3.3819,3.3243,3.3723,-0.5693,63934.23,22305.236,-0.019200000000000106,江苏,港口,20070426,
601008.SH,连云港,20130108,3.3531,3.3723,3.3723,3.3243,3.3627,0.2855,68411.34,23867.035,0.009600000000000275,江苏,港口,20070426,
601008.SH,连云港,20130107,3.3435,3.3627,3.3723,3.3147,3.3531,0.2863,68016.08,23667.934,0.009599999999999831,江苏,港口,20070426,
601008.SH,连云港,20130104,3.3723,3.3531,3.3915,3.3339,3.3435,0.2871,63103.29,22022.283,0.009599999999999831,江苏,港口,20070426,
601008.SH,连云港,20121231,3.3435,3.3435,3.3723,3.3339,3.3339,0.288,69194.15,24153.546,0.009600000000000275,江苏,港口,20070426,
601008.SH,连云港,20121228,3.3051,3.3339,3.3435,3.2858,3.3147,0.5792,95881.79,33084.208,0.019199999999999662,江苏,港口,20070426,
601008.SH,连云港,20121227,3.3435,3.3147,3.3819,3.3051,3.3339,-0.5759,99701.24,34629.775,-0.019199999999999662,江苏,港口,20070426,
601008.SH,连云港,20121226,3.3147,3.3339,3.3435,3.3051,3.3243,0.2888,65330.43,22608.701,0.009599999999999831,江苏,港口,20070426,
601008.SH,连云港,20121225,3.257,3.3243,3.3435,3.2282,3.2666,1.7664,95543.14,32821.643,0.057700000000000085,江苏,港口,20070426,
601008.SH,连云港,20121224,3.2378,3.2666,3.2666,3.2186,3.2378,0.8895,31769.38,10739.409,0.028799999999999937,江苏,港口,20070426,
601008.SH,连云港,20121221,3.257,3.2378,3.2858,3.2186,3.2474,-0.2956,62086.18,20998.669,-0.009599999999999831,江苏,港口,20070426,
601008.SH,连云港,20121220,3.257,3.2474,3.2762,3.2186,3.2762,-0.8791,56567.65,19104.64,-0.028799999999999937,江苏,港口,20070426,
601008.SH,连云港,20121219,3.2762,3.2762,3.3051,3.2474,3.2858,-0.2922,49637.54,16917.022,-0.009600000000000275,江苏,港口,20070426,
601008.SH,连云港,20121218,3.2474,3.2858,3.3627,3.2282,3.257,0.8842,118477.56,40767.426,0.028799999999999937,江苏,港口,20070426,
601008.SH,连云港,20121217,3.2474,3.257,3.3051,3.2378,3.2378,0.593,86347.31,29348.066,0.019200000000000106,江苏,港口,20070426,
601008.SH,连云港,20121214,3.1225,3.2378,3.2474,3.1033,3.1225,3.6926,109880.33,36770.966,0.11529999999999996,江苏,港口,20070426,
601008.SH,连云港,20121213,3.1705,3.1225,3.1802,3.1129,3.1802,-1.8144,46782.0,15344.203,-0.057700000000000085,江苏,港口,20070426,
601008.SH,连云港,20121212,3.1898,3.1802,3.209,3.1513,3.1898,-0.301,44556.85,14714.79,-0.009599999999999831,江苏,港口,20070426,
601008.SH,连云港,20121211,3.2186,3.1898,3.2282,3.1802,3.2378,-1.4825,60963.23,20352.222,-0.04800000000000004,江苏,港口,20070426,
601008.SH,连云港,20121210,3.2186,3.2378,3.257,3.1994,3.209,0.8975,82054.17,27532.08,0.028799999999999937,江苏,港口,20070426,
601008.SH,连云港,20121207,3.1321,3.209,3.2186,3.1321,3.1609,1.5217,93185.13,30935.481,0.048100000000000254,江苏,港口,20070426,
601008.SH,连云港,20121206,3.1417,3.1609,3.257,3.1225,3.1609,0.0,91351.98,30356.142,0.0,江苏,港口,20070426,
601008.SH,连云港,20121205,3.0649,3.1609,3.1898,3.036,3.0745,2.8102,87706.56,28570.254,0.08639999999999981,江苏,港口,20070426,
601008.SH,连云港,20121204,3.0264,3.0745,3.0841,2.9976,3.0649,0.3132,53059.49,16777.861,0.009599999999999831,江苏,港口,20070426,
601008.SH,连云港,20121203,3.0264,3.0649,3.1321,2.9976,3.0264,1.2721,76998.57,24689.184,0.03849999999999998,江苏,港口,20070426,
601008.SH,连云港,20121130,2.9976,3.0264,3.036,2.9784,2.988,1.2851,28264.54,8874.681,0.03840000000000021,江苏,港口,20070426,
601008.SH,连云港,20121129,3.0072,2.988,3.036,2.9784,3.0072,-0.6385,32201.82,10094.076,-0.019200000000000106,江苏,港口,20070426,
601008.SH,连云港,20121128,3.0264,3.0072,3.0456,2.9976,3.0456,-1.2608,45900.19,14447.044,-0.03839999999999977,江苏,港口,20070426,
601008.SH,连云港,20121127,3.1321,3.0456,3.1417,3.0456,3.1417,-3.0589,62740.82,20114.812,-0.0961000000000003,江苏,港口,20070426,
601008.SH,连云港,20121126,3.1705,3.1417,3.1898,3.1417,3.1705,-0.9084,37202.0,12242.593,-0.028799999999999937,江苏,港口,20070426,
601008.SH,连云港,20121123,3.1994,3.1705,3.2282,3.1609,3.2378,-2.0786,97606.71,32437.352,-0.06729999999999992,江苏,港口,20070426,
601008.SH,连云港,20121122,3.1802,3.2378,3.257,3.1513,3.3243,-2.6021,176248.75,58905.131,-0.08650000000000002,江苏,港口,20070426,
601008.SH,连云港,20121121,3.3435,3.3243,3.4492,3.257,3.1321,6.1365,338969.69,118854.986,0.19220000000000015,江苏,港口,20070426,
601008.SH,连云港,20121120,3.1513,3.1321,3.1705,3.1225,3.1513,-0.6093,29771.79,9733.675,-0.019200000000000106,江苏,港口,20070426,
601008.SH,连云港,20121119,3.1033,3.1513,3.1705,3.0841,3.1033,1.5467,26109.51,8486.776,0.04800000000000004,江苏,港口,20070426,
601008.SH,连云港,20121116,3.1033,3.1033,3.1129,3.0841,3.0937,0.3103,24139.94,7788.097,0.009599999999999831,江苏,港口,20070426,
601008.SH,连云港,20121115,3.1705,3.0937,3.1705,3.0841,3.1802,-2.72,34433.99,11208.226,-0.08650000000000002,江苏,港口,20070426,
601008.SH,连云港,20121114,3.1609,3.1802,3.1898,3.1321,3.1609,0.6106,25387.28,8344.658,0.019300000000000317,江苏,港口,20070426,
601008.SH,连云港,20121113,3.2186,3.1609,3.2282,3.1417,3.2186,-1.7927,33370.47,11011.091,-0.057700000000000085,江苏,港口,20070426,
601008.SH,连云港,20121112,3.1513,3.2186,3.2186,3.1513,3.1705,1.5171,37123.37,12300.88,0.04809999999999981,江苏,港口,20070426,
601008.SH,连云港,20121109,3.1705,3.1705,3.1898,3.1417,3.1898,-0.6051,33425.57,11009.503,-0.019299999999999873,江苏,港口,20070426,
601008.SH,连云港,20121108,3.209,3.1898,3.2666,3.1513,3.2282,-1.1895,62334.76,20844.676,-0.03840000000000021,江苏,港口,20070426,
601008.SH,连云港,20121107,3.2282,3.2282,3.2474,3.1994,3.2378,-0.2965,29457.56,9891.853,-0.009599999999999831,江苏,港口,20070426,
601008.SH,连云港,20121106,3.2858,3.2378,3.2858,3.1802,3.2858,-1.4608,42600.22,14291.365,-0.04800000000000004,江苏,港口,20070426,
601008.SH,连云港,20121105,3.3051,3.2858,3.3147,3.2666,3.2954,-0.2913,29781.05,10180.159,-0.009599999999999831,江苏,港口,20070426,
601008.SH,连云港,20121102,3.2858,3.2954,3.3147,3.2666,3.2858,0.2922,35180.36,12049.662,0.009599999999999831,江苏,港口,20070426,
601008.SH,连云港,20121101,3.209,3.2858,3.2858,3.1994,3.2186,2.0879,63373.45,21506.844,0.06720000000000015,江苏,港口,20070426,
601008.SH,连云港,20121031,3.2378,3.2186,3.2378,3.1898,3.2186,0.0,36568.01,12206.297,0.0,江苏,港口,20070426,
601008.SH,连云港,20121030,3.2186,3.2186,3.257,3.1898,3.209,0.2992,31591.64,10603.982,0.009599999999999831,江苏,港口,20070426,
601008.SH,连云港,20121029,3.257,3.209,3.257,3.1802,3.257,-1.4737,40462.45,13543.569,-0.04800000000000004,江苏,港口,20070426,
601008.SH,连云港,20121026,3.3435,3.257,3.3723,3.209,3.3915,-3.9658,121754.01,41390.508,-0.13450000000000006,江苏,港口,20070426,
601008.SH,连云港,20121025,3.2954,3.3915,3.6221,3.2762,3.3051,2.6141,237866.76,85146.962,0.08640000000000025,江苏,港口,20070426,
601008.SH,连云港,20121024,3.2186,3.3051,3.3147,3.209,3.209,2.9947,96416.26,32836.906,0.09609999999999985,江苏,港口,20070426,
601008.SH,连云港,20121023,3.2666,3.209,3.2762,3.209,3.257,-1.4737,41619.39,14028.078,-0.04800000000000004,江苏,港口,20070426,
601008.SH,连云港,20121022,3.2186,3.257,3.2858,3.1898,3.2186,1.1931,45916.15,15505.673,0.03840000000000021,江苏,港口,20070426,
601008.SH,连云港,20121019,3.2186,3.2186,3.257,3.209,3.2378,-0.593,41674.37,13985.828,-0.019200000000000106,江苏,港口,20070426,
601008.SH,连云港,20121018,3.1417,3.2378,3.2666,3.1417,3.1513,2.7449,83540.51,28081.378,0.08650000000000002,江苏,港口,20070426,
601008.SH,连云港,20121017,3.1705,3.1513,3.1802,3.1225,3.1609,-0.3037,26068.06,8553.77,-0.009599999999999831,江苏,港口,20070426,
601008.SH,连云港,20121016,3.1321,3.1609,3.1802,3.1225,3.1321,0.9195,27693.81,9095.693,0.028799999999999937,江苏,港口,20070426,
601008.SH,连云港,20121015,3.1898,3.1321,3.1898,3.1033,3.1898,-1.8089,38190.48,12488.598,-0.057700000000000085,江苏,港口,20070426,
601008.SH,连云港,20121012,3.1994,3.1898,3.2282,3.1609,3.1802,0.3019,36466.42,12126.63,0.009599999999999831,江苏,港口,20070426,
601008.SH,连云港,20121011,3.209,3.1802,3.2282,3.1705,3.2186,-1.1931,39870.71,13285.455,-0.03839999999999977,江苏,港口,20070426,
601008.SH,连云港,20121010,3.1705,3.2186,3.2378,3.1513,3.1705,1.5171,53718.16,17905.853,0.04809999999999981,江苏,港口,20070426,
601008.SH,连云港,20121009,3.1225,3.1705,3.1994,3.1129,3.1129,1.8504,47732.09,15759.213,0.05760000000000032,江苏,港口,20070426,
601008.SH,连云港,20121008,3.1321,3.1129,3.1705,3.0937,3.1321,-0.613,19955.86,6494.066,-0.019200000000000106,江苏,港口,20070426,
601008.SH,连云港,20120928,3.0937,3.1321,3.1802,3.0841,3.1033,0.928,39159.08,12780.371,0.028799999999999937,江苏,港口,20070426,
601008.SH,连云港,20120927,3.036,3.1033,3.1321,3.036,3.0553,1.571,38382.9,12347.925,0.04800000000000004,江苏,港口,20070426,
601008.SH,连云港,20120926,3.1513,3.0553,3.1513,3.0264,3.1417,-2.7501,36641.76,11711.724,-0.08640000000000025,江苏,港口,20070426,
601008.SH,连云港,20120925,3.1513,3.1417,3.1705,3.1129,3.1513,-0.3046,20404.91,6661.192,-0.009599999999999831,江苏,港口,20070426,
601008.SH,连云港,20120924,3.1417,3.1513,3.1705,3.1033,3.1513,0.0,28478.33,9288.495,0.0,江苏,港口,20070426,
601008.SH,连云港,20120921,3.1994,3.1513,3.1994,3.1321,3.1898,-1.207,35371.47,11656.557,-0.03849999999999998,江苏,港口,20070426,
601008.SH,连云港,20120920,3.2762,3.1898,3.2762,3.1802,3.2762,-2.6372,34972.88,11691.184,-0.08639999999999981,江苏,港口,20070426,
601008.SH,连云港,20120919,3.2666,3.2762,3.2762,3.2378,3.2474,0.8869,21190.25,7175.503,0.028799999999999937,江苏,港口,20070426,
601008.SH,连云港,20120918,3.257,3.2474,3.2666,3.2186,3.2474,0.0,25176.82,8508.409,0.0,江苏,港口,20070426,
601008.SH,连云港,20120917,3.3915,3.2474,3.3915,3.2474,3.3915,-4.2489,55242.58,18990.913,-0.14410000000000034,江苏,港口,20070426,
601008.SH,连云港,20120914,3.3819,3.3915,3.4204,3.3147,3.3819,0.2839,70197.07,24604.627,0.009600000000000275,江苏,港口,20070426,
601008.SH,连云港,20120913,3.3915,3.3819,3.478,3.3819,3.3915,-0.2831,92205.39,32917.748,-0.009600000000000275,江苏,港口,20070426,
601008.SH,连云港,20120912,3.3723,3.3915,3.3915,3.3531,3.3627,0.8565,61307.43,21510.618,0.02880000000000038,江苏,港口,20070426,
601008.SH,连云港,20120911,3.3819,3.3627,3.3915,3.3339,3.4011,-1.129,66091.37,23087.67,-0.03840000000000021,江苏,港口,20070426,
601008.SH,连云港,20120910,3.43,3.4011,3.43,3.3819,3.4204,-0.5643,78790.6,27937.021,-0.019299999999999873,江苏,港口,20070426,
601008.SH,连云港,20120907,3.3051,3.4204,3.43,3.2954,3.2762,4.4014,139049.86,48966.587,0.1442000000000001,江苏,港口,20070426,
601008.SH,连云港,20120906,3.2666,3.2762,3.2858,3.2474,3.2474,0.8869,36427.64,12382.456,0.028799999999999937,江苏,港口,20070426,
601008.SH,连云港,20120905,3.2282,3.2474,3.2954,3.1898,3.257,-0.2947,47358.75,16018.379,-0.009600000000000275,江苏,港口,20070426,
601008.SH,连云港,20120904,3.3243,3.257,3.3243,3.2378,3.3147,-1.7407,54919.41,18738.014,-0.057700000000000085,江苏,港口,20070426,
601008.SH,连云港,20120903,3.2762,3.3147,3.3339,3.257,3.3051,0.2905,32736.1,11253.072,0.009600000000000275,江苏,港口,20070426,
601008.SH,连云港,20120831,3.2282,3.3051,3.3723,3.2186,3.2378,2.0786,63829.6,21867.841,0.06729999999999992,江苏,港口,20070426,
601008.SH,连云港,20120830,3.2954,3.2378,3.3147,3.209,3.2858,-1.4608,39908.65,13542.155,-0.04800000000000004,江苏,港口,20070426,
601008.SH,连云港,20120829,3.3147,3.2858,3.3339,3.2762,3.3147,-0.8719,30795.52,10603.849,-0.028900000000000148,江苏,港口,20070426,
601008.SH,连云港,20120828,3.2954,3.3147,3.3435,3.2762,3.2858,0.8795,40165.93,13857.67,0.028900000000000148,江苏,港口,20070426,
601008.SH,连云港,20120827,3.3243,3.2858,3.3243,3.257,3.3243,-1.1581,59941.26,20481.789,-0.03849999999999998,江苏,港口,20070426,
601008.SH,连云港,20120824,3.4011,3.3243,3.4107,3.2954,3.4107,-2.5332,64728.11,22511.067,-0.08639999999999981,江苏,港口,20070426,
601008.SH,连云港,20120823,3.4107,3.4107,3.4396,3.3819,3.4107,0.0,59138.34,21037.842,0.0,江苏,港口,20070426,
601008.SH,连云港,20120822,3.478,3.4107,3.478,3.3915,3.478,-1.935,63777.0,22727.711,-0.06730000000000036,江苏,港口,20070426,
601008.SH,连云港,20120821,3.4011,3.478,3.526,3.4011,3.4011,2.261,100875.33,36270.253,0.07690000000000019,江苏,港口,20070426,
601008.SH,连云港,20120820,3.4011,3.4011,3.4204,3.3435,3.43,-0.8426,48056.98,16884.103,-0.028900000000000148,江苏,港口,20070426,
601008.SH,连云港,20120817,3.4107,3.43,3.4396,3.3531,3.3915,1.1352,51877.66,18367.099,0.03849999999999998,江苏,港口,20070426,
601008.SH,连云港,20120816,3.43,3.3915,3.4684,3.3723,3.43,-1.1224,46017.63,16349.784,-0.03849999999999998,江苏,港口,20070426,
601008.SH,连云港,20120815,3.43,3.43,3.4876,3.3915,3.43,0.0,69070.93,24707.699,0.0,江苏,港口,20070426,
601008.SH,连云港,20120814,3.4011,3.43,3.4588,3.3243,3.3819,1.4223,77372.26,27315.948,0.048100000000000254,江苏,港口,20070426,
601008.SH,连云港,20120813,3.4684,3.3819,3.4972,3.3531,3.4972,-3.2969,85085.85,30372.308,-0.11529999999999996,江苏,港口,20070426,
601008.SH,连云港,20120810,3.4876,3.4972,3.5453,3.4492,3.4876,0.2753,87805.06,31956.7,0.009599999999999831,江苏,港口,20070426,
601008.SH,连云港,20120809,3.4204,3.4876,3.526,3.3819,3.4107,2.2547,98340.13,35447.194,0.07690000000000019,江苏,港口,20070426,
601008.SH,连云港,20120808,3.43,3.4107,3.4396,3.3915,3.43,-0.5627,43279.26,15372.181,-0.019300000000000317,江苏,港口,20070426,
601008.SH,连云港,20120807,3.3915,3.43,3.4492,3.3723,3.4011,0.8497,71688.38,25529.636,0.028900000000000148,江苏,港口,20070426,
601008.SH,连云港,20120806,3.2954,3.4011,3.43,3.2858,3.3051,2.9046,70748.98,24777.587,0.09600000000000009,江苏,港口,20070426,
601008.SH,连云港,20120803,3.2474,3.3051,3.3243,3.2474,3.257,1.4768,41999.76,14392.918,0.04809999999999981,江苏,港口,20070426,
601008.SH,连云港,20120802,3.257,3.257,3.2954,3.2282,3.2762,-0.586,34248.82,11602.738,-0.019199999999999662,江苏,港口,20070426,
601008.SH,连云港,20120801,3.209,3.2762,3.3051,3.209,3.2186,1.7896,36926.49,12582.247,0.057599999999999874,江苏,港口,20070426,
601008.SH,连云港,20120731,3.2666,3.2186,3.2858,3.209,3.3051,-2.6172,45478.92,15377.769,-0.08650000000000002,江苏,港口,20070426,
601008.SH,连云港,20120730,3.2858,3.3051,3.43,3.1994,3.2762,0.8821,77375.17,26745.973,0.028900000000000148,江苏,港口,20070426,
601008.SH,连云港,20120727,3.3243,3.2762,3.3435,3.2666,3.3051,-0.8744,37089.05,12753.51,-0.028900000000000148,江苏,港口,20070426,
601008.SH,连云港,20120726,3.3627,3.3051,3.3915,3.2954,3.3723,-1.9927,48412.31,16874.744,-0.06720000000000015,江苏,港口,20070426,
601008.SH,连云港,20120725,3.3243,3.3723,3.4396,3.3243,3.3819,-0.2839,49381.54,17455.215,-0.009599999999999831,江苏,港口,20070426,
601008.SH,连云港,20120724,3.3243,3.3819,3.4011,3.2762,3.3627,0.571,49622.69,17355.175,0.019200000000000106,江苏,港口,20070426,
601008.SH,连云港,20120723,3.3147,3.3627,3.43,3.2762,3.3339,0.8639,66777.46,23400.56,0.028799999999999937,江苏,港口,20070426,
601008.SH,连云港,20120720,3.3435,3.3339,3.4204,3.3243,3.3627,-0.8565,66048.71,23175.909,-0.028799999999999937,江苏,港口,20070426,
601008.SH,连云港,20120719,3.257,3.3627,3.5356,3.2474,3.2762,2.6403,122533.76,43151.596,0.08650000000000002,江苏,港口,20070426,
601008.SH,连云港,20120718,3.2186,3.2762,3.2858,3.1705,3.2378,1.186,62499.7,20979.978,0.03839999999999977,江苏,港口,20070426,
601008.SH,连云港,20120717,3.1898,3.2378,3.2378,3.1705,3.1802,1.8112,41239.83,13779.666,0.057599999999999874,江苏,港口,20070426,
601008.SH,连云港,20120716,3.3339,3.1802,3.3435,3.1705,3.3435,-4.8841,76161.72,25685.09,-0.1633,江苏,港口,20070426,
601008.SH,连云港,20120713,3.3627,3.3435,3.3915,3.3243,3.3723,-0.854,45145.95,15773.382,-0.028799999999999937,江苏,港口,20070426,
601008.SH,连云港,20120712,3.3243,3.3723,3.4011,3.2858,3.3339,1.1518,54103.14,18835.995,0.03840000000000021,江苏,港口,20070426,
601008.SH,连云港,20120711,3.3051,3.3339,3.3435,3.2762,3.2954,1.1683,42742.33,14759.758,0.03849999999999998,江苏,港口,20070426,
601008.SH,连云港,20120710,3.3147,3.2954,3.3243,3.2666,3.3243,-0.8694,64675.77,22141.307,-0.028900000000000148,江苏,港口,20070426,
601008.SH,连云港,20120709,3.4684,3.3243,3.4684,3.3051,3.478,-4.4192,75524.31,26585.159,-0.15370000000000017,江苏,港口,20070426,
601008.SH,连云港,20120706,3.4204,3.478,3.4972,3.3819,3.3915,2.5505,76044.79,27220.502,0.08650000000000002,江苏,港口,20070426,
601008.SH,连云港,20120705,3.526,3.3915,3.526,3.3819,3.5453,-4.3381,105672.79,37826.385,-0.15379999999999994,江苏,港口,20070426,
601008.SH,连云港,20120704,3.5837,3.5453,3.6029,3.5164,3.5837,-1.0715,68147.73,25221.227,-0.03839999999999977,江苏,港口,20070426,
601008.SH,连云港,20120703,3.6413,3.5837,3.6413,3.5645,3.6413,-1.5819,98734.36,37110.688,-0.05760000000000032,江苏,港口,20070426,
601008.SH,连云港,20120702,3.6317,3.6413,3.6605,3.6125,3.6413,0.0,83947.34,31741.874,0.0,江苏,港口,20070426,
601008.SH,连云港,20120629,3.5068,3.6413,3.699,3.4972,3.5356,2.9896,141993.96,53289.558,0.10570000000000013,江苏,港口,20070426,
601008.SH,连云港,20120628,3.6413,3.5356,3.6605,3.5356,3.6413,-2.9028,100102.03,37416.256,-0.10570000000000013,江苏,港口,20070426,
601008.SH,连云港,20120627,3.6413,3.6413,3.699,3.6029,3.6605,-0.5245,84825.17,32151.14,-0.019199999999999662,江苏,港口,20070426,
601008.SH,连云港,20120626,3.5837,3.6605,3.6894,3.5837,3.6221,1.0602,75350.12,28502.768,0.03839999999999977,江苏,港口,20070426,
601008.SH,连云港,20120625,3.7086,3.6221,3.7182,3.6029,3.7278,-2.8355,78442.77,29825.25,-0.10569999999999968,江苏,港口,20070426,
601008.SH,连云港,20120621,3.8047,3.7278,3.8047,3.7182,3.8143,-2.2678,69016.97,26917.23,-0.08650000000000002,江苏,港口,20070426,
601008.SH,连云港,20120620,3.8623,3.8143,3.8815,3.7951,3.8527,-0.9967,61003.54,24299.63,-0.03840000000000021,江苏,港口,20070426,
601008.SH,连云港,20120619,3.8431,3.8527,3.8719,3.8047,3.8527,0.0,66369.27,26487.829,0.0,江苏,港口,20070426,
601008.SH,连云港,20120618,3.8431,3.8527,3.8623,3.7951,3.8239,0.7532,78626.37,31406.867,0.028799999999999937,江苏,港口,20070426,
601008.SH,连云港,20120615,3.9007,3.8239,3.92,3.7566,3.9007,-1.9689,153207.97,61181.398,-0.07679999999999998,江苏,港口,20070426,
601008.SH,连云港,20120614,3.9392,3.9007,3.968,3.8815,3.9488,-1.2181,109657.4,44763.216,-0.04809999999999981,江苏,港口,20070426,
601008.SH,连云港,20120613,3.9007,3.9488,3.9584,3.8623,3.8815,1.7339,122554.36,49902.827,0.06729999999999992,江苏,港口,20070426,
601008.SH,连云港,20120612,3.9296,3.8815,3.9584,3.8719,3.968,-2.1799,93138.39,37903.37,-0.08650000000000002,江苏,港口,20070426,
601008.SH,连云港,20120611,3.9392,3.968,3.9968,3.8911,3.9103,1.4756,131042.17,53948.284,0.057700000000000085,江苏,港口,20070426,
601008.SH,连云港,20120608,3.92,3.9103,3.9488,3.8623,3.8623,1.2428,108678.81,44190.574,0.04800000000000004,江苏,港口,20070426,
601008.SH,连云港,20120607,3.9776,3.8623,3.9968,3.8623,3.9296,-1.7126,119650.74,48780.632,-0.06730000000000036,江苏,港口,20070426,
601008.SH,连云港,20120606,3.9584,3.9296,3.9968,3.8815,3.9584,-0.7276,116218.61,47572.778,-0.028799999999999937,江苏,港口,20070426,
601008.SH,连云港,20120605,3.9392,3.9584,4.0064,3.92,3.9488,0.2431,114171.8,47041.435,0.009600000000000275,江苏,港口,20070426,
601008.SH,连云港,20120604,4.0929,3.9488,4.0929,3.9392,4.2178,-6.3777,251206.97,104715.078,-0.26900000000000057,江苏,港口,20070426,
601008.SH,连云港,20120601,4.2082,4.2178,4.4003,4.1698,4.189,0.6875,315006.07,140752.487,0.02880000000000038,江苏,港口,20070426,
601008.SH,连云港,20120531,4.237,4.189,4.3139,4.1698,4.2754,-2.0209,208285.71,91637.798,-0.08640000000000025,江苏,港口,20070426,
601008.SH,连云港,20120530,4.285,4.2754,4.4099,4.2274,4.285,-0.224,242240.36,108466.214,-0.009599999999999831,江苏,港口,20070426,
601008.SH,连云港,20120529,4.3235,4.285,4.3811,4.1986,4.4292,-3.2557,379664.51,169242.452,-0.14419999999999966,江苏,港口,20070426,
601008.SH,连云港,20120528,4.1505,4.4292,4.5445,4.1121,4.1986,5.4923,536338.27,242040.609,0.23059999999999992,江苏,港口,20070426,
601008.SH,连云港,20120525,4.2562,4.1986,4.2947,4.1313,4.3427,-3.3182,387173.64,169160.136,-0.1440999999999999,江苏,港口,20070426,
601008.SH,连云港,20120524,4.4003,4.3427,4.5637,4.3331,4.4388,-2.165,520752.26,241500.498,-0.09609999999999985,江苏,港口,20070426,
601008.SH,连云港,20120523,4.4676,4.4388,4.5156,4.3331,4.5541,-2.5318,535841.34,246080.153,-0.1153000000000004,江苏,港口,20070426,
601008.SH,连云港,20120522,4.5156,4.5541,4.6694,4.4292,4.5445,0.2112,585745.99,276164.607,0.009599999999999831,江苏,港口,20070426,
601008.SH,连云港,20120521,4.5637,4.5445,4.679,4.3139,4.6886,-3.0734,848903.66,391854.099,-0.1440999999999999,江苏,港口,20070426,
601008.SH,连云港,20120518,4.5637,4.6886,4.6886,4.506,4.2658,9.9114,497507.26,239936.684,0.4228000000000005,江苏,港口,20070426,
601008.SH,连云港,20120517,4.0352,4.2658,4.2658,3.9488,3.8815,9.9008,714731.83,308677.472,0.38429999999999964,江苏,港口,20070426,
601008.SH,连云港,20120516,3.4972,3.8815,3.8815,3.4972,3.526,10.0822,264068.08,105562.541,0.35550000000000015,江苏,港口,20070426,
601008.SH,连云港,20120515,3.5356,3.526,3.5549,3.4876,3.5549,-0.813,41883.0,15313.431,-0.028900000000000148,江苏,港口,20070426,
601008.SH,连云港,20120514,3.6029,3.5549,3.6029,3.5549,3.5645,-0.2693,42132.11,15679.598,-0.009599999999999831,江苏,港口,20070426,
601008.SH,连云港,20120511,3.6509,3.5645,3.6509,3.5453,3.6413,-2.1091,48538.07,18145.916,-0.07680000000000042,江苏,港口,20070426,
601008.SH,连云港,20120510,3.6125,3.6413,3.6605,3.6125,3.6221,0.5301,32974.03,12473.092,0.019200000000000106,江苏,港口,20070426,
601008.SH,连云港,20120509,3.7182,3.6221,3.7182,3.6125,3.7278,-2.8355,55284.24,21029.843,-0.10569999999999968,江苏,港口,20070426,
601008.SH,连云港,20120508,3.7086,3.7278,3.7662,3.6894,3.699,0.7786,60626.6,23548.187,0.028799999999999937,江苏,港口,20070426,
601008.SH,连云港,20120507,3.7182,3.699,3.7278,3.6798,3.747,-1.281,44586.65,17178.116,-0.04800000000000004,江苏,港口,20070426,
601008.SH,连云港,20120504,3.7278,3.747,3.747,3.6894,3.7374,0.2569,43160.11,16718.453,0.009599999999999831,江苏,港口,20070426,
601008.SH,连云港,20120503,3.7374,3.7374,3.7374,3.6894,3.7662,-0.7647,47492.13,18368.803,-0.028799999999999937,江苏,港口,20070426,
601008.SH,连云港,20120502,3.747,3.7662,3.7758,3.699,3.699,1.8167,46266.86,18043.951,0.06720000000000015,江苏,港口,20070426,
601008.SH,连云港,20120427,3.7427,3.6986,3.7647,3.6693,3.7427,-1.1783,54692.87,27626.966,-0.04410000000000025,江苏,港口,20070426,
601008.SH,连云港,20120426,3.7427,3.7427,3.794,3.7133,3.7573,-0.3886,66236.17,33858.203,-0.014599999999999724,江苏,港口,20070426,
601008.SH,连云港,20120425,3.6546,3.7573,3.7647,3.6473,3.6619,2.6052,86184.29,43730.447,0.09539999999999971,江苏,港口,20070426,
601008.SH,连云港,20120424,3.6693,3.6619,3.7133,3.5592,3.6766,-0.3998,86060.17,42678.863,-0.014699999999999935,江苏,港口,20070426,
601008.SH,连云港,20120423,3.6399,3.6766,3.728,3.6326,3.6693,0.1989,77377.23,38810.871,0.007300000000000306,江苏,港口,20070426,
601008.SH,连云港,20120420,3.6326,3.6693,3.684,3.5812,3.6253,1.2137,60163.23,29804.158,0.043999999999999595,江苏,港口,20070426,
601008.SH,连云港,20120419,3.5959,3.6253,3.6326,3.5739,3.5959,0.8176,45009.57,22081.676,0.029400000000000315,江苏,港口,20070426,
601008.SH,连云港,20120418,3.5152,3.5959,3.6032,3.5078,3.5005,2.7253,52912.77,25710.323,0.09539999999999971,江苏,港口,20070426,
601008.SH,连云港,20120417,3.6179,3.5005,3.6179,3.4932,3.5886,-2.455,46305.77,22359.672,-0.08809999999999985,江苏,港口,20070426,
601008.SH,连云港,20120416,3.5225,3.5886,3.5959,3.5225,3.5445,1.2442,42634.16,20701.989,0.044099999999999806,江苏,港口,20070426,
601008.SH,连云港,20120413,3.5812,3.5445,3.5886,3.5225,3.4932,1.4686,65872.72,31878.169,0.051300000000000345,江苏,港口,20070426,
601008.SH,连云港,20120411,3.3904,3.4932,3.5078,3.3537,3.4271,1.9287,54182.13,25569.077,0.06610000000000005,江苏,港口,20070426,
601008.SH,连云港,20120410,3.4124,3.4271,3.4344,3.3024,3.4198,0.2135,40751.82,18665.429,0.007299999999999862,江苏,港口,20070426,
601008.SH,连云港,20120409,3.4711,3.4198,3.4785,3.4124,3.4491,-0.8495,29777.36,13971.707,-0.029300000000000104,江苏,港口,20070426,
601008.SH,连云港,20120406,3.4418,3.4491,3.4711,3.4051,3.4491,0.0,35763.89,16757.431,0.0,江苏,港口,20070426,
601008.SH,连云港,20120405,3.3757,3.4491,3.4638,3.3537,3.3537,2.8446,55863.57,25859.691,0.09540000000000015,江苏,港口,20070426,
601008.SH,连云港,20120330,3.3831,3.3537,3.3978,3.3097,3.3757,-0.6517,27726.45,12657.349,-0.02200000000000024,江苏,港口,20070426,
601008.SH,连云港,20120329,3.4198,3.3757,3.4198,3.3244,3.4271,-1.4998,37218.23,17122.143,-0.05139999999999967,江苏,港口,20070426,
601008.SH,连云港,20120328,3.5592,3.4271,3.5886,3.4124,3.5886,-4.5004,57092.35,26988.647,-0.1615000000000002,江苏,港口,20070426,
601008.SH,连云港,20120327,3.6326,3.5886,3.6473,3.5665,3.6032,-0.4052,47246.89,23204.46,-0.014600000000000168,江苏,港口,20070426,
601008.SH,连云港,20120326,3.7427,3.6032,3.7427,3.5886,3.772,-4.4751,86310.26,42865.692,-0.16879999999999962,江苏,港口,20070426,
601008.SH,连云港,20120323,3.8454,3.772,3.8821,3.7573,3.8454,-1.9088,78058.01,40728.683,-0.07340000000000035,江苏,港口,20070426,
601008.SH,连云港,20120322,3.794,3.8454,3.8748,3.7647,3.794,1.3548,99556.7,51990.527,0.05140000000000011,江苏,港口,20070426,
601008.SH,连云港,20120321,3.8307,3.794,3.8674,3.728,3.8601,-1.7124,98351.8,50869.341,-0.06610000000000005,江苏,港口,20070426,
601008.SH,连云港,20120320,3.75,3.8601,3.9335,3.7427,3.6766,4.991,204249.35,107038.971,0.1835,江苏,港口,20070426,
601008.SH,连云港,20120319,3.6693,3.6766,3.684,3.6253,3.6693,0.1989,29671.0,14812.804,0.007300000000000306,江苏,港口,20070426,
601008.SH,连云港,20120316,3.5298,3.6693,3.6986,3.5298,3.5298,3.9521,58027.67,28752.582,0.13949999999999996,江苏,港口,20070426,
601008.SH,连云港,20120315,3.6253,3.5298,3.6546,3.5005,3.6106,-2.2379,48314.61,23505.859,-0.08079999999999998,江苏,港口,20070426,
601008.SH,连云港,20120314,3.8527,3.6106,3.8527,3.5739,3.8307,-5.7457,91872.6,46759.692,-0.2201000000000004,江苏,港口,20070426,
601008.SH,连云港,20120313,3.7794,3.8307,3.8381,3.7647,3.772,1.5562,58574.18,30329.403,0.05870000000000042,江苏,港口,20070426,
601008.SH,连云港,20120312,3.8014,3.772,3.8087,3.7353,3.7794,-0.1958,44397.46,22823.236,-0.007400000000000073,江苏,港口,20070426,
601008.SH,连云港,20120309,3.7353,3.7794,3.7867,3.7207,3.7207,1.5777,51245.07,26218.505,0.058699999999999974,江苏,港口,20070426,
601008.SH,连云港,20120308,3.6986,3.7207,3.7353,3.6766,3.6766,1.1995,38807.28,19635.561,0.044099999999999806,江苏,港口,20070426,
601008.SH,连云港,20120307,3.6619,3.6766,3.7133,3.6619,3.6986,-0.5948,40162.73,20147.8,-0.021999999999999797,江苏,港口,20070426,
601008.SH,连云港,20120306,3.7647,3.6986,3.794,3.6766,3.794,-2.5145,45813.65,23190.451,-0.09540000000000015,江苏,港口,20070426,
601008.SH,连云港,20120305,3.8161,3.794,3.8381,3.7867,3.8014,-0.1947,39183.97,20313.279,-0.007400000000000073,江苏,港口,20070426,
601008.SH,连云港,20120302,3.7353,3.8014,3.8014,3.7133,3.7133,2.3726,38101.68,19584.82,0.08810000000000029,江苏,港口,20070426,
601008.SH,连云港,20120301,3.7353,3.7133,3.7573,3.6986,3.7427,-0.7855,34717.24,17639.92,-0.029400000000000315,江苏,港口,20070426,
601008.SH,连云港,20120229,3.8161,3.7427,3.8674,3.728,3.8014,-1.5442,45242.7,23398.682,-0.058699999999999974,江苏,港口,20070426,
601008.SH,连云港,20120228,3.7794,3.8014,3.8381,3.75,3.8014,0.0,51224.54,26458.801,0.0,江苏,港口,20070426,
601008.SH,连云港,20120227,3.8014,3.8014,3.9041,3.7794,3.794,0.195,84249.56,44096.719,0.007400000000000073,江苏,港口,20070426,
601008.SH,连云港,20120224,3.7133,3.794,3.8087,3.684,3.7133,2.1733,61810.76,31526.751,0.08070000000000022,江苏,港口,20070426,
601008.SH,连云港,20120223,3.6913,3.7133,3.728,3.6693,3.706,0.197,34762.44,17530.7,0.007299999999999862,江苏,港口,20070426,
601008.SH,连云港,20120222,3.6399,3.706,3.7133,3.6399,3.6619,1.2043,41750.96,21001.479,0.044099999999999806,江苏,港口,20070426,
601008.SH,连云港,20120221,3.6546,3.6619,3.6693,3.5592,3.6619,0.0,36157.14,17820.14,0.0,江苏,港口,20070426,
601008.SH,连云港,20120220,3.706,3.6619,3.728,3.6546,3.6619,0.0,40516.73,20354.167,0.0,江苏,港口,20070426,
601008.SH,连云港,20120217,3.6913,3.6619,3.7207,3.6253,3.6693,-0.2017,52377.55,26224.632,-0.007399999999999629,江苏,港口,20070426,
601008.SH,连云港,20120216,3.6032,3.6693,3.7133,3.5812,3.5886,2.2488,84564.12,42134.792,0.08069999999999977,江苏,港口,20070426,
601008.SH,连云港,20120215,3.5445,3.5886,3.5959,3.4932,3.5372,1.4531,52611.79,25543.01,0.05140000000000011,江苏,港口,20070426,
601008.SH,连云港,20120214,3.5665,3.5372,3.5739,3.5005,3.5592,-0.6181,39049.96,18781.538,-0.02200000000000024,江苏,港口,20070426,
601008.SH,连云港,20120213,3.4565,3.5592,3.5665,3.4124,3.4711,2.5381,59117.79,28426.939,0.08810000000000029,江苏,港口,20070426,
601008.SH,连云港,20120210,3.4491,3.4711,3.4932,3.4198,3.4344,1.0686,39594.74,18697.102,0.03669999999999973,江苏,港口,20070426,
601008.SH,连云港,20120209,3.4418,3.4344,3.4858,3.4124,3.4271,0.213,39529.1,18598.594,0.007300000000000306,江苏,港口,20070426,
601008.SH,连云港,20120208,3.3464,3.4271,3.4418,3.317,3.3537,2.1886,27576.07,12762.343,0.07339999999999991,江苏,港口,20070426,
601008.SH,连云港,20120207,3.4418,3.3537,3.4418,3.339,3.4491,-2.7659,28032.97,12882.521,-0.09540000000000015,江苏,港口,20070426,
601008.SH,连云港,20120206,3.4858,3.4491,3.4932,3.4124,3.4638,-0.4244,30531.59,14376.263,-0.014699999999999935,江苏,港口,20070426,
601008.SH,连云港,20120203,3.4271,3.4638,3.5225,3.3904,3.4271,1.0709,35502.02,16724.928,0.03670000000000018,江苏,港口,20070426,
601008.SH,连云港,20120202,3.3611,3.4271,3.4271,3.3464,3.3611,1.9636,19560.96,9026.094,0.06599999999999984,江苏,港口,20070426,
601008.SH,连云港,20120201,3.3464,3.3611,3.4565,3.3317,3.3684,-0.2167,32501.19,15040.796,-0.007299999999999862,江苏,港口,20070426,
601008.SH,连云港,20120131,3.3097,3.3684,3.3684,3.2877,3.3464,0.6574,21137.64,9578.01,0.021999999999999797,江苏,港口,20070426,
601008.SH,连云港,20120130,3.3757,3.3464,3.3978,3.339,3.3757,-0.868,29757.98,13647.567,-0.029300000000000104,江苏,港口,20070426,
601008.SH,连云港,20120120,3.3684,3.3757,3.4124,3.3464,3.3684,0.2167,41128.35,18952.329,0.007300000000000306,江苏,港口,20070426,
601008.SH,连云港,20120119,3.2143,3.3684,3.3904,3.207,3.2436,3.8476,51980.15,23606.797,0.12480000000000002,江苏,港口,20070426,
601008.SH,连云港,20120118,3.317,3.2436,3.4344,3.2143,3.2877,-1.3414,70964.6,32139.314,-0.04410000000000025,江苏,港口,20070426,
601008.SH,连云港,20120117,3.0161,3.2877,3.3024,3.0161,3.0235,8.7382,71900.8,31376.31,0.2642000000000002,江苏,港口,20070426,
601008.SH,连云港,20120116,3.0895,3.0235,3.1409,3.0161,3.1189,-3.0588,33629.35,14132.593,-0.09540000000000015,江苏,港口,20070426,
601008.SH,连云港,20120113,3.2877,3.1189,3.2877,3.1116,3.295,-5.3445,43817.89,19010.577,-0.17609999999999992,江苏,港口,20070426,
601008.SH,连云港,20120112,3.251,3.295,3.3024,3.2143,3.2657,0.8972,42383.05,18819.324,0.029300000000000104,江苏,港口,20070426,
601008.SH,连云港,20120111,3.3024,3.2657,3.3024,3.207,3.2803,-0.4451,38666.55,17145.926,-0.014600000000000168,江苏,港口,20070426,
601008.SH,连云港,20120110,3.1556,3.2803,3.3024,3.1336,3.1482,4.196,54681.97,24111.668,0.13209999999999988,江苏,港口,20070426,
601008.SH,连云港,20120109,3.0235,3.1482,3.1556,2.9648,3.0015,4.8876,37992.12,15960.03,0.14670000000000005,江苏,港口,20070426,
601008.SH,连云港,20120106,2.9648,3.0015,3.0015,2.9207,2.9721,0.9892,19524.85,7866.775,0.02939999999999987,江苏,港口,20070426,
601008.SH,连云港,20120105,3.0969,2.9721,3.1116,2.9501,3.1116,-4.4832,41697.32,17200.941,-0.13949999999999996,江苏,港口,20070426,
601008.SH,连云港,20120104,3.1849,3.1116,3.2363,3.1042,3.1703,-1.8516,24507.5,10618.994,-0.058699999999999974,江苏,港口,20070426,
601008.SH,连云港,20111230,3.1116,3.1703,3.1923,3.1116,3.0969,2.3701,25731.25,11071.803,0.07339999999999991,江苏,港口,20070426,
601008.SH,连云港,20111229,3.0675,3.0969,3.1189,3.0602,3.0822,0.4769,21631.43,9105.631,0.01470000000000038,江苏,港口,20070426,
601008.SH,连云港,20111228,3.0895,3.0822,3.0969,3.0308,3.1042,-0.7087,28006.73,11670.838,-0.02200000000000024,江苏,港口,20070426,
601008.SH,连云港,20111227,3.1703,3.1042,3.1923,3.0822,3.1776,-2.3099,17473.18,7455.809,-0.07339999999999991,江苏,港口,20070426,
601008.SH,连云港,20111226,3.1776,3.1776,3.2363,3.1482,3.1776,0.0,22986.0,10022.346,0.0,江苏,港口,20070426,
601008.SH,连云港,20111223,3.1336,3.1776,3.2436,3.1189,3.1482,0.9339,30224.91,13124.893,0.02939999999999987,江苏,港口,20070426,
601008.SH,连云港,20111222,3.1556,3.1482,3.1996,3.0382,3.2363,-2.7222,34605.1,14682.678,-0.08809999999999985,江苏,港口,20070426,
601008.SH,连云港,20111220,3.1996,3.2363,3.295,3.1996,3.229,0.2261,22041.6,9785.672,0.007299999999999862,江苏,港口,20070426,
601008.SH,连云港,20111219,3.2436,3.229,3.2436,3.1482,3.251,-0.6767,24466.8,10638.106,-0.021999999999999797,江苏,港口,20070426,
601008.SH,连云港,20111216,3.1482,3.251,3.2657,3.1482,3.1409,3.5054,34442.23,15026.975,0.11010000000000009,江苏,港口,20070426,
601008.SH,连云港,20111215,3.2657,3.1409,3.2657,3.1409,3.273,-4.0361,35784.95,15619.088,-0.13210000000000033,江苏,港口,20070426,
601008.SH,连云港,20111214,3.3024,3.273,3.3537,3.251,3.3244,-1.5461,18712.66,8429.731,-0.05139999999999967,江苏,港口,20070426,
601008.SH,连云港,20111213,3.4711,3.3244,3.4785,3.3244,3.4858,-4.6302,36815.35,16890.778,-0.1614,江苏,港口,20070426,
601008.SH,连云港,20111212,3.5152,3.4858,3.5298,3.4785,3.5152,-0.8364,15245.44,7290.226,-0.029400000000000315,江苏,港口,20070426,
601008.SH,连云港,20111209,3.5152,3.5152,3.5445,3.4932,3.5445,-0.8266,12610.0,6041.823,-0.029300000000000104,江苏,港口,20070426,
601008.SH,连云港,20111208,3.5445,3.5445,3.5739,3.4711,3.5445,0.0,22469.99,10791.781,0.0,江苏,港口,20070426,
601008.SH,连云港,20111207,3.5078,3.5445,3.5665,3.4858,3.5005,1.257,25760.67,12408.524,0.04400000000000004,江苏,港口,20070426,
601008.SH,连云港,20111206,3.4858,3.5005,3.5152,3.4638,3.4785,0.6325,20191.05,9591.468,0.02200000000000024,江苏,港口,20070426,
601008.SH,连云港,20111205,3.6106,3.4785,3.6179,3.4711,3.6106,-3.6587,34765.69,16620.867,-0.13209999999999988,江苏,港口,20070426,
601008.SH,连云港,20111202,3.75,3.6106,3.75,3.5959,3.7573,-3.9044,68708.21,33994.797,-0.14670000000000005,江苏,港口,20070426,
601008.SH,连云港,20111201,3.8087,3.7573,3.8234,3.7427,3.6766,2.195,52108.57,26880.312,0.08069999999999977,江苏,港口,20070426,
601008.SH,连云港,20111130,3.8968,3.6766,3.8968,3.5959,3.8968,-5.6508,52040.26,26597.142,-0.22019999999999973,江苏,港口,20070426,
601008.SH,连云港,20111129,3.8748,3.8968,3.8968,3.8381,3.8307,1.7255,46612.21,24582.263,0.0660999999999996,江苏,港口,20070426,
601008.SH,连云港,20111128,3.8674,3.8307,3.9041,3.8014,3.8674,-0.949,31270.22,16356.418,-0.03669999999999973,江苏,港口,20070426,
601008.SH,连云港,20111125,3.8894,3.8674,3.9115,3.8601,3.8894,-0.5656,19701.6,10429.849,-0.02200000000000024,江苏,港口,20070426,
601008.SH,连云港,20111124,3.8674,3.8894,3.9188,3.8307,3.9041,-0.3765,33260.79,17561.701,-0.014699999999999935,江苏,港口,20070426,
601008.SH,连云港,20111123,3.9995,3.9041,4.0215,3.8894,4.0069,-2.5656,54366.63,29230.551,-0.10279999999999978,江苏,港口,20070426,
601008.SH,连云港,20111122,3.9628,4.0069,4.0215,3.9555,4.0215,-0.363,33440.81,18174.864,-0.014599999999999724,江苏,港口,20070426,
601008.SH,连云港,20111121,3.9628,4.0215,4.0289,3.9628,4.0215,0.0,31133.82,16950.871,0.0,江苏,港口,20070426,
601008.SH,连云港,20111118,4.205,4.0215,4.205,3.9628,4.2344,-5.0279,79832.7,44059.267,-0.2129000000000003,江苏,港口,20070426,
601008.SH,连云港,20111117,4.271,4.2344,4.2931,4.2197,4.271,-0.8569,29686.43,17192.412,-0.036599999999999966,江苏,港口,20070426,
601008.SH,连云港,20111116,4.4178,4.271,4.4178,4.2197,4.4178,-3.3229,63418.05,37118.649,-0.14679999999999982,江苏,港口,20070426,
601008.SH,连云港,20111115,4.3518,4.4178,4.4252,4.3077,4.3518,1.5166,76703.38,45780.629,0.06599999999999984,江苏,港口,20070426,
601008.SH,连云港,20111114,4.2857,4.3518,4.3664,4.2417,4.227,2.9524,66569.72,39198.712,0.12479999999999958,江苏,港口,20070426,
601008.SH,连云港,20111111,4.2417,4.227,4.2784,4.1903,4.3444,-2.7023,55654.33,32152.843,-0.11739999999999995,江苏,港口,20070426,
601008.SH,连云港,20111109,4.3371,4.3444,4.3885,4.183,4.3371,0.1683,69647.31,40679.955,0.007299999999999862,江苏,港口,20070426,
601008.SH,连云港,20111108,4.4618,4.3371,4.4618,4.3151,4.4398,-2.3132,66029.56,39431.734,-0.10269999999999957,江苏,港口,20070426,
601008.SH,连云港,20111107,4.4178,4.4398,4.5279,4.3885,4.4325,0.1647,123502.74,75041.799,0.007299999999999862,江苏,港口,20070426,
601008.SH,连云港,20111104,4.2637,4.4325,4.5132,4.227,4.227,4.8616,240338.88,143980.517,0.2054999999999998,江苏,港口,20070426,
601008.SH,连云港,20111103,4.1756,4.227,4.2784,4.1756,4.1756,1.231,119194.71,68905.813,0.05140000000000011,江苏,港口,20070426,
601008.SH,连云港,20111102,4.0802,4.1756,4.183,4.0069,4.1536,0.5297,72890.1,40620.711,0.02200000000000024,江苏,港口,20070426,
601008.SH,连云港,20111101,4.1316,4.1536,4.2197,4.1243,4.1463,0.1761,61905.97,35166.703,0.007299999999999862,江苏,港口,20070426,
601008.SH,连云港,20111031,4.1756,4.1463,4.183,4.1243,4.1756,-0.7017,41534.07,23481.691,-0.029300000000000104,江苏,港口,20070426,
601008.SH,连云港,20111028,4.1536,4.1756,4.1903,4.1243,4.1169,1.4258,73950.43,41885.74,0.058699999999999974,江苏,港口,20070426,
601008.SH,连云港,20111027,4.1169,4.1169,4.161,4.0876,4.0656,1.2618,81087.98,45569.845,0.051300000000000345,江苏,港口,20070426,
601008.SH,连云港,20111026,4.0362,4.0656,4.1389,3.9922,4.0582,0.1823,92278.89,51236.908,0.007399999999999629,江苏,港口,20070426,
601008.SH,连云港,20111025,3.9702,4.0582,4.0876,3.9261,3.9628,2.4074,62565.45,34302.222,0.09540000000000015,江苏,港口,20070426,
601008.SH,连云港,20111024,3.8748,3.9628,3.9702,3.8234,3.8601,2.6606,45883.74,24437.061,0.10270000000000001,江苏,港口,20070426,
601008.SH,连云港,20111021,3.8381,3.8601,3.8894,3.8307,3.8601,0.0,32804.87,17235.526,0.0,江苏,港口,20070426,
601008.SH,连云港,20111020,4.0289,3.8601,4.0289,3.794,4.0069,-3.6637,47641.56,25256.83,-0.14679999999999982,江苏,港口,20070426,
601008.SH,连云港,20111019,4.0509,4.0069,4.0802,3.9775,4.0435,-0.9052,40723.48,22357.309,-0.036599999999999966,江苏,港口,20070426,
601008.SH,连云港,20111018,4.183,4.0435,4.205,4.0435,4.205,-3.8407,64671.71,36217.095,-0.1615000000000002,江苏,港口,20070426,
601008.SH,连云港,20111017,4.249,4.205,4.2931,4.183,4.249,-1.0355,68455.81,39523.227,-0.043999999999999595,江苏,港口,20070426,
601008.SH,连云港,20111014,4.3004,4.249,4.3298,4.227,4.3151,-1.5318,85478.01,49586.026,-0.06610000000000049,江苏,港口,20070426,
601008.SH,连云港,20111013,4.249,4.3151,4.3518,4.2197,4.2857,0.686,144065.54,84261.875,0.02939999999999987,江苏,港口,20070426,
601008.SH,连云港,20111012,4.0656,4.2857,4.2857,4.0435,4.1096,4.2851,146195.99,83542.851,0.17609999999999992,江苏,港口,20070426,
601008.SH,连云港,20111011,4.2857,4.1096,4.3224,3.9995,4.183,-1.7547,141723.9,80278.122,-0.07339999999999947,江苏,港口,20070426,
601008.SH,连云港,20111010,4.2417,4.183,4.2417,4.1169,4.1977,-0.3502,70362.83,40107.945,-0.01470000000000038,江苏,港口,20070426,
601008.SH,连云港,20110930,4.2931,4.1977,4.3151,4.1169,4.3298,-3.0509,117898.86,67561.421,-0.13209999999999944,江苏,港口,20070426,
601008.SH,连云港,20110929,4.8948,4.3298,4.8948,4.3298,4.8141,-10.06,308972.76,184569.478,-0.4843000000000002,江苏,港口,20070426,
601008.SH,连云港,20110928,5.1737,4.8141,5.1884,4.8068,5.137,-6.2858,51897.23,35055.242,-0.32289999999999974,江苏,港口,20070426,
601008.SH,连云港,20110927,5.4232,5.137,5.4746,5.1297,5.4159,-5.1497,58830.99,41848.016,-0.27890000000000015,江苏,港口,20070426,
601008.SH,连云港,20110926,5.4892,5.4159,5.5993,5.4159,5.4892,-1.3353,31877.11,23812.158,-0.07330000000000059,江苏,港口,20070426,
601008.SH,连云港,20110923,5.6507,5.4892,5.6654,5.4819,5.6507,-2.8581,32015.23,24216.822,-0.1614999999999993,江苏,港口,20070426,
601008.SH,连云港,20110922,5.7241,5.6507,5.8121,5.6067,5.7828,-2.2844,57176.9,44515.409,-0.13210000000000033,江苏,港口,20070426,
601008.SH,连云港,20110921,5.636,5.7828,5.8342,5.592,5.6213,2.873,61246.73,47617.618,0.1615000000000002,江苏,港口,20070426,
601008.SH,连云港,20110920,5.658,5.6213,5.7241,5.5186,5.658,-0.6486,41773.44,32034.749,-0.03670000000000062,江苏,港口,20070426,
601008.SH,连云港,20110919,5.9222,5.658,5.9516,5.636,5.9442,-4.8148,24793.5,19608.886,-0.2862,江苏,港口,20070426,
601008.SH,连云港,20110916,5.9589,5.9442,6.091,5.9222,5.9516,-0.1243,35723.0,29162.172,-0.007399999999999629,江苏,港口,20070426,
601008.SH,连云港,20110915,5.9442,5.9516,5.9663,5.8855,5.9369,0.2476,44185.74,35713.108,0.01470000000000038,江苏,港口,20070426,
601008.SH,连云港,20110914,5.9296,5.9369,5.9516,5.8562,5.9516,-0.247,25671.84,20652.309,-0.01470000000000038,江苏,港口,20070426,
601008.SH,连云港,20110913,5.9663,5.9516,5.9809,5.8415,5.9516,0.0,70864.7,57343.719,0.0,江苏,港口,20070426,
601008.SH,连云港,20110909,5.9222,5.9516,6.0176,5.9222,5.9442,0.1245,202053.29,163548.365,0.007399999999999629,江苏,港口,20070426,
601008.SH,连云港,20110908,5.9736,5.9442,6.0103,5.9002,5.9883,-0.7364,85805.43,69407.179,-0.04409999999999936,江苏,港口,20070426,
601008.SH,连云港,20110907,5.9589,5.9883,6.0029,5.9149,5.9589,0.4934,30807.0,24984.426,0.02939999999999987,江苏,港口,20070426,
601008.SH,连云港,20110906,5.8562,5.9589,5.9956,5.8121,5.9222,0.6197,23037.34,18517.924,0.03669999999999973,江苏,港口,20070426,
601008.SH,连云港,20110905,5.9075,5.9222,6.025,5.7608,5.9956,-1.2242,66624.39,53533.264,-0.07339999999999947,江苏,港口,20070426,
601008.SH,连云港,20110902,6.1571,5.9956,6.1644,5.9075,6.2158,-3.5426,65011.73,53219.821,-0.22020000000000017,江苏,港口,20070426,
601008.SH,连云港,20110901,6.2378,6.2158,6.3405,6.1277,6.2525,-0.587,67272.1,56921.383,-0.03670000000000062,江苏,港口,20070426,
601008.SH,连云港,20110831,6.3699,6.2525,6.3699,6.2011,6.3332,-1.2742,74789.5,63981.086,-0.08069999999999933,江苏,港口,20070426,
601008.SH,连云港,20110830,6.2818,6.3332,6.4212,6.2378,6.2598,1.1726,225070.49,193950.092,0.07339999999999947,江苏,港口,20070426,
601008.SH,连云港,20110829,6.2671,6.2598,6.3846,6.2158,6.2671,-0.1165,45125.71,38576.588,-0.007299999999999862,江苏,港口,20070426,
601008.SH,连云港,20110826,6.2745,6.2671,6.3258,6.2158,6.3185,-0.8135,91775.69,78538.254,-0.05140000000000011,江苏,港口,20070426,
601008.SH,连云港,20110825,6.2231,6.3185,6.3552,6.2084,6.2378,1.2937,152189.95,130739.847,0.08070000000000022,江苏,港口,20070426,
601008.SH,连云港,20110824,6.1864,6.2378,6.2745,6.1424,6.135,1.6756,102248.77,86620.593,0.10280000000000022,江苏,港口,20070426,
601008.SH,连云港,20110823,6.0543,6.135,6.2084,6.0543,6.0543,1.3329,68412.77,57171.321,0.08070000000000022,江苏,港口,20070426,
601008.SH,连云港,20110822,6.091,6.0543,6.1571,6.0176,6.091,-0.6025,24055.56,19915.206,-0.03670000000000062,江苏,港口,20070426,
601008.SH,连云港,20110819,6.0103,6.091,6.1644,5.9589,6.135,-0.7172,41201.98,34133.535,-0.043999999999999595,江苏,港口,20070426,
601008.SH,连云港,20110818,6.1644,6.135,6.2084,6.0837,6.1937,-0.9477,37749.6,31499.719,-0.058699999999999974,江苏,港口,20070426,
601008.SH,连云港,20110817,6.2084,6.1937,6.3479,6.1571,6.2598,-1.0559,118448.95,100478.496,-0.06610000000000049,江苏,港口,20070426,
601008.SH,连云港,20110816,6.2231,6.2598,6.2818,6.0763,6.2378,0.3527,83231.14,69799.177,0.02200000000000024,江苏,港口,20070426,
601008.SH,连云港,20110815,6.2891,6.2378,6.3405,6.2158,6.3112,-1.163,108253.31,92123.825,-0.07340000000000035,江苏,港口,20070426,
601008.SH,连云港,20110812,6.1937,6.3112,6.3552,6.1864,6.2158,1.5348,89944.19,76578.286,0.0954000000000006,江苏,港口,20070426,
601008.SH,连云港,20110811,6.025,6.2158,6.2304,5.9296,6.135,1.317,110626.96,91610.886,0.08079999999999998,江苏,港口,20070426,
601008.SH,连云港,20110810,6.2745,6.135,6.3992,6.0763,6.3699,-3.6877,187617.02,158853.43,-0.23490000000000055,江苏,港口,20070426,
601008.SH,连云港,20110809,6.6634,6.3699,7.4413,6.3625,6.7662,-5.8571,218662.19,193758.546,-0.3963000000000001,江苏,港口,20070426,
601008.SH,连云港,20110808,6.7441,6.7662,6.8616,6.3699,6.7882,-0.3241,166525.0,152806.864,-0.021999999999999353,江苏,港口,20070426,
601008.SH,连云港,20110805,6.7221,6.7882,6.8175,6.6561,6.8689,-1.1749,58167.1,53497.951,-0.08070000000000022,江苏,港口,20070426,
601008.SH,连云港,20110804,6.8616,6.8689,6.8909,6.7882,6.8175,0.7539,24201.79,22547.206,0.05140000000000011,江苏,港口,20070426,
601008.SH,连云港,20110803,6.7882,6.8175,6.8689,6.6928,6.7882,0.4316,32433.1,30133.13,0.029300000000000104,江苏,港口,20070426,
601008.SH,连云港,20110802,6.7001,6.7882,6.8395,6.6414,6.7295,0.8723,33730.66,30916.529,0.058699999999999974,江苏,港口,20070426,
601008.SH,连云港,20110801,6.8689,6.7295,7.001,6.7001,6.8616,-1.9252,68446.65,63425.104,-0.13210000000000033,江苏,港口,20070426,
601008.SH,连云港,20110729,7.023,6.8616,7.067,6.7588,6.9863,-1.7849,42815.38,39935.521,-0.12469999999999981,江苏,港口,20070426,
601008.SH,连云港,20110728,6.9716,6.9863,7.2652,6.8249,7.0524,-0.9373,108184.66,104292.846,-0.0660999999999996,江苏,港口,20070426,
601008.SH,连云港,20110727,6.8982,7.0524,7.1771,6.8395,6.9349,1.6943,45128.94,43348.692,0.11749999999999972,江苏,港口,20070426,
601008.SH,连云港,20110726,6.6487,6.9349,6.9716,6.6487,6.6487,4.3046,75832.79,70586.846,0.2862,江苏,港口,20070426,
601008.SH,连云港,20110725,7.1624,6.6487,7.1771,6.6414,7.2138,-7.8336,82040.48,77136.019,-0.5651000000000002,江苏,港口,20070426,
601008.SH,连云港,20110722,7.3532,7.2138,7.5954,7.1551,7.4266,-2.8654,80888.32,80234.67,-0.21279999999999966,江苏,港口,20070426,
601008.SH,连云港,20110721,7.7055,7.4266,7.7055,7.4119,7.6541,-2.9723,68356.99,70493.882,-0.22750000000000004,江苏,港口,20070426,
601008.SH,连云港,20110720,7.7422,7.6541,7.889,7.1991,7.6688,-0.1917,191376.12,195207.655,-0.01470000000000038,江苏,港口,20070426,
601008.SH,连云港,20110719,7.7789,7.6688,7.7789,7.5367,7.7715,-1.3215,287580.1,299397.838,-0.10269999999999957,江苏,港口,20070426,
601008.SH,连云港,20110718,7.5587,7.7715,7.8523,7.4927,7.5807,2.5169,244125.34,254297.289,0.19079999999999941,江苏,港口,20070426,
601008.SH,连云港,20110715,7.3386,7.5807,7.5954,7.3386,7.3386,3.299,204782.1,208643.627,0.24210000000000065,江苏,港口,20070426,
601008.SH,连云港,20110714,7.3899,7.3386,7.4707,7.3019,7.3606,-0.2989,74616.86,74760.873,-0.02200000000000024,江苏,港口,20070426,
601008.SH,连云港,20110713,7.0964,7.3606,7.4046,7.0964,7.1771,2.5567,76958.88,76130.235,0.18349999999999955,江苏,港口,20070426,
601008.SH,连云港,20110712,7.1111,7.1771,7.8376,6.979,7.1257,0.7213,177288.06,176079.972,0.05140000000000011,江苏,港口,20070426,
601008.SH,连云港,20110711,7.1404,7.1257,7.2065,7.0597,7.2138,-1.2213,72105.85,70153.45,-0.08809999999999985,江苏,港口,20070426,
601008.SH,连云港,20110708,7.6248,7.2138,7.6541,7.0891,7.6468,-5.6625,168922.08,168266.024,-0.43299999999999983,江苏,港口,20070426,
601008.SH,连云港,20110707,7.4853,7.6468,7.6835,7.434,7.4707,2.3572,147598.61,152402.217,0.17609999999999992,江苏,港口,20070426,
601008.SH,连云港,20110706,7.5661,7.4707,7.5661,7.3386,7.4633,0.0992,72432.35,73251.16,0.007399999999999629,江苏,港口,20070426,
601008.SH,连云港,20110705,7.5074,7.4633,7.7422,7.3092,7.4853,-0.2939,182012.2,186742.384,-0.021999999999999353,江苏,港口,20070426,
601008.SH,连云港,20110704,7.5954,7.4853,7.6688,7.4486,7.6321,-1.9235,190327.37,195636.957,-0.1468000000000007,江苏,港口,20070426,
601008.SH,连云港,20110701,7.5587,7.6321,7.7055,7.3386,7.3386,3.9994,196762.99,201744.452,0.29350000000000076,江苏,港口,20070426,
601008.SH,连云港,20110630,7.1918,7.3386,7.4266,7.1918,7.2358,1.4207,87525.33,87206.096,0.10279999999999934,江苏,港口,20070426,
601008.SH,连云港,20110629,7.2505,7.2358,7.3092,7.1551,7.2432,-0.1022,75274.79,74153.685,-0.007399999999999629,江苏,港口,20070426,
601008.SH,连云港,20110628,7.3092,7.2432,7.4193,7.1551,7.2432,0.0,96882.48,95811.509,0.0,江苏,港口,20070426,
601008.SH,连云港,20110627,6.957,7.2432,7.2652,6.8909,6.9643,4.0047,180456.45,175768.957,0.27890000000000015,江苏,港口,20070426,
601008.SH,连云港,20110624,6.6781,6.9643,6.9937,6.6414,6.7368,3.377,176328.61,164801.14,0.22750000000000004,江苏,港口,20070426,
601008.SH,连云港,20110623,6.7588,6.7368,6.8175,6.6781,6.7221,0.2187,58491.45,53763.146,0.014699999999999491,江苏,港口,20070426,
601008.SH,连云港,20110622,6.7295,6.7221,6.8395,6.6634,6.7295,-0.11,81624.37,75079.534,-0.007399999999999629,江苏,港口,20070426,
601008.SH,连云港,20110621,6.5754,6.7295,6.7441,6.5166,6.5754,2.3436,115124.83,104075.318,0.15409999999999968,江苏,港口,20070426,
601008.SH,连云港,20110620,6.3552,6.5754,6.6047,6.2451,6.4579,1.8195,93589.65,81960.433,0.11749999999999972,江苏,港口,20070426,
601008.SH,连云港,20110617,6.6634,6.4579,7.045,6.3846,6.6854,-3.4029,189412.11,173611.609,-0.22749999999999915,江苏,港口,20070426,
601008.SH,连云港,20110616,6.5313,6.6854,6.8249,6.4579,6.6781,0.1093,177747.13,161312.54,0.007299999999999862,江苏,港口,20070426,
601008.SH,连云港,20110615,6.3846,6.6781,7.0377,6.3405,6.3992,4.3584,253449.9,234004.992,0.27889999999999926,江苏,港口,20070426,
601008.SH,连云港,20110614,6.2304,6.3992,6.4212,6.2304,6.3038,1.5134,55651.53,48174.861,0.0954000000000006,江苏,港口,20070426,
601008.SH,连云港,20110613,6.1644,6.3038,6.3625,6.1057,6.3258,-0.3478,57832.49,49363.899,-0.02200000000000024,江苏,港口,20070426,
601008.SH,连云港,20110610,6.3772,6.3258,6.5313,6.2451,6.2084,1.891,95775.36,83063.706,0.11739999999999995,江苏,港口,20070426,
601008.SH,连云港,20110609,6.3038,6.2084,6.5754,6.091,6.2891,-1.2832,81240.79,69748.564,-0.08070000000000022,江苏,港口,20070426,
601008.SH,连云港,20110608,6.1644,6.2891,6.3038,6.0323,6.1644,2.0229,71040.72,59883.808,0.1247000000000007,江苏,港口,20070426,
601008.SH,连云港,20110607,6.1791,6.1644,6.2158,6.091,6.1644,0.0,51526.76,43147.654,0.0,江苏,港口,20070426,
601008.SH,连云港,20110603,5.9883,6.1644,6.2231,5.9883,5.9956,2.8154,105995.09,88335.562,0.16880000000000006,江苏,港口,20070426,
601008.SH,连云港,20110602,5.9589,5.9956,6.0837,5.8709,6.0029,-0.1216,67780.07,55143.106,-0.00730000000000075,江苏,港口,20070426,
601008.SH,连云港,20110601,5.7975,6.0029,6.0543,5.7608,5.7975,3.5429,56318.92,45265.298,0.20540000000000003,江苏,港口,20070426,
601008.SH,连云港,20110531,5.6287,5.7975,5.8121,5.614,5.6287,2.9989,44341.17,34529.155,0.16880000000000006,江苏,港口,20070426,
601008.SH,连云港,20110530,5.5113,5.6287,5.8709,5.4892,5.8342,-3.5223,56803.79,43803.377,-0.2054999999999998,江苏,港口,20070426,
601008.SH,连云港,20110527,6.0029,5.8342,6.113,5.8268,5.9883,-2.5734,53240.32,43366.002,-0.15409999999999968,江苏,港口,20070426,
601008.SH,连云港,20110526,5.7975,5.9883,6.1644,5.7975,5.8342,2.6413,81899.32,66991.953,0.15409999999999968,江苏,港口,20070426,
601008.SH,连云港,20110525,5.9296,5.8342,5.9296,5.7241,5.8562,-0.3757,48955.96,38679.488,-0.02200000000000024,江苏,港口,20070426,
601008.SH,连云港,20110524,5.8342,5.8562,5.9442,5.7461,5.8562,0.0,34189.17,27174.307,0.0,江苏,港口,20070426,
601008.SH,连云港,20110523,5.9075,5.8562,5.9663,5.7241,5.9075,-0.8684,47022.55,37478.873,-0.05129999999999946,江苏,港口,20070426,
601008.SH,连云港,20110520,6.0396,5.9075,6.069,5.9002,6.025,-1.9502,34448.9,27990.375,-0.1175000000000006,江苏,港口,20070426,
601008.SH,连云港,20110519,6.1204,6.025,6.1571,5.9956,6.1204,-1.5587,34483.34,28496.794,-0.09539999999999971,江苏,港口,20070426,
601008.SH,连云港,20110518,6.0396,6.1204,6.1864,5.9442,6.0543,1.0918,52100.51,43153.58,0.06610000000000049,江苏,港口,20070426,
601008.SH,连云港,20110517,5.9075,6.0543,6.113,5.8415,5.9075,2.485,72783.53,59321.193,0.14679999999999982,江苏,港口,20070426,
601008.SH,连云港,20110516,5.7901,5.9075,5.9149,5.7681,5.7608,2.5465,37366.26,29787.071,0.14670000000000005,江苏,港口,20070426,
601008.SH,连云港,20110513,5.7241,5.7608,5.7975,5.6507,5.7461,0.2558,25729.66,20111.677,0.014699999999999491,江苏,港口,20070426,
601008.SH,连云港,20110512,5.658,5.7461,5.9369,5.5993,5.6947,0.9026,65069.75,51197.869,0.05140000000000011,江苏,港口,20070426,
601008.SH,连云港,20110511,5.7167,5.6947,5.7828,5.6434,5.7314,-0.6403,41037.97,32027.336,-0.03669999999999973,江苏,港口,20070426,
601008.SH,连云港,20110510,5.614,5.7314,5.7461,5.57,5.6213,1.9586,31062.31,23932.59,0.11010000000000009,江苏,港口,20070426,
601008.SH,连云港,20110509,5.614,5.6213,5.6874,5.5773,5.6213,0.0,21337.79,16372.916,0.0,江苏,港口,20070426,
601008.SH,连云港,20110506,5.4966,5.6213,5.636,5.4672,5.5186,1.861,28446.8,21600.342,0.10269999999999957,江苏,港口,20070426,
601008.SH,连云港,20110505,5.4672,5.5186,5.6507,5.4232,5.4819,0.6695,16329.22,12318.076,0.03669999999999973,江苏,港口,20070426,
601008.SH,连云港,20110504,5.614,5.4819,5.6213,5.4526,5.6287,-2.6081,25744.11,19441.001,-0.14679999999999982,江苏,港口,20070426,
601008.SH,连云港,20110503,5.5993,5.6287,5.6507,5.5333,5.5773,0.9216,23568.53,17982.124,0.05140000000000011,江苏,港口,20070426,
601008.SH,连云港,20110429,5.4599,5.5773,5.6067,5.4599,5.5039,1.3336,24103.89,18226.632,0.07340000000000035,江苏,港口,20070426,
601008.SH,连云港,20110428,5.5773,5.5039,5.5993,5.4159,5.5993,-1.7038,37345.4,27998.556,-0.0954000000000006,江苏,港口,20070426,
601008.SH,连云港,20110427,5.7167,5.5993,5.7608,5.3938,5.6874,-1.549,60073.65,45485.679,-0.08809999999999985,江苏,港口,20070426,
601008.SH,连云港,20110426,5.8195,5.6874,5.9222,5.6434,5.8342,-2.5162,45308.62,35585.768,-0.14679999999999982,江苏,港口,20070426,
601008.SH,连云港,20110425,6.1644,5.8342,6.1644,5.8342,6.1864,-5.6931,53604.08,43491.957,-0.35219999999999985,江苏,港口,20070426,
601008.SH,连云港,20110422,6.091,6.1864,6.2011,6.0323,6.0837,1.6881,59559.74,49774.395,0.10269999999999957,江苏,港口,20070426,
601008.SH,连云港,20110421,6.2745,6.0837,6.3479,6.0103,6.2378,-2.4704,82879.43,69613.984,-0.15409999999999968,江苏,港口,20070426,
601008.SH,连云港,20110420,6.2231,6.2378,6.2745,6.1717,6.2304,0.1188,42561.3,36044.028,0.007399999999999629,江苏,港口,20070426,
601008.SH,连云港,20110419,6.2891,6.2304,6.3112,6.113,6.3038,-1.1644,64643.63,54749.288,-0.07339999999999947,江苏,港口,20070426,
601008.SH,连云港,20110418,6.3332,6.3038,6.3552,6.2011,6.3919,-1.3783,58433.7,49872.907,-0.08809999999999985,江苏,港口,20070426,
601008.SH,连云港,20110415,6.5313,6.3919,6.6341,6.2818,6.4946,-1.5813,100421.99,87120.553,-0.10270000000000046,江苏,港口,20070426,
601008.SH,连云港,20110414,6.6781,6.4946,6.7368,6.4873,6.5313,-0.5619,69167.94,61795.218,-0.03669999999999973,江苏,港口,20070426,
601008.SH,连云港,20110412,6.6341,6.5313,6.7221,6.4726,6.6781,-2.1982,80155.03,71968.292,-0.14679999999999982,江苏,港口,20070426,
601008.SH,连云港,20110411,6.3112,6.6781,6.8395,6.2231,6.3479,5.2017,200033.4,177172.507,0.3301999999999996,江苏,港口,20070426,
601008.SH,连云港,20110408,6.3552,6.3479,6.4433,6.2084,6.3846,-0.5748,74939.93,64520.459,-0.03669999999999973,江苏,港口,20070426,
601008.SH,连云港,20110407,6.3112,6.3846,6.5313,6.2231,6.2891,1.5185,158423.93,136969.841,0.09549999999999947,江苏,港口,20070426,
601008.SH,连云港,20110406,6.113,6.2891,6.3112,6.0543,6.1571,2.1439,135610.68,114186.234,0.13200000000000056,江苏,港口,20070426,
601008.SH,连云港,20110401,5.8929,6.1571,6.2304,5.8048,5.8929,4.4834,102870.54,84611.075,0.26419999999999977,江苏,港口,20070426,
601008.SH,连云港,20110331,5.8709,5.8929,5.9516,5.7167,5.8709,0.3747,73912.76,58647.105,0.02200000000000024,江苏,港口,20070426,
601008.SH,连云港,20110330,6.1424,5.8709,6.2378,5.8488,6.1571,-4.6483,91805.9,75349.875,-0.2862,江苏,港口,20070426,
601008.SH,连云港,20110329,6.1644,6.1571,6.5313,5.9883,6.1204,0.5996,179455.24,151746.99,0.03669999999999973,江苏,港口,20070426,
601008.SH,连云港,20110328,6.0103,6.1204,6.2451,5.8415,5.9883,2.206,247957.5,203257.254,0.13210000000000033,江苏,港口,20070426,
601008.SH,连云港,20110325,5.6874,5.9883,6.2965,5.658,5.7241,4.6156,218511.67,177277.063,0.26419999999999977,江苏,港口,20070426,
601008.SH,连云港,20110324,5.6947,5.7241,5.7975,5.4452,5.6507,1.299,114778.27,87258.787,0.07340000000000035,江苏,港口,20070426,
601008.SH,连云港,20110323,5.57,5.6507,5.6727,5.5113,5.6287,0.3909,52622.38,40277.107,0.021999999999999353,江苏,港口,20070426,
601008.SH,连云港,20110322,5.6067,5.6287,5.6507,5.4892,5.6434,-0.2605,48714.47,36990.104,-0.014699999999999491,江苏,港口,20070426,
601008.SH,连云港,20110321,5.6507,5.6434,5.658,5.5773,5.6213,0.3931,47767.06,36634.803,0.02210000000000001,江苏,港口,20070426,
601008.SH,连云港,20110318,5.6727,5.6213,5.7388,5.5113,5.57,0.921,60030.62,45977.114,0.05129999999999946,江苏,港口,20070426,
601008.SH,连云港,20110317,5.6507,5.57,5.7021,5.4452,5.7681,-3.4344,126273.12,95998.116,-0.19809999999999928,江苏,港口,20070426,
601008.SH,连云港,20110316,5.8415,5.7681,6.0323,5.6874,5.8709,-1.751,177569.74,140424.953,-0.10280000000000022,江苏,港口,20070426,
601008.SH,连云港,20110315,5.614,5.8709,5.9809,5.4672,5.6874,3.2264,272278.0,214054.353,0.18349999999999955,江苏,港口,20070426,
601008.SH,连云港,20110314,5.7241,5.6874,5.8709,5.4892,5.6067,1.4393,189000.56,145219.567,0.08070000000000022,江苏,港口,20070426,
601008.SH,连云港,20110311,5.2251,5.6067,5.7461,5.2177,5.2251,7.3032,236441.35,178186.377,0.3815999999999997,江苏,港口,20070426,
601008.SH,连云港,20110310,5.181,5.2251,5.3498,5.115,5.1884,0.7073,84270.98,60147.637,0.03670000000000062,江苏,港口,20070426,
601008.SH,连云港,20110309,5.3938,5.1884,5.4159,5.181,5.2544,-1.2561,204524.39,147651.512,-0.06600000000000072,江苏,港口,20070426,
601008.SH,连云港,20110308,5.0563,5.2544,5.2764,4.9902,5.0563,3.9179,141577.22,99559.144,0.19810000000000016,江苏,港口,20070426,
601008.SH,连云港,20110307,4.8801,5.0563,5.1076,4.8801,4.9095,2.9901,106870.62,73119.64,0.14679999999999982,江苏,港口,20070426,
601008.SH,连云港,20110304,4.7187,4.9095,4.9168,4.6526,4.7334,3.7204,70144.68,46342.632,0.1761000000000008,江苏,港口,20070426,
601008.SH,连云港,20110303,4.8141,4.7334,4.8435,4.7114,4.7921,-1.2249,30398.82,19829.901,-0.058699999999999974,江苏,港口,20070426,
601008.SH,连云港,20110302,4.7847,4.7921,4.9168,4.7554,4.8435,-1.0612,39398.65,25826.089,-0.05140000000000011,江苏,港口,20070426,
601008.SH,连云港,20110301,4.7847,4.8435,4.8875,4.7334,4.8068,0.7635,61160.45,40256.702,0.03669999999999973,江苏,港口,20070426,
601008.SH,连云港,20110228,4.6967,4.8068,4.8435,4.6526,4.6893,2.5057,63427.11,41228.394,0.11749999999999972,江苏,港口,20070426,
601008.SH,连云港,20110225,4.6526,4.6893,4.7187,4.6013,4.66,0.6288,39806.0,25320.167,0.029300000000000104,江苏,港口,20070426,
601008.SH,连云港,20110224,4.6086,4.66,4.66,4.6013,4.6233,0.7938,30279.19,19117.448,0.03669999999999973,江苏,港口,20070426,
601008.SH,连云港,20110223,4.5719,4.6233,4.6526,4.5499,4.5646,1.286,29015.73,18188.982,0.058699999999999974,江苏,港口,20070426,
601008.SH,连云港,20110222,4.66,4.5646,4.682,4.5572,4.66,-2.0472,30348.2,19111.799,-0.09539999999999971,江苏,港口,20070426,
601008.SH,连云港,20110221,4.5939,4.66,4.66,4.5646,4.616,0.9532,29607.14,18679.096,0.04400000000000048,江苏,港口,20070426,
601008.SH,连云港,20110218,4.6306,4.616,4.682,4.5499,4.638,-0.4743,36181.74,22736.048,-0.02200000000000024,江苏,港口,20070426,
601008.SH,连云港,20110217,4.6673,4.638,4.6673,4.5866,4.66,-0.4721,35593.85,22415.369,-0.02200000000000024,江苏,港口,20070426,
601008.SH,连云港,20110216,4.5572,4.66,4.682,4.5499,4.5719,1.927,45155.31,28387.763,0.08809999999999985,江苏,港口,20070426,
601008.SH,连云港,20110215,4.6086,4.5719,4.6306,4.5572,4.5939,-0.4789,31965.63,20021.203,-0.021999999999999353,江苏,港口,20070426,
601008.SH,连云港,20110214,4.4985,4.5939,4.616,4.4985,4.5206,1.6215,33655.38,21006.525,0.0732999999999997,江苏,港口,20070426,
601008.SH,连云港,20110211,4.5059,4.5206,4.5279,4.4765,4.4985,0.4913,27980.52,17176.464,0.02210000000000001,江苏,港口,20070426,
601008.SH,连云港,20110210,4.4545,4.4985,4.5279,4.4252,4.4472,1.1535,26211.98,15983.492,0.051300000000000345,江苏,港口,20070426,
601008.SH,连云港,20110209,4.4398,4.4472,4.4765,4.4105,4.4692,-0.4923,18509.59,11207.993,-0.02200000000000024,江苏,港口,20070426,
601008.SH,连云港,20110201,4.4545,4.4692,4.4692,4.4105,4.4545,0.33,17101.61,10336.535,0.014699999999999491,江苏,港口,20070426,
601008.SH,连云港,20110131,4.3958,4.4545,4.4618,4.3811,4.4031,1.1674,20327.86,12258.694,0.05140000000000011,江苏,港口,20070426,
601008.SH,连云港,20110128,4.3958,4.4031,4.4252,4.3298,4.4031,0.0,16286.96,9730.891,0.0,江苏,港口,20070426,
601008.SH,连云港,20110127,4.3298,4.4031,4.4105,4.2931,4.3224,1.867,24179.18,14380.338,0.08070000000000022,江苏,港口,20070426,
601008.SH,连云港,20110126,4.2344,4.3224,4.3371,4.2344,4.271,1.2035,10815.21,6336.794,0.05140000000000011,江苏,港口,20070426,
601008.SH,连云港,20110125,4.3591,4.271,4.3591,4.227,4.3371,-1.5241,13692.19,7971.715,-0.06610000000000049,江苏,港口,20070426,
601008.SH,连云港,20110124,4.3224,4.3371,4.3811,4.2784,4.3004,0.8534,15352.57,9095.188,0.03670000000000062,江苏,港口,20070426,
601008.SH,连云港,20110121,4.2417,4.3004,4.3664,4.2417,4.2637,0.8608,16704.34,9795.728,0.03669999999999973,江苏,港口,20070426,
601008.SH,连云港,20110120,4.3664,4.2637,4.4105,4.2197,4.3958,-3.0051,24830.7,14577.291,-0.13210000000000033,江苏,港口,20070426,
601008.SH,连云港,20110119,4.3224,4.3958,4.4105,4.2931,4.3224,1.6981,20065.06,11943.508,0.07340000000000035,江苏,港口,20070426,
601008.SH,连云港,20110118,4.3004,4.3224,4.3664,4.2784,4.3077,0.3412,14570.15,8575.757,0.01470000000000038,江苏,港口,20070426,
601008.SH,连云港,20110117,4.4765,4.3077,4.5279,4.3004,4.5206,-4.7096,44814.15,26800.614,-0.2129000000000003,江苏,港口,20070426,
601008.SH,连云港,20110114,4.704,4.5206,4.704,4.5059,4.7334,-4.4957,62203.75,38836.004,-0.21279999999999966,江苏,港口,20070426,
601008.SH,连云港,20110113,4.7994,4.7334,4.8581,4.7187,4.7701,-0.7694,65687.66,42920.684,-0.03670000000000062,江苏,港口,20070426,
601008.SH,连云港,20110112,4.8655,4.7701,4.8655,4.7187,4.8435,-1.5154,69804.12,45556.216,-0.07339999999999947,江苏,港口,20070426,
601008.SH,连云港,20110111,4.726,4.8435,4.8801,4.6526,4.726,2.4862,119769.66,78495.17,0.11749999999999972,江苏,港口,20070426,
601008.SH,连云港,20110110,4.7921,4.726,4.7994,4.6306,4.7847,-1.2268,54023.68,34779.308,-0.058699999999999974,江苏,港口,20070426,
601008.SH,连云港,20110107,4.726,4.7847,4.8435,4.66,4.7407,0.9281,80186.86,52114.71,0.043999999999999595,江苏,港口,20070426,
601008.SH,连云港,20110106,4.6086,4.7407,4.8141,4.5646,4.5866,3.3598,125893.75,81109.155,0.15410000000000057,江苏,港口,20070426,
601008.SH,连云港,20110105,4.5499,4.5866,4.6233,4.5352,4.5866,0.0,25436.13,15905.195,0.0,江苏,港口,20070426,
601008.SH,连云港,20110104,4.616,4.5866,4.6233,4.5279,4.5719,0.3215,42223.46,26297.962,0.014699999999999491,江苏,港口,20070426,
601008.SH,连云港,20101231,4.5426,4.5719,4.5939,4.5132,4.5352,0.8092,24801.3,15399.633,0.03670000000000062,江苏,港口,20070426,
601008.SH,连云港,20101230,4.6673,4.5352,4.682,4.5279,4.638,-2.2165,40647.89,25428.465,-0.10280000000000022,江苏,港口,20070426,
601008.SH,连云港,20101229,4.5279,4.638,4.6967,4.4178,4.4912,3.2686,54236.1,33683.439,0.14679999999999982,江苏,港口,20070426,
601008.SH,连云港,20101228,4.7334,4.4912,4.7701,4.4765,4.7701,-5.8468,47868.2,29872.865,-0.27890000000000015,江苏,港口,20070426,
601008.SH,连云港,20101227,4.7994,4.7701,4.8948,4.638,4.8068,-0.7635,53735.37,35338.648,-0.03669999999999973,江苏,港口,20070426,
601008.SH,连云港,20101224,4.7774,4.8068,4.8728,4.7114,4.8288,-0.4556,58318.8,38163.397,-0.02200000000000024,江苏,港口,20070426,
601008.SH,连云港,20101223,4.7701,4.8288,4.9022,4.6673,4.7701,1.2306,48176.78,31537.953,0.058699999999999974,江苏,港口,20070426,
601008.SH,连云港,20101222,4.7921,4.7701,4.8435,4.7187,4.7481,0.4633,23158.67,15093.13,0.02200000000000024,江苏,港口,20070426,
601008.SH,连云港,20101220,4.8801,4.7481,4.9168,4.5572,4.9095,-3.2875,37788.14,24553.335,-0.16140000000000043,江苏,港口,20070426,
601008.SH,连云港,20101217,4.8801,4.9095,4.9902,4.8581,4.9095,0.0,53636.18,35901.952,0.0,江苏,港口,20070426,
601008.SH,连云港,20101216,4.8655,4.9095,4.9168,4.7921,4.8655,0.9043,59832.34,39718.708,0.04400000000000048,江苏,港口,20070426,
601008.SH,连云港,20101215,4.9315,4.8655,4.9609,4.8068,4.9022,-0.7486,48836.67,32319.108,-0.03669999999999973,江苏,港口,20070426,
601008.SH,连云港,20101214,4.9829,4.9022,5.0489,4.8655,4.9315,-0.5941,100554.36,67789.179,-0.029300000000000104,江苏,港口,20070426,
601008.SH,连云港,20101213,4.8728,4.9315,4.9609,4.8288,4.8801,1.0533,122945.32,82126.359,0.05140000000000011,江苏,港口,20070426,
601008.SH,连云港,20101210,4.8068,4.8801,4.9242,4.7701,4.8068,1.5249,137121.8,90766.966,0.0732999999999997,江苏,港口,20070426,
601008.SH,连云港,20101209,4.7554,4.8068,4.8141,4.7114,4.7921,0.3068,67340.43,43839.462,0.01470000000000038,江苏,港口,20070426,
601008.SH,连云港,20101208,4.704,4.7921,4.8068,4.6306,4.704,1.8729,49478.35,31997.625,0.08809999999999985,江苏,港口,20070426,
601008.SH,连云港,20101207,4.682,4.704,4.7921,4.6086,4.7187,-0.3115,30410.72,19462.556,-0.01470000000000038,江苏,港口,20070426,
601008.SH,连云港,20101206,4.6526,4.7187,4.7701,4.5646,4.638,1.74,53398.47,34084.74,0.08070000000000022,江苏,港口,20070426,
601008.SH,连云港,20101203,4.5352,4.638,4.6526,4.5059,4.5132,2.7652,25807.81,16082.577,0.12479999999999958,江苏,港口,20070426,
601008.SH,连云港,20101202,4.5059,4.5132,4.5499,4.4839,4.4692,0.9845,18301.49,11282.767,0.04400000000000048,江苏,港口,20070426,
601008.SH,连云港,20101201,4.4692,4.4692,4.4912,4.4398,4.4618,0.1659,14474.54,8810.904,0.007399999999999629,江苏,港口,20070426,
601008.SH,连云港,20101130,4.6013,4.4618,4.6306,4.4031,4.616,-3.3406,25470.99,15581.97,-0.15419999999999945,江苏,港口,20070426,
601008.SH,连云港,20101129,4.638,4.616,4.66,4.5499,4.638,-0.4743,17451.34,10928.755,-0.02200000000000024,江苏,港口,20070426,
601008.SH,连云港,20101126,4.6673,4.638,4.6893,4.6233,4.682,-0.9398,17512.04,11094.393,-0.04400000000000048,江苏,港口,20070426,
601008.SH,连云港,20101125,4.616,4.682,4.6967,4.6013,4.6086,1.5927,22487.18,14274.238,0.07340000000000035,江苏,港口,20070426,
601008.SH,连云港,20101124,4.5426,4.6086,4.616,4.5206,4.5499,1.2901,21074.84,13136.773,0.058699999999999974,江苏,港口,20070426,
601008.SH,连云港,20101123,4.7334,4.5499,4.7334,4.4985,4.7334,-3.8767,28162.41,17614.439,-0.18349999999999955,江苏,港口,20070426,
601008.SH,连云港,20101122,4.7334,4.7334,4.7627,4.6893,4.7334,0.0,21218.41,13665.699,0.0,江苏,港口,20070426,
601008.SH,连云港,20101119,4.7334,4.7334,4.7481,4.5866,4.7334,0.0,22566.97,14399.615,0.0,江苏,港口,20070426,
601008.SH,连云港,20101118,4.7481,4.7334,4.7701,4.6893,4.7407,-0.154,16226.61,10440.124,-0.00730000000000075,江苏,港口,20070426,
601008.SH,连云港,20101117,4.6893,4.7407,4.7627,4.6086,4.6967,0.9368,28587.65,18315.043,0.04400000000000048,江苏,港口,20070426,
601008.SH,连云港,20101116,4.8508,4.6967,4.8508,4.6526,4.8581,-3.3223,31381.42,20307.017,-0.16140000000000043,江苏,港口,20070426,
601008.SH,连云港,20101115,4.8068,4.8581,4.8655,4.7481,4.7554,2.1597,28626.68,18714.304,0.10270000000000046,江苏,港口,20070426,
601008.SH,连云港,20101112,5.0709,4.7554,5.0783,4.7407,5.0709,-6.2218,66064.99,44043.839,-0.3155000000000001,江苏,港口,20070426,
601008.SH,连云港,20101111,5.0856,5.0709,5.1737,5.0709,5.1223,-1.0035,44470.0,31051.653,-0.05140000000000011,江苏,港口,20070426,
601008.SH,连云港,20101110,5.1884,5.1223,5.1884,5.0636,5.1884,-1.274,54741.22,38193.759,-0.0660999999999996,江苏,港口,20070426,
601008.SH,连云港,20101109,5.181,5.1884,5.2104,5.137,5.1957,-0.1405,51570.62,36371.302,-0.00730000000000075,江苏,港口,20070426,
601008.SH,连云港,20101108,5.2251,5.1957,5.2471,5.137,5.2104,-0.2821,83623.69,59034.43,-0.014699999999999491,江苏,港口,20070426,
601008.SH,连云港,20101105,5.2764,5.2104,5.5113,5.181,5.3278,-2.2035,190775.11,136716.073,-0.11739999999999995,江苏,港口,20070426,
601008.SH,连云港,20101104,5.0343,5.3278,5.3498,4.9755,5.093,4.6102,142888.67,100357.409,0.2347999999999999,江苏,港口,20070426,
601008.SH,连云港,20101103,4.8728,5.093,5.137,4.8508,4.8875,4.2046,136315.03,92713.597,0.2054999999999998,江苏,港口,20070426,
601008.SH,连云港,20101102,4.8801,4.8875,4.9535,4.8361,4.8801,0.1516,62412.07,41507.137,0.007400000000000517,江苏,港口,20070426,
601008.SH,连云港,20101101,4.8288,4.8801,4.8948,4.7774,4.8141,1.371,63388.7,41896.614,0.06599999999999984,江苏,港口,20070426,
601008.SH,连云港,20101029,4.7701,4.8141,4.8435,4.7627,4.7701,0.9224,31812.43,20821.227,0.043999999999999595,江苏,港口,20070426,
601008.SH,连云港,20101028,4.7774,4.7701,4.8508,4.726,4.7701,0.0,31067.84,20231.639,0.0,江苏,港口,20070426,
601008.SH,连云港,20101027,4.8435,4.7701,4.8581,4.7627,4.8288,-1.2156,37051.85,24336.358,-0.058699999999999974,江苏,港口,20070426,
601008.SH,连云港,20101026,4.8435,4.8288,4.8655,4.7847,4.8361,-0.1509,41020.08,26984.5,-0.007299999999999862,江苏,港口,20070426,
601008.SH,连云港,20101025,4.7627,4.8361,4.8435,4.726,4.7847,1.0743,48985.14,31993.925,0.05140000000000011,江苏,港口,20070426,
601008.SH,连云港,20101022,4.7921,4.7847,4.8141,4.7554,4.7921,-0.1544,30873.0,20128.827,-0.007399999999999629,江苏,港口,20070426,
601008.SH,连云港,20101021,4.7701,4.7921,4.8068,4.726,4.7701,0.4612,27376.95,17814.383,0.021999999999999353,江苏,港口,20070426,
601008.SH,连云港,20101020,4.8068,4.7701,4.8214,4.7187,4.8875,-2.402,45818.87,29827.497,-0.11739999999999995,江苏,港口,20070426,
601008.SH,连云港,20101019,4.8728,4.8875,4.8948,4.7627,4.8728,0.3017,56007.24,36712.506,0.01470000000000038,江苏,港口,20070426,
601008.SH,连云港,20101018,4.8068,4.8728,4.9976,4.7554,4.7627,2.3117,114739.1,76198.563,0.11010000000000009,江苏,港口,20070426,
601008.SH,连云港,20101015,4.6893,4.7627,4.8068,4.6526,4.682,1.7236,68787.38,44434.824,0.08069999999999933,江苏,港口,20070426,
601008.SH,连云港,20101014,4.7627,4.682,4.8435,4.6526,4.726,-0.931,46795.69,30100.234,-0.043999999999999595,江苏,港口,20070426,
601008.SH,连云港,20101013,4.7334,4.726,4.7627,4.6747,4.7114,0.3099,34612.53,22199.685,0.014599999999999724,江苏,港口,20070426,
601008.SH,连云港,20101011,4.7554,4.7114,4.7554,4.6233,4.6233,1.9056,66618.11,42747.226,0.08809999999999985,江苏,港口,20070426,
601008.SH,连云港,20101008,4.5793,4.6233,4.6453,4.5499,4.5499,1.6132,28770.82,18080.116,0.07340000000000035,江苏,港口,20070426,
601008.SH,连云港,20100930,4.4839,4.5499,4.5499,4.4472,4.4839,1.4719,11757.15,7238.048,0.06599999999999984,江苏,港口,20070426,
601008.SH,连云港,20100929,4.5499,4.4839,4.5793,4.4765,4.5793,-2.0833,14413.19,8883.238,-0.09539999999999971,江苏,港口,20070426,
601008.SH,连云港,20100928,4.5719,4.5793,4.6013,4.5059,4.5572,0.4849,30136.05,18748.217,0.02210000000000001,江苏,港口,20070426,
601008.SH,连云港,20100927,4.5059,4.5572,4.5793,4.4912,4.4985,1.3049,17775.18,10987.106,0.058699999999999974,江苏,港口,20070426,
601008.SH,连云港,20100921,4.4912,4.4985,4.5132,4.4398,4.4912,0.1625,10138.3,6184.493,0.007299999999999862,江苏,港口,20070426,
601008.SH,连云港,20100920,4.4765,4.4912,4.5132,4.2564,4.4765,0.3284,19811.51,12073.772,0.01470000000000038,江苏,港口,20070426,
601008.SH,连云港,20100917,4.5132,4.4765,4.5352,4.4472,4.4839,-0.165,16143.93,9880.288,-0.007400000000000517,江苏,港口,20070426,
601008.SH,连云港,20100916,4.5793,4.4839,4.616,4.4398,4.6086,-2.7058,27111.48,16704.371,-0.12469999999999981,江苏,港口,20070426,
601008.SH,连云港,20100915,4.6967,4.6086,4.7114,4.5939,4.704,-2.0281,24753.2,15700.557,-0.09539999999999971,江苏,港口,20070426,
601008.SH,连云港,20100914,4.7334,4.704,4.7554,4.66,4.726,-0.4655,34428.67,22076.755,-0.02200000000000024,江苏,港口,20070426,
601008.SH,连云港,20100913,4.6747,4.726,4.726,4.616,4.6526,1.5776,32699.9,20840.403,0.07340000000000035,江苏,港口,20070426,
601008.SH,连云港,20100910,4.6306,4.6526,4.66,4.5426,4.6233,0.6337,25681.12,16134.081,0.029299999999999216,江苏,港口,20070426,
601008.SH,连云港,20100909,4.7334,4.6233,4.7774,4.616,4.7334,-2.326,43130.85,27626.38,-0.1100999999999992,江苏,港口,20070426,
601008.SH,连云港,20100908,4.7774,4.7334,4.7774,4.6967,4.7774,-0.921,36581.61,23543.265,-0.04400000000000048,江苏,港口,20070426,
601008.SH,连云港,20100907,4.7481,4.7774,4.8435,4.7114,4.7481,0.6171,36777.12,23835.699,0.029300000000000104,江苏,港口,20070426,
601008.SH,连云港,20100906,4.6967,4.7481,4.7627,4.6967,4.704,0.9375,45211.33,29199.226,0.04410000000000025,江苏,港口,20070426,
601008.SH,连云港,20100903,4.7407,4.704,4.7407,4.66,4.704,0.0,38185.76,24476.595,0.0,江苏,港口,20070426,
601008.SH,连云港,20100902,4.704,4.704,4.8214,4.6673,4.7407,-0.7741,56154.72,36102.648,-0.03670000000000062,江苏,港口,20070426,
601008.SH,连云港,20100901,4.7701,4.7407,4.8361,4.5939,4.7921,-1.0726,62460.28,40277.424,-0.051399999999999224,江苏,港口,20070426,
601008.SH,连云港,20100831,4.7774,4.7921,4.8068,4.704,4.8068,-0.3058,40664.01,26271.611,-0.01470000000000038,江苏,港口,20070426,
601008.SH,连云港,20100830,4.8508,4.8068,5.0269,4.7701,4.8214,-0.3028,130181.78,85612.922,-0.014599999999999724,江苏,港口,20070426,
601008.SH,连云港,20100827,4.7334,4.8214,4.8581,4.6893,4.7627,1.2325,76850.15,49985.901,0.058699999999999974,江苏,港口,20070426,
601008.SH,连云港,20100826,4.6526,4.7627,4.8068,4.6013,4.6526,2.3664,98355.62,63139.028,0.11010000000000009,江苏,港口,20070426,
601008.SH,连云港,20100825,4.6306,4.6526,4.6747,4.5646,4.6747,-0.4728,40269.72,25347.455,-0.02210000000000001,江苏,港口,20070426,
601008.SH,连云港,20100824,4.5426,4.6747,4.6893,4.5206,4.5352,3.0759,41783.79,26338.539,0.13949999999999996,江苏,港口,20070426,
601008.SH,连云港,20100823,4.5499,4.5352,4.5939,4.5132,4.5132,0.4875,21646.8,13429.878,0.021999999999999353,江苏,港口,20070426,
601008.SH,连云港,20100820,4.6233,4.5132,4.6233,4.4985,4.638,-2.6908,31888.82,19766.258,-0.12479999999999958,江苏,港口,20070426,
601008.SH,连云港,20100819,4.66,4.638,4.704,4.6233,4.6673,-0.6278,39404.0,25022.601,-0.029300000000000104,江苏,港口,20070426,
601008.SH,连云港,20100818,4.638,4.6673,4.682,4.5646,4.6306,0.7926,52225.47,32992.565,0.03669999999999973,江苏,港口,20070426,
601008.SH,连云港,20100817,4.6526,4.6306,4.6747,4.5939,4.6453,-0.3164,46567.3,29375.296,-0.014699999999999491,江苏,港口,20070426,
601008.SH,连云港,20100816,4.5352,4.6453,4.682,4.4839,4.5646,1.768,74107.97,46706.972,0.08069999999999933,江苏,港口,20070426,
601008.SH,连云港,20100813,4.5352,4.5646,4.5866,4.4618,4.4985,1.4694,58406.37,36013.161,0.06610000000000049,江苏,港口,20070426,
601008.SH,连云港,20100812,4.4252,4.4985,4.5132,4.3885,4.4692,0.6556,43708.04,26449.698,0.029300000000000104,江苏,港口,20070426,
601008.SH,连云港,20100811,4.3371,4.4692,4.4765,4.3298,4.3518,2.6977,20093.57,12032.476,0.11739999999999995,江苏,港口,20070426,
601008.SH,连云港,20100810,4.5206,4.3518,4.5426,4.3371,4.5206,-3.734,35495.21,21520.527,-0.16880000000000006,江苏,港口,20070426,
601008.SH,连云港,20100809,4.4839,4.5206,4.5499,4.4765,4.4912,0.6546,33229.88,20427.041,0.02939999999999987,江苏,港口,20070426,
601008.SH,连云港,20100806,4.4031,4.4912,4.4985,4.3738,4.4178,1.6615,38330.57,23233.292,0.07340000000000035,江苏,港口,20070426,
601008.SH,连云港,20100805,4.4031,4.4178,4.4618,4.3738,4.4031,0.3339,25742.51,15475.167,0.014699999999999491,江苏,港口,20070426,
601008.SH,连云港,20100804,4.4031,4.4031,4.4178,4.3004,4.4031,0.0,22458.19,13371.523,0.0,江苏,港口,20070426,
601008.SH,连云港,20100803,4.4692,4.4031,4.4985,4.4031,4.4692,-1.479,43276.93,26296.567,-0.0660999999999996,江苏,港口,20070426,
601008.SH,连云港,20100802,4.4031,4.4692,4.5059,4.3811,4.4031,1.5012,35214.41,21352.882,0.0660999999999996,江苏,港口,20070426,
601008.SH,连云港,20100730,4.3958,4.4031,4.4545,4.3518,4.3958,0.1661,30527.61,18325.46,0.007299999999999862,江苏,港口,20070426,
601008.SH,连云港,20100728,4.2857,4.3958,4.6086,4.2784,4.3077,2.0452,54455.52,32599.703,0.08810000000000073,江苏,港口,20070426,
601008.SH,连云港,20100727,4.271,4.3077,4.3444,4.2417,4.271,0.8593,39274.83,22968.459,0.03669999999999973,江苏,港口,20070426,
601008.SH,连云港,20100726,4.227,4.271,4.2857,4.1977,4.227,1.0409,28444.38,16478.631,0.043999999999999595,江苏,港口,20070426,
601008.SH,连云港,20100723,4.2564,4.227,4.271,4.1683,4.2637,-0.8608,25627.92,14714.286,-0.03669999999999973,江苏,港口,20070426,
601008.SH,连云港,20100722,4.2197,4.2637,4.2637,4.1683,4.227,0.8682,20594.25,11857.138,0.03669999999999973,江苏,港口,20070426,
601008.SH,连云港,20100721,4.183,4.227,4.2784,4.1463,4.1756,1.231,43704.97,25087.931,0.05140000000000011,江苏,港口,20070426,
601008.SH,连云港,20100720,4.0729,4.1756,4.2123,4.0582,4.0656,2.7056,35105.44,19824.004,0.11000000000000032,江苏,港口,20070426,
601008.SH,连云港,20100719,3.9555,4.0656,4.0729,3.9261,3.9775,2.215,13783.32,7556.729,0.08809999999999985,江苏,港口,20070426,
601008.SH,连云港,20100716,3.9922,3.9775,4.0069,3.8968,3.9848,-0.1832,14090.53,7589.67,-0.007299999999999862,江苏,港口,20070426,
601008.SH,连云港,20100715,4.1023,3.9848,4.1096,3.9775,4.0949,-2.6887,12170.77,6708.021,-0.11010000000000009,江苏,港口,20070426,
601008.SH,连云港,20100714,4.0435,4.0949,4.1169,4.0435,4.0435,1.2712,15779.59,8805.075,0.05140000000000011,江苏,港口,20070426,
601008.SH,连云港,20100713,4.1316,4.0435,4.1316,4.0142,4.1536,-2.6507,13804.88,7643.203,-0.11010000000000009,江苏,港口,20070426,
601008.SH,连云港,20100712,4.1316,4.1536,4.1683,4.0876,4.1316,0.5325,21978.51,12379.516,0.02200000000000024,江苏,港口,20070426,
601008.SH,连云港,20100709,4.0142,4.1316,4.1389,3.9628,4.0362,2.3636,23019.28,12813.616,0.09539999999999971,江苏,港口,20070426,
601008.SH,连云港,20100708,4.0142,4.0362,4.0876,3.9922,4.0069,0.7312,18739.73,10320.749,0.029300000000000104,江苏,港口,20070426,
601008.SH,连云港,20100707,3.9702,4.0069,4.0142,3.9555,3.9775,0.7392,10535.65,5725.263,0.02939999999999987,江苏,港口,20070426,
601008.SH,连云港,20100706,3.8968,3.9775,3.9922,3.8601,3.8894,2.2651,11209.56,6034.236,0.08809999999999985,江苏,港口,20070426,
601008.SH,连云港,20100705,3.9408,3.8894,3.9481,3.7867,3.9335,-1.1211,9659.19,5107.901,-0.044099999999999806,江苏,港口,20070426,
601008.SH,连云港,20100702,3.9702,3.9335,3.9848,3.75,3.9702,-0.9244,21504.69,11351.634,-0.03670000000000018,江苏,港口,20070426,
601008.SH,连云港,20100701,3.8381,3.9702,4.0582,3.8381,4.0069,-0.9159,13697.39,7423.967,-0.03669999999999973,江苏,港口,20070426,
601008.SH,连云港,20100630,4.1683,4.0069,4.1683,3.9922,4.1756,-4.0401,23352.39,12890.554,-0.1687000000000003,江苏,港口,20070426,
601008.SH,连云港,20100629,4.4031,4.1756,4.4325,4.1683,4.3958,-5.0093,30702.1,17854.46,-0.22020000000000017,江苏,港口,20070426,
601008.SH,连云港,20100628,4.4692,4.3958,4.5132,4.3811,4.5426,-3.2316,29324.94,17720.824,-0.14679999999999982,江苏,港口,20070426,
601008.SH,连云港,20100625,4.4985,4.5426,4.6673,4.4765,4.4618,1.8109,64122.95,39907.306,0.08079999999999998,江苏,港口,20070426,
601008.SH,连云港,20100624,4.4692,4.4618,4.4912,4.4178,4.4692,-0.1656,10274.18,6236.422,-0.007399999999999629,江苏,港口,20070426,
601008.SH,连云港,20100623,4.4618,4.4692,4.5132,4.4031,4.4765,-0.1631,16653.06,10149.986,-0.007299999999999862,江苏,港口,20070426,
601008.SH,连云港,20100622,4.4252,4.4765,4.4765,4.4031,4.4252,1.1593,18135.83,10982.243,0.05129999999999946,江苏,港口,20070426,
601008.SH,连云港,20100621,4.2857,4.4252,4.4618,4.2857,4.2857,3.255,22011.36,13158.063,0.13949999999999996,江苏,港口,20070426,
601008.SH,连云港,20100618,4.5132,4.2857,4.5279,4.2564,4.5059,-4.8869,20918.68,12584.996,-0.22019999999999929,江苏,港口,20070426,
601008.SH,连云港,20100617,4.5352,4.5059,4.5499,4.4912,4.5132,-0.1617,10755.44,6625.322,-0.00730000000000075,江苏,港口,20070426,
601008.SH,连云港,20100611,4.5352,4.5132,4.5646,4.4912,4.5059,0.162,15267.6,9400.522,0.00730000000000075,江苏,港口,20070426,
601008.SH,连云港,20100610,4.5572,4.5059,4.5719,4.4985,4.5646,-1.286,21044.54,12989.696,-0.05870000000000086,江苏,港口,20070426,
601008.SH,连云港,20100609,4.4765,4.5646,4.5793,4.4252,4.4472,2.6399,35401.39,21794.903,0.11740000000000084,江苏,港口,20070426,
601008.SH,连云港,20100608,4.4252,4.4472,4.5352,4.3664,4.4252,0.4972,20417.4,12339.891,0.021999999999999353,江苏,港口,20070426,
601008.SH,连云港,20100607,4.4765,4.4252,4.4765,4.3885,4.5646,-3.0539,32324.39,19477.218,-0.1394000000000002,江苏,港口,20070426,
601008.SH,连云港,20100604,4.3151,4.5646,4.7554,4.271,4.3224,5.6034,75975.86,46813.373,0.24220000000000041,江苏,港口,20070426,
601008.SH,连云港,20100603,4.3298,4.3224,4.3591,4.3004,4.3224,0.0,20137.0,11892.546,0.0,江苏,港口,20070426,
601008.SH,连云港,20100602,4.271,4.3224,4.3298,4.2344,4.2931,0.6825,22073.06,12925.194,0.029300000000000104,江苏,港口,20070426,
601008.SH,连云港,20100601,4.3591,4.2931,4.4031,4.227,4.4031,-2.4982,20614.85,12100.087,-0.11000000000000032,江苏,港口,20070426,
601008.SH,连云港,20100531,4.5059,4.4031,4.5426,4.3958,4.5352,-2.9128,19497.13,11850.921,-0.13209999999999944,江苏,港口,20070426,
601008.SH,连云港,20100528,4.5499,4.5352,4.5793,4.4765,4.5352,0.0,24030.21,14838.425,0.0,江苏,港口,20070426,
601008.SH,连云港,20100527,4.4839,4.5352,4.5499,4.4105,4.4839,1.1441,24166.43,14818.918,0.05129999999999946,江苏,港口,20070426,
601008.SH,连云港,20100526,4.4105,4.4839,4.5206,4.4105,4.4545,0.66,21749.31,13280.217,0.02939999999999987,江苏,港口,20070426,
601008.SH,连云港,20100525,4.5132,4.4545,4.5646,4.4031,4.4765,-0.4915,26720.03,16384.37,-0.021999999999999353,江苏,港口,20070426,
601008.SH,连云港,20100524,4.3591,4.4765,4.5059,4.3518,4.3077,3.9186,25941.35,15738.633,0.16880000000000006,江苏,港口,20070426,
601008.SH,连云港,20100521,4.1258,4.3084,4.3303,4.0893,4.3084,0.0,23772.64,13781.408,0.0,江苏,港口,20070426,
601008.SH,连云港,20100520,4.3668,4.3084,4.4398,4.3011,4.3887,-1.8297,14115.82,8450.557,-0.08030000000000026,江苏,港口,20070426,
601008.SH,连云港,20100519,4.396,4.3887,4.4617,4.323,4.4471,-1.3132,19411.52,11700.195,-0.058399999999999785,江苏,港口,20070426,
601008.SH,连云港,20100518,4.4471,4.4471,4.4982,4.2719,4.4325,0.3294,34653.19,20886.21,0.014599999999999724,江苏,港口,20070426,
601008.SH,连云港,20100517,4.7465,4.4325,4.7465,4.3741,4.7757,-7.1864,24388.44,15174.453,-0.3431999999999995,江苏,港口,20070426,
601008.SH,连云港,20100514,4.7757,4.7757,4.8342,4.7319,4.8123,-0.7606,16234.74,10599.531,-0.036599999999999966,江苏,港口,20070426,
601008.SH,连云港,20100513,4.7319,4.8123,4.8415,4.6443,4.7319,1.6991,19070.0,12419.518,0.08039999999999914,江苏,港口,20070426,
601008.SH,连云港,20100512,4.6808,4.7319,4.8269,4.637,4.7392,-0.154,19778.6,12810.359,-0.007299999999999862,江苏,港口,20070426,
601008.SH,连云港,20100511,4.9437,4.7392,4.951,4.7319,4.8634,-2.5538,21682.17,14448.14,-0.12420000000000009,江苏,港口,20070426,
601008.SH,连云港,20100510,4.8269,4.8634,4.8926,4.6954,4.9291,-1.3329,25735.06,17009.571,-0.06569999999999965,江苏,港口,20070426,
601008.SH,连云港,20100506,5.1409,4.9291,5.1628,4.8999,5.1409,-4.1199,22829.38,15838.093,-0.2118000000000002,江苏,港口,20070426,
601008.SH,连云港,20100505,4.9802,5.1409,5.1482,4.9802,5.0313,2.1784,21085.1,14625.855,0.10960000000000036,江苏,港口,20070426,
601008.SH,连云港,20100504,5.0021,5.0313,5.1043,4.9802,5.0751,-0.863,18411.37,12724.196,-0.04380000000000006,江苏,港口,20070426,
601008.SH,连云港,20100430,5.1701,5.0751,5.1774,4.9802,5.1555,-1.5595,38391.81,26730.377,-0.08040000000000003,江苏,港口,20070426,
601008.SH,连云港,20100429,5.2796,5.1555,5.338,5.1263,5.2431,-1.6708,27056.13,19512.148,-0.08760000000000012,江苏,港口,20070426,
601008.SH,连云港,20100428,5.3088,5.2431,5.3526,5.1116,5.3307,-1.6433,25130.73,18096.38,-0.08760000000000012,江苏,港口,20070426,
601008.SH,连云港,20100427,5.5206,5.3307,5.579,5.2431,5.5498,-3.9479,38524.98,28289.98,-0.21910000000000007,江苏,港口,20070426,
601008.SH,连云港,20100426,5.5133,5.5498,5.6228,5.5133,5.5571,-0.1314,29171.43,22257.908,-0.007299999999999862,江苏,港口,20070426,
601008.SH,连云港,20100423,5.5936,5.5571,5.6593,5.5352,5.6301,-1.2966,33803.94,25901.137,-0.07299999999999951,江苏,港口,20070426,
601008.SH,连云港,20100422,5.5498,5.6301,5.6593,5.5133,5.579,0.9159,40420.24,31005.213,0.05109999999999992,江苏,港口,20070426,
601008.SH,连云港,20100421,5.4695,5.579,5.579,5.4183,5.4695,2.002,36195.42,27442.094,0.10949999999999971,江苏,港口,20070426,
601008.SH,连云港,20100420,5.4403,5.4695,5.5133,5.3599,5.4476,0.402,35558.49,26427.72,0.021899999999999586,江苏,港口,20070426,
601008.SH,连云港,20100419,5.652,5.4476,5.725,5.411,5.7323,-4.9666,49504.26,37968.602,-0.28469999999999995,江苏,港口,20070426,
601008.SH,连云港,20100416,5.8054,5.7323,5.8273,5.652,5.8127,-1.3832,36864.63,28990.463,-0.08040000000000003,江苏,港口,20070426,
601008.SH,连云港,20100415,5.8054,5.8127,5.9514,5.725,5.7908,0.3782,69592.16,55751.352,0.021900000000000475,江苏,港口,20070426,
601008.SH,连云港,20100414,5.725,5.7908,5.8127,5.652,5.725,1.1493,38637.29,30478.047,0.0658000000000003,江苏,港口,20070426,
601008.SH,连云港,20100413,5.82,5.725,5.8711,5.6009,5.8492,-2.1234,74288.41,58268.203,-0.12420000000000009,江苏,港口,20070426,
601008.SH,连云港,20100412,5.9076,5.8492,5.9076,5.7689,5.8857,-0.6201,67374.14,53779.041,-0.0365000000000002,江苏,港口,20070426,
601008.SH,连云港,20100409,5.8273,5.8857,5.9076,5.7908,5.8419,0.7498,55813.68,44746.544,0.04380000000000006,江苏,港口,20070426,
601008.SH,连云港,20100408,5.9368,5.8419,5.9441,5.8054,5.9733,-2.1998,86818.27,69671.924,-0.13140000000000018,江苏,港口,20070426,
601008.SH,连云港,20100407,5.7616,5.9733,5.9806,5.7616,5.7908,3.1516,181596.1,146937.696,0.1825000000000001,江苏,港口,20070426,
601008.SH,连云港,20100406,5.7689,5.7908,5.8273,5.7323,5.7616,0.5068,62257.7,49292.505,0.029200000000000337,江苏,港口,20070426,
601008.SH,连云港,20100402,5.7323,5.7616,5.7835,5.6885,5.725,0.6393,65641.85,51686.904,0.036599999999999966,江苏,港口,20070426,
601008.SH,连云港,20100401,5.6082,5.725,5.7543,5.6082,5.6155,1.95,72980.98,57176.238,0.10949999999999971,江苏,港口,20070426,
601008.SH,连云港,20100331,5.6958,5.6155,5.725,5.579,5.6885,-1.2833,48446.94,37468.327,-0.0730000000000004,江苏,港口,20070426,
601008.SH,连云港,20100330,5.6812,5.6885,5.7104,5.6447,5.7177,-0.5107,40588.37,31565.981,-0.02919999999999945,江苏,港口,20070426,
601008.SH,连云港,20100329,5.5936,5.7177,5.725,5.5936,5.6082,1.9525,60143.18,46693.304,0.10949999999999971,江苏,港口,20070426,
601008.SH,连云港,20100326,5.5425,5.6082,5.6374,5.5279,5.5352,1.3188,33214.46,25468.318,0.0730000000000004,江苏,港口,20070426,
601008.SH,连云港,20100325,5.6885,5.5352,5.6885,5.5206,5.6666,-2.3189,33804.73,25842.929,-0.13140000000000018,江苏,港口,20070426,
601008.SH,连云港,20100324,5.6228,5.6666,5.6666,5.5863,5.6009,1.173,45105.03,34793.032,0.06569999999999965,江苏,港口,20070426,
601008.SH,连云港,20100323,5.6082,5.6009,5.6447,5.5644,5.6155,-0.26,31155.2,23890.807,-0.014599999999999724,江苏,港口,20070426,
601008.SH,连云港,20100322,5.6009,5.6155,5.6301,5.5352,5.6082,0.1302,35129.85,26874.414,0.007299999999999862,江苏,港口,20070426,
601008.SH,连云港,20100319,5.5936,5.6082,5.6228,5.5352,5.6009,0.1303,37906.62,28958.094,0.007299999999999862,江苏,港口,20070426,
601008.SH,连云港,20100318,5.5498,5.6009,5.652,5.5279,5.506,1.7236,64741.06,49630.686,0.09489999999999998,江苏,港口,20070426,
601008.SH,连云港,20100317,5.3891,5.506,5.5352,5.3891,5.3891,2.1692,31720.42,23750.613,0.11690000000000023,江苏,港口,20070426,
601008.SH,连云港,20100316,5.3307,5.3891,5.3964,5.2942,5.3307,1.0955,15112.18,11074.785,0.058399999999999785,江苏,港口,20070426,
601008.SH,连云港,20100315,5.3745,5.3307,5.4183,5.2942,5.3818,-0.9495,21815.46,15940.051,-0.05109999999999992,江苏,港口,20070426,
601008.SH,连云港,20100312,5.4695,5.3818,5.5133,5.3672,5.4695,-1.6034,24444.83,18201.122,-0.08769999999999989,江苏,港口,20070426,
601008.SH,连云港,20100311,5.4768,5.4695,5.5352,5.3964,5.4695,0.0,26203.27,19612.379,0.0,江苏,港口,20070426,
601008.SH,连云港,20100310,5.5717,5.4695,5.6082,5.433,5.5644,-1.7055,37816.56,28488.436,-0.09489999999999998,江苏,港口,20070426,
601008.SH,连云港,20100309,5.6009,5.5644,5.6155,5.4987,5.6447,-1.4226,49002.97,37292.988,-0.08030000000000026,江苏,港口,20070426,
601008.SH,连云港,20100308,5.6739,5.6447,5.6885,5.506,5.6739,-0.5146,56596.91,43408.638,-0.02919999999999945,江苏,港口,20070426,
601008.SH,连云港,20100305,5.5279,5.6739,5.7543,5.5279,5.4549,4.0147,142346.78,110392.382,0.21899999999999942,江苏,港口,20070426,
601008.SH,连云港,20100304,5.6155,5.4549,5.7981,5.4476,5.5571,-1.8391,141253.52,109750.409,-0.10219999999999985,江苏,港口,20070426,
601008.SH,连云港,20100303,5.4622,5.5571,5.5644,5.4037,5.4622,1.7374,41236.64,31165.16,0.09489999999999998,江苏,港口,20070426,
601008.SH,连云港,20100302,5.5279,5.4622,5.5279,5.4037,5.5133,-0.9268,36523.46,27286.767,-0.05109999999999992,江苏,港口,20070426,
601008.SH,连云港,20100301,5.4256,5.5133,5.5352,5.4256,5.4183,1.7533,40972.71,30860.559,0.09499999999999975,江苏,港口,20070426,
601008.SH,连云港,20100226,5.4476,5.4183,5.4695,5.3745,5.4476,-0.5379,34795.21,25846.373,-0.029300000000000104,江苏,港口,20070426,
601008.SH,连云港,20100225,5.3818,5.4476,5.4695,5.3745,5.3891,1.0855,34980.61,25995.242,0.05850000000000044,江苏,港口,20070426,
601008.SH,连云港,20100224,5.3088,5.3891,5.4037,5.265,5.3307,1.0955,31755.68,23305.441,0.058399999999999785,江苏,港口,20070426,
601008.SH,连云港,20100223,5.2869,5.3307,5.3964,5.2431,5.3088,0.4125,29686.01,21591.077,0.021900000000000475,江苏,港口,20070426,
601008.SH,连云港,20100222,5.2577,5.3088,5.3088,5.192,5.265,0.8319,27392.86,19716.318,0.04380000000000006,江苏,港口,20070426,
601008.SH,连云港,20100212,5.2212,5.265,5.265,5.1847,5.2066,1.1217,17043.5,12223.322,0.058399999999999785,江苏,港口,20070426,
601008.SH,连云港,20100211,5.2431,5.2066,5.2577,5.1847,5.2431,-0.6962,13498.11,9650.166,-0.0365000000000002,江苏,港口,20070426,
601008.SH,连云港,20100210,5.2285,5.2431,5.2577,5.192,5.2066,0.701,14532.7,10396.345,0.0365000000000002,江苏,港口,20070426,
601008.SH,连云港,20100209,5.1482,5.2066,5.2723,5.1409,5.1482,1.1344,19798.98,14131.019,0.058399999999999785,江苏,港口,20070426,
601008.SH,连云港,20100208,5.1189,5.1482,5.2139,5.1189,5.1263,0.4272,14579.35,10308.573,0.021900000000000475,江苏,港口,20070426,
601008.SH,连云港,20100205,5.1482,5.1263,5.2431,5.0897,5.1993,-1.404,32108.16,22667.341,-0.0730000000000004,江苏,港口,20070426,
601008.SH,连云港,20100204,5.1701,5.1993,5.2577,5.1189,5.1701,0.5648,32228.81,22972.004,0.029200000000000337,江苏,港口,20070426,
601008.SH,连云港,20100203,5.0824,5.1701,5.1847,4.9656,5.0678,2.0186,33137.18,23108.717,0.10229999999999961,江苏,港口,20070426,
601008.SH,连云港,20100202,5.1043,5.0678,5.1701,5.0532,5.0678,0.0,24524.89,17166.693,0.0,江苏,港口,20070426,
601008.SH,连云港,20100201,5.1701,5.0678,5.2066,5.024,5.2285,-3.0735,31641.69,22061.759,-0.1607000000000003,江苏,港口,20070426,
601008.SH,连云港,20100129,5.2212,5.2285,5.3015,5.1847,5.2431,-0.2785,20069.91,14419.666,-0.014599999999999724,江苏,港口,20070426,
601008.SH,连云港,20100128,5.2431,5.2431,5.2723,5.1847,5.1993,0.8424,20634.75,14762.638,0.04380000000000006,江苏,港口,20070426,
601008.SH,连云港,20100127,5.2504,5.1993,5.3161,5.1628,5.2358,-0.6971,23716.67,16998.488,-0.0365000000000002,江苏,港口,20070426,
601008.SH,连云港,20100126,5.433,5.2358,5.4768,5.1628,5.433,-3.6297,45704.83,33150.536,-0.1971999999999996,江苏,港口,20070426,
601008.SH,连云港,20100125,5.4622,5.433,5.5133,5.4037,5.4841,-0.9318,24685.4,18431.678,-0.05109999999999992,江苏,港口,20070426,
601008.SH,连云港,20100122,5.6155,5.4841,5.6593,5.4037,5.6739,-3.3451,68675.47,51932.711,-0.18979999999999997,江苏,港口,20070426,
601008.SH,连云港,20100121,5.6228,5.6739,5.725,5.6009,5.6228,0.9088,42422.96,32948.583,0.05109999999999992,江苏,港口,20070426,
601008.SH,连云港,20100120,5.8127,5.6228,5.82,5.5936,5.8127,-3.267,94017.79,73473.714,-0.18990000000000062,江苏,港口,20070426,
601008.SH,连云港,20100119,5.9003,5.8127,5.9003,5.7835,5.9003,-1.4847,86082.56,68672.045,-0.08759999999999923,江苏,港口,20070426,
601008.SH,连云港,20100118,5.7835,5.9003,5.9076,5.6812,5.8054,1.6347,120297.83,95773.898,0.09489999999999998,江苏,港口,20070426,
601008.SH,连云港,20100115,5.8273,5.8054,5.8419,5.7396,5.8273,-0.3758,61833.3,48995.743,-0.021900000000000475,江苏,港口,20070426,
601008.SH,连云港,20100114,5.6009,5.8273,5.8784,5.6009,5.5936,4.178,104079.5,82098.629,0.2336999999999998,江苏,港口,20070426,
601008.SH,连云港,20100113,5.6593,5.5936,5.7396,5.5717,5.725,-2.2952,57875.91,44879.979,-0.1313999999999993,江苏,港口,20070426,
601008.SH,连云港,20100112,5.5936,5.725,5.7689,5.5133,5.5644,2.8862,58074.41,45091.631,0.16059999999999963,江苏,港口,20070426,
601008.SH,连云港,20100111,5.5936,5.5644,5.5936,5.4695,5.5425,0.3951,34607.56,26228.861,0.021899999999999586,江苏,港口,20070426,
601008.SH,连云港,20100108,5.5206,5.5425,5.5644,5.4256,5.506,0.6629,40927.47,30789.773,0.0365000000000002,江苏,港口,20070426,
601008.SH,连云港,20100107,5.6812,5.506,5.7104,5.4768,5.6739,-2.9592,62849.36,47965.556,-0.1678999999999995,江苏,港口,20070426,
601008.SH,连云港,20100106,5.7835,5.6739,5.8054,5.6666,5.7762,-1.7711,61511.04,48463.633,-0.1023000000000005,江苏,港口,20070426,
601008.SH,连云港,20100105,5.6958,5.7762,5.7908,5.6228,5.6885,1.5417,73065.12,57315.77,0.08769999999999989,江苏,港口,20070426,
601008.SH,连云港,20100104,5.6447,5.6885,5.7396,5.6155,5.6228,1.1685,50398.3,39274.789,0.06570000000000054,江苏,港口,20070426,
601008.SH,连云港,20091231,5.6666,5.6228,5.7323,5.5133,5.652,-0.5166,69683.99,53553.748,-0.029200000000000337,江苏,港口,20070426,
601008.SH,连云港,20091229,5.7835,5.652,5.7835,5.5936,5.747,-1.653,65930.78,51294.551,-0.09499999999999975,江苏,港口,20070426,
601008.SH,连云港,20091228,5.7104,5.747,5.7835,5.6812,5.6885,1.0284,61954.3,48604.567,0.05849999999999955,江苏,港口,20070426,
601008.SH,连云港,20091225,5.7104,5.6885,5.7323,5.6301,5.7543,-1.1435,56772.94,44210.253,-0.06579999999999941,江苏,港口,20070426,
601008.SH,连云港,20091224,5.6812,5.7543,5.7908,5.6739,5.7031,0.8978,150780.1,118186.632,0.05119999999999969,江苏,港口,20070426,
601008.SH,连云港,20091223,5.4476,5.7031,5.8054,5.4037,5.4403,4.8306,139405.16,108109.123,0.26280000000000037,江苏,港口,20070426,
601008.SH,连云港,20091222,5.4841,5.4403,5.5571,5.4037,5.4841,-0.7987,53257.2,39983.402,-0.04380000000000006,江苏,港口,20070426,
601008.SH,连云港,20091221,5.3818,5.4841,5.5279,5.338,5.3964,1.6252,44880.88,33294.236,0.08769999999999989,江苏,港口,20070426,
601008.SH,连云港,20091218,5.5133,5.3964,5.6082,5.3818,5.6228,-4.0265,51473.39,38421.038,-0.22639999999999993,江苏,港口,20070426,
601008.SH,连云港,20091217,5.7981,5.6228,5.9149,5.5936,5.7981,-3.0234,140832.08,111775.258,-0.1753,江苏,港口,20070426,
601008.SH,连云港,20091216,5.6812,5.7981,5.8127,5.6593,5.6885,1.9267,84831.96,66863.887,0.10959999999999948,江苏,港口,20070426,
601008.SH,连云港,20091215,5.6812,5.6885,5.7616,5.6228,5.6812,0.1285,44195.92,34483.041,0.00730000000000075,江苏,港口,20070426,
601008.SH,连云港,20091214,5.6228,5.6812,5.6885,5.4549,5.6082,1.3017,45797.85,35045.233,0.07299999999999951,江苏,港口,20070426,
601008.SH,连云港,20091211,5.6228,5.6082,5.6301,5.5498,5.5936,0.261,37688.08,28875.203,0.014599999999999724,江苏,港口,20070426,
601008.SH,连云港,20091210,5.5425,5.5936,5.6082,5.5133,5.5279,1.1885,39182.33,29817.681,0.06570000000000054,江苏,港口,20070426,
601008.SH,连云港,20091209,5.6301,5.5279,5.6374,5.5133,5.6593,-2.3218,42879.14,32749.634,-0.13140000000000018,江苏,港口,20070426,
601008.SH,连云港,20091208,5.7689,5.6593,5.7835,5.6082,5.7908,-2.2708,50965.86,39652.499,-0.13149999999999995,江苏,港口,20070426,
601008.SH,连云港,20091207,5.6958,5.7908,5.7981,5.6958,5.6958,1.6679,52578.23,41432.786,0.09499999999999975,江苏,港口,20070426,
601008.SH,连云港,20091204,5.9441,5.6958,5.9441,5.5498,5.9295,-3.9413,116092.78,91382.698,-0.2336999999999998,江苏,港口,20070426,
601008.SH,连云港,20091203,5.7908,5.9295,5.966,5.6958,5.82,1.8814,154576.74,123161.557,0.10949999999999971,江苏,港口,20070426,
601008.SH,连云港,20091202,5.8346,5.82,5.8492,5.7177,5.8346,-0.2502,133627.67,105893.701,-0.014599999999999724,江苏,港口,20070426,
601008.SH,连云港,20091201,5.6958,5.8346,5.8857,5.6374,5.6812,2.7001,194385.34,154476.299,0.15340000000000042,江苏,港口,20070426,
601008.SH,连云港,20091130,5.338,5.6812,5.6812,5.338,5.338,6.4294,125760.58,96034.019,0.3431999999999995,江苏,港口,20070426,
601008.SH,连云港,20091127,5.6082,5.338,5.6155,5.3161,5.6812,-6.041,93613.4,69772.216,-0.3431999999999995,江苏,港口,20070426,
601008.SH,连云港,20091126,5.6374,5.6812,5.9441,5.6155,5.6301,0.9076,263874.14,208968.245,0.05109999999999992,江苏,港口,20070426,
601008.SH,连云港,20091125,5.3672,5.6301,5.6593,5.3526,5.3672,4.8983,81149.92,61223.862,0.26289999999999925,江苏,港口,20070426,
601008.SH,连云港,20091124,5.7177,5.3672,5.7323,5.3453,5.7104,-6.0101,102242.25,78420.041,-0.3431999999999995,江苏,港口,20070426,
601008.SH,连云港,20091123,5.6155,5.7104,5.7616,5.579,5.6155,1.69,110332.1,85690.453,0.09489999999999998,江苏,港口,20070426,
601008.SH,连云港,20091120,5.5936,5.6155,5.6593,5.5571,5.6082,0.1302,84438.58,64871.311,0.007299999999999862,江苏,港口,20070426,
601008.SH,连云港,20091119,5.5352,5.6082,5.6228,5.5133,5.5425,1.1854,81622.7,62389.497,0.06569999999999965,江苏,港口,20070426,
601008.SH,连云港,20091118,5.5571,5.5425,5.5571,5.4987,5.5571,-0.2627,62630.05,47400.392,-0.014599999999999724,江苏,港口,20070426,
601008.SH,连云港,20091117,5.5133,5.5571,5.5936,5.4695,5.5352,0.3956,139072.62,105627.709,0.021900000000000475,江苏,港口,20070426,
601008.SH,连云港,20091116,5.4403,5.5352,5.5936,5.4403,5.4256,2.0201,174929.65,132882.516,0.10959999999999948,江苏,港口,20070426,
601008.SH,连云港,20091113,5.3453,5.4256,5.433,5.2504,5.3599,1.2258,71600.17,52493.499,0.06570000000000054,江苏,港口,20070426,
601008.SH,连云港,20091112,5.265,5.3599,5.4256,5.265,5.2796,1.5209,90252.45,66219.664,0.08029999999999937,江苏,港口,20070426,
601008.SH,连云港,20091111,5.2577,5.2796,5.3015,5.1993,5.2431,0.6962,43015.95,30991.272,0.0365000000000002,江苏,港口,20070426,
601008.SH,连云港,20091110,5.2796,5.2431,5.3234,5.1774,5.2577,-0.2777,60013.2,43067.057,-0.014599999999999724,江苏,港口,20070426,
601008.SH,连云港,20091109,5.3015,5.2577,5.3088,5.2066,5.3015,-0.8262,55829.14,40149.459,-0.04380000000000006,江苏,港口,20070426,
601008.SH,连云港,20091106,5.2577,5.3015,5.4037,5.192,5.2431,1.1138,88288.64,63880.361,0.058399999999999785,江苏,港口,20070426,
601008.SH,连云港,20091105,5.1628,5.2431,5.2577,5.1189,5.1555,1.6992,60381.79,43010.567,0.08760000000000012,江苏,港口,20070426,
601008.SH,连云港,20091104,5.0678,5.1555,5.1701,5.0678,5.0897,1.2928,60660.83,42586.424,0.0658000000000003,江苏,港口,20070426,
601008.SH,连云港,20091103,4.9656,5.0897,5.1263,4.9291,4.9875,2.0491,62390.76,43116.896,0.10219999999999985,江苏,港口,20070426,
601008.SH,连云港,20091102,4.8415,4.9875,5.0094,4.71,4.9072,1.6364,62932.77,41986.736,0.08030000000000026,江苏,港口,20070426,
601008.SH,连云港,20091030,4.9583,4.9072,4.9875,4.8853,4.8926,0.2984,44596.95,30192.853,0.014599999999999724,江苏,港口,20070426,
601008.SH,连云港,20091029,4.9875,4.8926,5.0094,4.878,5.1482,-4.9648,57759.23,39124.177,-0.25560000000000027,江苏,港口,20070426,
601008.SH,连云港,20091028,5.1043,5.1482,5.1628,4.9218,5.2796,-2.4888,129635.29,89590.097,-0.13140000000000018,江苏,港口,20070426,
601008.SH,连云港,20091027,5.3891,5.2796,5.5425,5.265,5.1336,2.844,317849.9,236499.855,0.1459999999999999,江苏,港口,20070426,
601008.SH,连云港,20091026,5.1116,5.1336,5.1482,5.024,5.1555,-0.4248,41508.46,28936.91,-0.021899999999999586,江苏,港口,20070426,
601008.SH,连云港,20091023,5.0094,5.1555,5.1774,5.0094,5.0386,2.3201,84211.89,58974.548,0.11690000000000023,江苏,港口,20070426,
601008.SH,连云港,20091022,4.8999,5.0386,5.0605,4.8999,4.9437,1.9196,53063.04,36314.401,0.09489999999999998,江苏,港口,20070426,
601008.SH,连云港,20091021,5.0021,4.9437,5.0094,4.9291,4.9948,-1.0231,30380.28,20669.605,-0.05109999999999992,江苏,港口,20070426,
601008.SH,连云港,20091020,4.9291,4.9948,5.0021,4.8926,4.9072,1.7851,45162.15,30664.725,0.08760000000000012,江苏,港口,20070426,
601008.SH,连云港,20091019,4.8342,4.9072,4.9218,4.7757,4.8342,1.5101,27164.12,18132.047,0.07299999999999951,江苏,港口,20070426,
601008.SH,连云港,20091016,4.8926,4.8342,4.8926,4.7465,4.8926,-1.1936,23915.45,15750.566,-0.058399999999999785,江苏,港口,20070426,
601008.SH,连云港,20091015,4.8634,4.8926,4.9145,4.8196,4.8561,0.7516,38729.39,25805.276,0.0365000000000002,江苏,港口,20070426,
601008.SH,连云港,20091014,4.8196,4.8561,4.8999,4.8049,4.8342,0.453,27341.03,18212.824,0.021899999999999586,江苏,港口,20070426,
601008.SH,连云港,20091013,4.7684,4.8342,4.8415,4.7465,4.783,1.0705,16565.5,10874.135,0.05119999999999969,江苏,港口,20070426,
601008.SH,连云港,20091012,4.7757,4.783,4.9145,4.7319,4.8049,-0.4558,22860.52,15066.893,-0.021899999999999586,江苏,港口,20070426,
601008.SH,连云港,20091009,4.5859,4.8049,4.8269,4.5859,4.5421,5.7859,27377.39,17798.348,0.26280000000000037,江苏,港口,20070426,
601008.SH,连云港,20090930,4.5786,4.5421,4.5859,4.5202,4.5056,0.8101,14013.45,8734.155,0.03649999999999931,江苏,港口,20070426,
601008.SH,连云港,20090929,4.6151,4.5056,4.637,4.4398,4.6005,-2.0628,16595.72,10293.213,-0.09489999999999998,江苏,港口,20070426,
601008.SH,连云港,20090928,4.7465,4.6005,4.8269,4.5713,4.7465,-3.076,17444.25,11244.166,-0.1459999999999999,江苏,港口,20070426,
601008.SH,连云港,20090925,4.7319,4.7465,4.8049,4.6881,4.7538,-0.1536,17301.75,11258.86,-0.007299999999999862,江苏,港口,20070426,
601008.SH,连云港,20090924,4.7173,4.7538,4.7976,4.637,4.7246,0.618,25195.07,16249.102,0.029200000000000337,江苏,港口,20070426,
601008.SH,连云港,20090923,4.8634,4.7246,4.9145,4.6954,4.8707,-2.9996,32095.42,21029.334,-0.14610000000000056,江苏,港口,20070426,
601008.SH,连云港,20090922,4.9729,4.8707,5.0094,4.8634,5.0167,-2.9103,27090.43,18358.061,-0.1459999999999999,江苏,港口,20070426,
601008.SH,连云港,20090921,5.0532,5.0167,5.0751,4.7465,5.0897,-1.4343,45845.37,30888.0,-0.07299999999999951,江苏,港口,20070426,
601008.SH,连云港,20090918,5.1993,5.0897,5.2285,5.0532,5.1774,-1.6939,53925.49,38206.374,-0.08769999999999989,江苏,港口,20070426,
601008.SH,连云港,20090917,5.0897,5.1774,5.2139,5.0897,5.0824,1.8692,51872.53,36717.592,0.09499999999999975,江苏,港口,20070426,
601008.SH,连云港,20090916,5.2139,5.0824,5.2139,5.0386,5.1847,-1.9731,39349.78,27525.077,-0.1023000000000005,江苏,港口,20070426,
601008.SH,连云港,20090915,5.1628,5.1847,5.1993,5.0678,5.1628,0.4242,61187.11,43123.324,0.021900000000000475,江苏,港口,20070426,
601008.SH,连云港,20090914,5.0751,5.1628,5.1774,5.0459,5.1409,0.426,49818.59,34848.597,0.021899999999999586,江苏,港口,20070426,
601008.SH,连云港,20090911,5.1482,5.1409,5.2285,5.0897,4.9875,3.0757,80721.57,57026.254,0.15340000000000042,江苏,港口,20070426,
601008.SH,连云港,20090910,5.0386,4.9875,5.0824,4.9802,5.0386,-1.0142,45123.69,31159.261,-0.05109999999999992,江苏,港口,20070426,
601008.SH,连云港,20090909,4.9802,5.0386,5.0897,4.9583,5.0386,0.0,56602.27,38940.396,0.0,江苏,港口,20070426,
601008.SH,连云港,20090908,4.8999,5.0386,5.3234,4.8999,4.9729,1.3212,91675.8,63741.514,0.06569999999999965,江苏,港口,20070426,
601008.SH,连云港,20090907,4.9145,4.9729,5.0532,4.878,4.9729,0.0,76593.06,52152.067,0.0,江苏,港口,20070426,
601008.SH,连云港,20090904,4.7319,4.9729,5.0386,4.6589,4.6954,5.91,70320.38,46549.198,0.27749999999999986,江苏,港口,20070426,
601008.SH,连云港,20090903,4.5056,4.6954,4.71,4.4909,4.5056,4.2125,30190.78,19068.273,0.18979999999999997,江苏,港口,20070426,
601008.SH,连云港,20090902,4.4544,4.5056,4.5421,4.4398,4.4909,0.3273,14880.53,9148.519,0.01470000000000038,江苏,港口,20070426,
601008.SH,连云港,20090901,4.5056,4.4909,4.5786,4.4544,4.5056,-0.3263,16169.16,10003.689,-0.01470000000000038,江苏,港口,20070426,
601008.SH,连云港,20090831,4.7319,4.5056,4.7392,4.4763,4.7903,-5.9433,29434.26,18451.507,-0.28469999999999995,江苏,港口,20070426,
601008.SH,连云港,20090828,4.9583,4.7903,4.9656,4.783,4.9656,-3.5303,28742.99,19090.319,-0.1753,江苏,港口,20070426,
601008.SH,连云港,20090827,4.8707,4.9656,5.0167,4.8049,4.8707,1.9484,45614.87,30721.882,0.09489999999999998,江苏,港口,20070426,
601008.SH,连云港,20090826,4.71,4.8707,4.9072,4.6735,4.6954,3.7334,39820.27,26392.078,0.1753,江苏,港口,20070426,
601008.SH,连云港,20090825,4.8415,4.6954,4.8415,4.5859,4.878,-3.7433,41266.62,26553.76,-0.18259999999999987,江苏,港口,20070426,
601008.SH,连云港,20090824,4.8123,4.878,4.9218,4.7611,4.8049,1.5214,39937.81,26419.385,0.07310000000000016,江苏,港口,20070426,
601008.SH,连云港,20090821,4.7538,4.8049,4.8049,4.6954,4.7465,1.2304,45405.71,29553.932,0.058399999999999785,江苏,港口,20070426,
601008.SH,连云港,20090820,4.6662,4.7465,4.7465,4.5275,4.6297,2.5228,41013.63,26194.278,0.11680000000000046,江苏,港口,20070426,
601008.SH,连云港,20090819,4.9656,4.6297,4.9948,4.5567,4.9583,-6.6273,38421.74,25031.326,-0.32860000000000067,江苏,港口,20070426,
601008.SH,连云港,20090818,4.7903,4.9583,4.9875,4.783,4.8269,2.7222,25753.57,17266.393,0.13140000000000018,江苏,港口,20070426,
601008.SH,连云港,20090817,5.1043,4.8269,5.1189,4.8196,5.1993,-7.1625,57222.42,38947.786,-0.37239999999999984,江苏,港口,20070426,
601008.SH,连云港,20090814,5.6447,5.1993,5.6593,5.1847,5.652,-8.0096,75834.41,55784.753,-0.4527000000000001,江苏,港口,20070426,
601008.SH,连云港,20090813,5.5571,5.652,5.725,5.506,5.5352,2.1101,71463.44,55140.963,0.11680000000000046,江苏,港口,20070426,
601008.SH,连云港,20090812,5.9441,5.5352,5.9806,5.5133,5.9295,-6.6498,113483.47,89342.589,-0.3943000000000003,江苏,港口,20070426,
601008.SH,连云港,20090811,5.7543,5.9295,5.9879,5.7177,5.7104,3.8369,176246.17,142293.855,0.21910000000000007,江苏,港口,20070426,
601008.SH,连云港,20090810,5.5936,5.7104,5.7177,5.5571,5.5644,2.6238,62786.64,48671.169,0.1459999999999999,江苏,港口,20070426,
601008.SH,连云港,20090807,5.5498,5.5644,5.7031,5.5206,5.5644,0.0,60977.38,46849.481,0.0,江苏,港口,20070426,
601008.SH,连云港,20090806,5.6739,5.5644,5.6885,5.5206,5.747,-3.1773,52475.89,40250.709,-0.18259999999999987,江苏,港口,20070426,
601008.SH,连云港,20090805,5.8492,5.747,5.8711,5.6593,5.9149,-2.8386,88760.78,70149.555,-0.16790000000000038,江苏,港口,20070426,
601008.SH,连云港,20090804,5.6155,5.9149,5.9368,5.4841,5.6155,5.3317,113226.12,88453.374,0.29940000000000033,江苏,港口,20070426,
601008.SH,连云港,20090803,5.4768,5.6155,5.6155,5.4183,5.4622,2.8066,57144.26,43436.642,0.15329999999999977,江苏,港口,20070426,
601008.SH,连云港,20090731,5.3745,5.4622,5.4768,5.3453,5.3526,2.0476,52634.19,39084.524,0.10960000000000036,江苏,港口,20070426,
601008.SH,连云港,20090730,5.3307,5.3526,5.4768,5.1993,5.338,0.2735,60826.62,44203.605,0.014599999999999724,江苏,港口,20070426,
601008.SH,连云港,20090729,5.7981,5.338,5.8127,5.2139,5.7908,-7.8193,93305.29,70910.493,-0.45279999999999987,江苏,港口,20070426,
601008.SH,连云港,20090728,5.8054,5.7908,5.82,5.6739,5.7762,0.2528,69982.16,55000.385,0.014599999999999724,江苏,港口,20070426,
601008.SH,连云港,20090727,5.6666,5.7762,5.8346,5.6447,5.6666,1.9341,95113.49,74947.894,0.10960000000000036,江苏,港口,20070426,
601008.SH,连云港,20090724,5.7104,5.6666,5.7616,5.5498,5.6812,-0.257,89151.1,69297.15,-0.014599999999999724,江苏,港口,20070426,
601008.SH,连云港,20090723,5.5863,5.6812,5.725,5.5279,5.5498,2.3677,84035.73,64944.933,0.1313999999999993,江苏,港口,20070426,
601008.SH,连云港,20090722,5.5133,5.5498,5.6009,5.5133,5.5133,0.662,53111.01,40416.078,0.0365000000000002,江苏,港口,20070426,
601008.SH,连云港,20090721,5.7031,5.5133,5.7031,5.4841,5.7104,-3.4516,77555.71,59440.671,-0.19709999999999983,江苏,港口,20070426,
601008.SH,连云港,20090720,5.6301,5.7104,5.7616,5.5936,5.6082,1.8223,90815.35,70881.566,0.10219999999999985,江苏,港口,20070426,
601008.SH,连云港,20090717,5.5571,5.6082,5.6155,5.5133,5.5571,0.9195,57064.2,43520.046,0.05109999999999992,江苏,港口,20070426,
601008.SH,连云港,20090716,5.6812,5.5571,5.7031,5.5352,5.6812,-2.1844,71057.31,54565.424,-0.12409999999999943,江苏,港口,20070426,
601008.SH,连云港,20090715,5.725,5.6812,5.7323,5.6301,5.7031,-0.384,84694.4,65763.094,-0.021900000000000475,江苏,港口,20070426,
601008.SH,连云港,20090714,5.4987,5.7031,5.7323,5.4987,5.506,3.5797,107230.83,82994.372,0.19709999999999983,江苏,港口,20070426,
601008.SH,连云港,20090713,5.4768,5.506,5.5936,5.4768,5.5206,-0.2645,70791.56,53734.324,-0.014599999999999724,江苏,港口,20070426,
601008.SH,连云港,20090710,5.4403,5.5206,5.6374,5.4037,5.4622,1.0692,107170.16,81210.735,0.058399999999999785,江苏,港口,20070426,
601008.SH,连云港,20090709,5.3526,5.4622,5.4768,5.3526,5.3599,1.9086,73742.91,54820.497,0.1023000000000005,江苏,港口,20070426,
601008.SH,连云港,20090708,5.3234,5.3599,5.3672,5.2942,5.3307,0.5478,41012.08,29928.449,0.02919999999999945,江苏,港口,20070426,
601008.SH,连云港,20090707,5.3891,5.3307,5.3891,5.2796,5.3891,-1.0837,62972.24,45878.548,-0.058399999999999785,江苏,港口,20070426,
601008.SH,连云港,20090706,5.506,5.3891,5.5133,5.338,5.4841,-1.7323,70455.96,52072.728,-0.09499999999999975,江苏,港口,20070426,
601008.SH,连云港,20090703,5.411,5.4841,5.4914,5.338,5.4403,0.8051,85009.79,63209.077,0.04380000000000006,江苏,港口,20070426,
601008.SH,连云港,20090702,5.3599,5.4403,5.4768,5.3234,5.3307,2.056,75777.39,55990.654,0.10959999999999948,江苏,港口,20070426,
601008.SH,连云港,20090701,5.3088,5.3307,5.3672,5.2796,5.3234,0.1371,44715.68,32578.919,0.007299999999999862,江苏,港口,20070426,
601008.SH,连云港,20090630,5.4037,5.3234,5.4403,5.2723,5.4183,-1.7515,54118.24,39636.234,-0.09489999999999998,江苏,港口,20070426,
601008.SH,连云港,20090629,5.3234,5.4183,5.506,5.2431,5.3234,1.7827,84692.08,62582.895,0.09489999999999998,江苏,港口,20070426,
601008.SH,连云港,20090626,5.3891,5.3234,5.4987,5.3088,5.3672,-0.8161,59695.1,44108.685,-0.04380000000000006,江苏,港口,20070426,
601008.SH,连云港,20090625,5.4403,5.3672,5.4695,5.3453,5.4768,-2.0012,78091.33,57678.955,-0.10959999999999948,江苏,港口,20070426,
601008.SH,连云港,20090624,5.2577,5.4768,5.506,5.2431,5.265,4.0228,128875.97,95732.32,0.2118000000000002,江苏,港口,20070426,
601008.SH,连云港,20090623,5.2796,5.265,5.3891,5.2139,5.3453,-1.5023,75831.66,54941.527,-0.08030000000000026,江苏,港口,20070426,
601008.SH,连云港,20090622,5.3526,5.3453,5.4183,5.265,5.3088,0.6875,100344.01,73350.204,0.0365000000000002,江苏,港口,20070426,
601008.SH,连云港,20090619,5.3307,5.3088,5.3599,5.2285,5.3526,-0.8183,81360.45,58870.049,-0.04380000000000006,江苏,港口,20070426,
601008.SH,连云港,20090618,5.2796,5.3526,5.3599,5.2358,5.2723,1.5231,96073.05,69872.493,0.08029999999999937,江苏,港口,20070426,
601008.SH,连云港,20090617,5.2723,5.2723,5.3015,5.192,5.3161,-0.8239,66795.1,48012.834,-0.04379999999999917,江苏,港口,20070426,
601008.SH,连云港,20090616,5.2504,5.3161,5.3672,5.1847,5.2796,0.6913,89199.23,64193.821,0.03649999999999931,江苏,港口,20070426,
601008.SH,连云港,20090615,5.2431,5.2796,5.3526,5.1774,5.2796,0.0,95510.42,68746.952,0.0,江苏,港口,20070426,
601008.SH,连云港,20090612,5.4403,5.2796,5.4695,5.1847,5.5644,-5.1183,216182.95,157725.45,-0.2847999999999997,江苏,港口,20070426,
601008.SH,连云港,20090611,5.9149,5.5644,6.1486,5.5498,5.747,-3.1773,489354.79,389537.917,-0.18259999999999987,江苏,港口,20070426,
601008.SH,连云港,20090610,5.3891,5.747,5.747,5.2431,5.2212,10.0705,301665.09,229008.978,0.5258000000000003,江苏,港口,20070426,
601008.SH,连云港,20090609,4.7392,5.2212,5.2212,4.7319,4.7465,10.0011,296589.27,208058.416,0.47469999999999946,江苏,港口,20070426,
601008.SH,连云港,20090608,4.6808,4.7465,4.783,4.6808,4.6808,1.4036,34462.96,22309.761,0.06570000000000054,江苏,港口,20070426,
601008.SH,连云港,20090605,4.7319,4.6808,4.7757,4.6735,4.7246,-0.9271,43504.98,28153.923,-0.04380000000000006,江苏,港口,20070426,
601008.SH,连云港,20090604,4.8342,4.7246,4.8342,4.6808,4.8415,-2.4145,62898.15,40736.201,-0.11690000000000023,江苏,港口,20070426,
601008.SH,连云港,20090603,4.7772,4.8425,4.8861,4.7554,4.7917,1.0602,62613.35,41582.461,0.05080000000000062,江苏,港口,20070426,
601008.SH,连云港,20090602,4.8788,4.7917,4.8861,4.7772,4.8352,-0.8997,48945.07,32429.169,-0.04350000000000076,江苏,港口,20070426,
601008.SH,连云港,20090601,4.7844,4.8352,4.8643,4.7554,4.7699,1.369,53520.95,35473.569,0.06530000000000058,江苏,港口,20070426,
601008.SH,连云港,20090527,4.7699,4.7699,4.828,4.7191,4.7844,-0.3031,50006.11,32834.396,-0.014499999999999957,江苏,港口,20070426,
601008.SH,连云港,20090526,4.857,4.7844,4.9804,4.7554,4.8498,-1.3485,115935.01,78008.323,-0.06540000000000035,江苏,港口,20070426,
601008.SH,连云港,20090525,4.7989,4.8498,4.9006,4.6465,4.8715,-0.4454,77658.49,51183.063,-0.021700000000000053,江苏,港口,20070426,
601008.SH,连云港,20090522,4.6682,4.8715,5.0095,4.6537,4.7046,3.5476,143059.23,96461.899,0.16690000000000005,江苏,港口,20070426,
601008.SH,连云港,20090521,4.8135,4.7046,4.8861,4.6465,4.828,-2.5559,68483.88,44821.554,-0.12340000000000018,江苏,港口,20070426,
601008.SH,连云港,20090520,4.7409,4.828,4.9151,4.7118,4.7772,1.0634,111224.67,73863.472,0.05080000000000062,江苏,港口,20070426,
601008.SH,连云港,20090518,4.6682,4.7772,4.8135,4.5811,4.7046,1.5432,66169.03,43010.121,0.07259999999999955,江苏,港口,20070426,
601008.SH,连云港,20090515,4.5956,4.7046,4.7336,4.5593,4.5956,2.3718,92600.14,59617.606,0.10899999999999999,江苏,港口,20070426,
601008.SH,连云港,20090514,4.5739,4.5956,4.6247,4.5085,4.6174,-0.4721,29368.86,18450.048,-0.02179999999999982,江苏,港口,20070426,
601008.SH,连云港,20090513,4.5521,4.6174,4.6319,4.5158,4.5593,1.2743,45032.8,28432.895,0.058099999999999596,江苏,港口,20070426,
601008.SH,连云港,20090512,4.465,4.5593,4.5666,4.4287,4.4795,1.7814,34141.95,21106.433,0.07980000000000054,江苏,港口,20070426,
601008.SH,连云港,20090511,4.6828,4.4795,4.7191,4.4359,4.6537,-3.7433,64200.2,40599.881,-0.1741999999999999,江苏,港口,20070426,
601008.SH,连云港,20090508,4.6537,4.6537,4.7263,4.5884,4.7409,-1.8393,64942.55,41741.991,-0.08720000000000017,江苏,港口,20070426,
601008.SH,连云港,20090507,4.6537,4.7409,4.7772,4.5303,4.6392,2.1922,115374.68,74367.437,0.10170000000000012,江苏,港口,20070426,
601008.SH,连云港,20090506,4.6174,4.6392,4.661,4.5593,4.6174,0.4721,56515.65,35935.163,0.02179999999999982,江苏,港口,20070426,
601008.SH,连云港,20090505,4.5593,4.6174,4.6537,4.4795,4.5376,1.7586,56015.15,35128.215,0.07979999999999965,江苏,港口,20070426,
601008.SH,连云港,20090504,4.3488,4.5376,4.5884,4.3488,4.3633,3.9947,53740.19,33272.456,0.17430000000000057,江苏,港口,20070426,
601008.SH,连云港,20090430,4.3851,4.3633,4.4504,4.3198,4.3778,-0.3312,37191.0,22450.593,-0.014499999999999957,江苏,港口,20070426,
601008.SH,连云港,20090429,4.2835,4.3778,4.3996,4.2472,4.2835,2.2015,31402.9,18803.908,0.0942999999999996,江苏,港口,20070426,
601008.SH,连云港,20090428,4.2109,4.2835,4.3198,4.2109,4.2617,0.5115,21775.26,12799.49,0.02179999999999982,江苏,港口,20070426,
601008.SH,连云港,20090427,4.5376,4.2617,4.5521,4.2399,4.5303,-5.929,52841.49,31546.064,-0.26860000000000017,江苏,港口,20070426,
601008.SH,连云港,20090424,4.4867,4.5303,4.6029,4.4722,4.494,0.8077,49148.13,30763.723,0.036300000000000665,江苏,港口,20070426,
601008.SH,连云港,20090423,4.4867,4.494,4.5521,4.3343,4.5085,-0.3216,49236.34,30090.87,-0.014499999999999957,江苏,港口,20070426,
601008.SH,连云港,20090422,4.6828,4.5085,4.828,4.4214,4.6828,-3.7221,94426.95,60571.843,-0.17430000000000057,江苏,港口,20070426,
601008.SH,连云港,20090421,4.5739,4.6828,4.69,4.5376,4.6537,0.6253,101756.32,64674.7,0.02910000000000057,江苏,港口,20070426,
601008.SH,连云港,20090420,4.3706,4.6537,4.7626,4.3415,4.3706,6.4774,158414.52,100533.453,0.28310000000000013,江苏,港口,20070426,
601008.SH,连云港,20090417,4.4504,4.3706,4.4504,4.298,4.4577,-1.9539,70805.27,42813.82,-0.0871000000000004,江苏,港口,20070426,
601008.SH,连云港,20090416,4.4287,4.4577,4.465,4.3198,4.4577,0.0,85154.71,51702.932,0.0,江苏,港口,20070426,
601008.SH,连云港,20090415,4.2689,4.4577,4.465,4.2689,4.3343,2.8471,102010.5,61955.244,0.12340000000000018,江苏,港口,20070426,
601008.SH,连云港,20090414,4.2689,4.3343,4.3633,4.2399,4.2835,1.1859,67196.96,39918.223,0.050799999999999734,江苏,港口,20070426,
601008.SH,连云港,20090413,4.2472,4.2835,4.3488,4.2254,4.2036,1.9008,75847.93,44851.519,0.0799000000000003,江苏,港口,20070426,
601008.SH,连云港,20090410,4.1455,4.2036,4.2326,4.0657,4.102,2.4768,55681.99,31839.874,0.10159999999999947,江苏,港口,20070426,
601008.SH,连云港,20090409,4.131,4.102,4.16,4.0003,4.1383,-0.8772,56194.85,31629.922,-0.03629999999999978,江苏,港口,20070426,
601008.SH,连云港,20090408,4.4069,4.1383,4.4069,4.1383,4.3778,-5.4708,141014.76,83385.786,-0.2394999999999996,江苏,港口,20070426,
601008.SH,连云港,20090407,4.1092,4.3778,4.3924,4.102,4.0947,6.9138,165365.92,98337.779,0.28310000000000013,江苏,港口,20070426,
601008.SH,连云港,20090403,4.1746,4.0947,4.2036,4.0439,4.1746,-1.914,36822.62,20913.058,-0.0799000000000003,江苏,港口,20070426,
601008.SH,连云港,20090402,4.2036,4.1746,4.2617,4.1528,4.2036,-0.6899,51385.99,29764.227,-0.028999999999999915,江苏,港口,20070426,
601008.SH,连云港,20090401,4.0947,4.2036,4.2254,4.0802,4.0874,2.8429,61487.17,35270.446,0.11620000000000008,江苏,港口,20070426,
601008.SH,连云港,20090331,4.0657,4.0874,4.102,3.9568,4.1237,-0.8803,36150.1,20068.474,-0.036300000000000665,江苏,港口,20070426,
601008.SH,连云港,20090330,4.1383,4.1237,4.1891,4.0874,4.1383,-0.3528,31147.16,17758.559,-0.014599999999999724,江苏,港口,20070426,
601008.SH,连云港,20090327,4.1746,4.1383,4.1963,4.0947,4.1528,-0.3492,64578.0,36987.571,-0.014499999999999957,江苏,港口,20070426,
601008.SH,连云港,20090326,3.9931,4.1528,4.1673,3.9785,3.9495,5.1475,72266.87,40683.742,0.20330000000000004,江苏,港口,20070426,
601008.SH,连云港,20090325,4.0294,3.9495,4.102,3.935,4.0729,-3.0298,45550.83,25282.561,-0.12339999999999973,江苏,港口,20070426,
601008.SH,连云港,20090324,4.0874,4.0729,4.1165,4.0221,4.0729,0.0,39578.49,22196.757,0.0,江苏,港口,20070426,
601008.SH,连云港,20090323,4.0003,4.0729,4.0947,4.0003,4.0221,1.263,44531.03,24916.104,0.050799999999999734,江苏,港口,20070426,
601008.SH,连云港,20090320,4.0947,4.0221,4.0947,3.9785,4.0802,-1.4239,37037.67,20553.892,-0.058099999999999596,江苏,港口,20070426,
601008.SH,连云港,20090319,3.9568,4.0802,4.0802,3.9568,3.9785,2.5562,46098.48,25642.202,0.10169999999999968,江苏,港口,20070426,
601008.SH,连云港,20090318,3.935,3.9785,4.0294,3.9205,3.9277,1.2934,47026.84,25778.161,0.050799999999999734,江苏,港口,20070426,
601008.SH,连云港,20090317,3.797,3.9277,3.9422,3.7898,3.797,3.4422,29789.36,15934.675,0.13070000000000004,江苏,港口,20070426,
601008.SH,连云港,20090316,3.768,3.797,3.8261,3.7244,3.7607,0.9652,10692.88,5563.404,0.03630000000000022,江苏,港口,20070426,
601008.SH,连云港,20090313,3.8116,3.7607,3.8479,3.7317,3.797,-0.956,14728.75,7707.491,-0.03630000000000022,江苏,港口,20070426,
601008.SH,连云港,20090312,3.797,3.797,3.8333,3.6809,3.8043,-0.1919,17482.01,9017.547,-0.007299999999999862,江苏,港口,20070426,
601008.SH,连云港,20090311,3.935,3.8043,3.9568,3.797,3.8842,-2.0571,21586.39,11527.605,-0.07989999999999986,江苏,港口,20070426,
601008.SH,连云港,20090310,3.7172,3.8842,3.8842,3.6736,3.7898,2.4909,22144.89,11565.091,0.09439999999999982,江苏,港口,20070426,
601008.SH,连云港,20090309,3.9931,3.7898,4.0366,3.7462,4.0148,-5.6043,39827.58,21434.214,-0.2250000000000001,江苏,港口,20070426,
601008.SH,连云港,20090306,3.8188,4.0148,4.1673,3.797,3.8914,3.1711,67689.48,37334.016,0.12340000000000018,江苏,港口,20070426,
601008.SH,连云港,20090305,3.9205,3.8914,3.9205,3.7825,3.8551,0.9416,47827.26,25469.83,0.03629999999999978,江苏,港口,20070426,
601008.SH,连云港,20090304,3.6301,3.8551,3.8696,3.6301,3.6301,6.1982,38875.35,20248.367,0.2250000000000001,江苏,港口,20070426,
601008.SH,连云港,20090303,3.6083,3.6301,3.6664,3.5284,3.6518,-0.5942,18549.8,9202.343,-0.021700000000000053,江苏,港口,20070426,
601008.SH,连云港,20090302,3.6155,3.6518,3.6881,3.5865,3.5792,2.0284,18212.39,9138.186,0.0726,江苏,港口,20070426,
601008.SH,连云港,20090227,3.7462,3.5792,3.8116,3.5575,3.7825,-5.3748,43744.55,22018.744,-0.20330000000000004,江苏,港口,20070426,
601008.SH,连云港,20090226,4.0657,3.7825,4.1165,3.7099,4.0657,-6.9656,44246.78,24116.279,-0.28319999999999945,江苏,港口,20070426,
601008.SH,连云港,20090225,4.0802,4.0657,4.131,3.8987,4.0003,1.6349,51143.12,28294.264,0.06539999999999946,江苏,港口,20070426,
601008.SH,连云港,20090224,4.2835,4.0003,4.3778,3.9931,4.3198,-7.3962,79115.06,45536.505,-0.3194999999999997,江苏,港口,20070426,
601008.SH,连云港,20090223,4.16,4.3198,4.3343,4.1237,4.2326,2.0602,80579.01,47109.973,0.08720000000000017,江苏,港口,20070426,
601008.SH,连云港,20090220,4.0584,4.2326,4.2544,4.0294,4.0511,4.4803,120509.16,69294.704,0.18149999999999977,江苏,港口,20070426,
601008.SH,连云港,20090219,4.0439,4.0511,4.0802,3.9132,3.9277,3.1418,86754.73,47820.438,0.12339999999999973,江苏,港口,20070426,
601008.SH,连云港,20090218,3.9931,3.9277,4.0584,3.8479,4.0729,-3.565,81880.56,44531.317,-0.14519999999999955,江苏,港口,20070426,
601008.SH,连云港,20090217,4.1092,4.0729,4.3633,4.0511,4.1455,-1.7513,121061.1,70506.589,-0.07260000000000044,江苏,港口,20070426,
601008.SH,连云港,20090216,4.102,4.1455,4.1746,4.0076,4.0874,1.4214,73184.55,41152.931,0.058100000000000485,江苏,港口,20070426,
601008.SH,连云港,20090213,3.9422,4.0874,4.1237,3.9059,3.9495,3.4916,88255.61,48741.354,0.1378999999999997,江苏,港口,20070426,
601008.SH,连云港,20090212,3.9931,3.9495,4.0439,3.7898,3.935,0.3685,71872.96,38726.813,0.014499999999999957,江苏,港口,20070426,
601008.SH,连云港,20090210,3.8769,3.935,3.9422,3.8333,3.935,0.0,73960.09,39551.41,0.0,江苏,港口,20070426,
601008.SH,连云港,20090209,3.8624,3.935,4.0221,3.8116,3.9059,0.745,108802.53,58344.589,0.029100000000000126,江苏,港口,20070426,
601008.SH,连云港,20090206,3.572,3.9059,3.9205,3.572,3.5647,9.5716,171507.53,91223.583,0.3411999999999997,江苏,港口,20070426,
601008.SH,连云港,20090205,3.6373,3.5647,3.6881,3.5066,3.6083,-1.2083,65298.7,32511.959,-0.04359999999999964,江苏,港口,20070426,
601008.SH,连云港,20090204,3.5792,3.6083,3.6518,3.5647,3.5865,0.6078,58646.27,29049.049,0.02179999999999982,江苏,港口,20070426,
601008.SH,连云港,20090203,3.5284,3.5865,3.5938,3.4994,3.572,0.4059,60840.39,29687.446,0.014499999999999957,江苏,港口,20070426,
601008.SH,连云港,20090202,3.5139,3.572,3.5792,3.4631,3.4195,4.4597,105909.62,51278.218,0.15249999999999986,江苏,港口,20070426,
601008.SH,连云港,20090123,3.3179,3.4195,3.434,3.2743,3.3033,3.5177,51428.08,23795.908,0.11620000000000008,江苏,港口,20070426,
601008.SH,连云港,20090122,3.2888,3.3033,3.3033,3.2525,3.267,1.1111,16029.73,7251.355,0.03630000000000022,江苏,港口,20070426,
601008.SH,连云港,20090121,3.2525,3.267,3.3179,3.2453,3.3179,-1.5341,13752.02,6205.986,-0.050899999999999945,江苏,港口,20070426,
601008.SH,连云港,20090120,3.376,3.3179,3.376,3.2453,3.2888,0.8848,11135.29,5071.379,0.02909999999999968,江苏,港口,20070426,
601008.SH,连云港,20090119,3.3106,3.2888,3.3614,3.238,3.3033,-0.439,22021.81,10012.158,-0.014499999999999957,江苏,港口,20070426,
601008.SH,连云港,20090116,3.267,3.3033,3.3542,3.267,3.267,1.1111,30155.32,13792.828,0.03630000000000022,江苏,港口,20070426,
601008.SH,连云港,20090115,3.2961,3.267,3.3251,3.2307,3.3033,-1.0989,25229.2,11391.983,-0.03630000000000022,江苏,港口,20070426,
601008.SH,连云港,20090114,3.2235,3.3033,3.3396,3.1944,3.2235,2.4756,25024.59,11292.433,0.0798000000000001,江苏,港口,20070426,
601008.SH,连云港,20090113,3.209,3.2235,3.2307,3.1799,3.2307,-0.2229,18823.75,8290.78,-0.007200000000000095,江苏,港口,20070426,
601008.SH,连云港,20090112,3.1436,3.2307,3.2525,3.1436,3.1436,2.7707,23249.52,10286.543,0.08709999999999996,江苏,港口,20070426,
601008.SH,连云港,20090109,3.0928,3.1436,3.1581,3.0638,3.071,2.3641,11129.97,4791.21,0.0726,江苏,港口,20070426,
601008.SH,连云港,20090108,3.1581,3.071,3.1727,3.0492,3.1944,-3.863,12383.59,5309.109,-0.12339999999999973,江苏,港口,20070426,
601008.SH,连云港,20090107,3.1799,3.1944,3.2235,3.1581,3.1799,0.456,20354.38,8942.212,0.014499999999999957,江苏,港口,20070426,
601008.SH,连云港,20090106,3.1073,3.1799,3.1944,3.1001,3.1073,2.3364,17178.07,7483.215,0.0726,江苏,港口,20070426,
601008.SH,连云港,20090105,3.0347,3.1073,3.1146,3.0347,3.0129,3.1332,8334.44,3540.282,0.09439999999999982,江苏,港口,20070426,
601008.SH,连云港,20081231,3.0855,3.0129,3.0855,3.0057,3.0638,-1.6613,6941.9,2902.174,-0.050899999999999945,江苏,港口,20070426,
601008.SH,连云港,20081230,3.1146,3.0638,3.1218,3.0492,3.1073,-1.3999,9947.99,4219.23,-0.04349999999999987,江苏,港口,20070426,
601008.SH,连云港,20081229,3.0928,3.1073,3.1218,3.0057,3.1001,0.2323,12623.45,5317.258,0.007200000000000095,江苏,港口,20070426,
601008.SH,连云港,20081226,3.1364,3.1001,3.1872,3.0783,3.1436,-1.3838,14795.81,6386.328,-0.043500000000000316,江苏,港口,20070426,
601008.SH,连云港,20081225,3.1291,3.1436,3.1872,3.0855,3.1509,-0.2317,13154.24,5668.506,-0.007299999999999862,江苏,港口,20070426,
601008.SH,连云港,20081224,3.2017,3.1509,3.2235,3.071,3.2017,-1.5867,21886.24,9476.966,-0.05080000000000018,江苏,港口,20070426,
601008.SH,连云港,20081223,3.4558,3.2017,3.4994,3.1509,3.4921,-8.3159,49712.37,22858.27,-0.2904,江苏,港口,20070426,
601008.SH,连云港,20081222,3.3832,3.4921,3.5938,3.3614,3.3832,3.2188,71007.57,34015.093,0.10890000000000022,江苏,港口,20070426,
601008.SH,连云港,20081219,3.4268,3.3832,3.4268,3.3614,3.4195,-1.0616,31021.6,14502.106,-0.03630000000000022,江苏,港口,20070426,
601008.SH,连云港,20081218,3.3033,3.4195,3.4486,3.2743,3.2743,4.4345,42126.03,19596.616,0.1452,江苏,港口,20070426,
601008.SH,连云港,20081217,3.2743,3.2743,3.3396,3.2525,3.2743,0.0,25754.55,11711.056,0.0,江苏,港口,20070426,
601008.SH,连云港,20081216,3.2307,3.2743,3.2816,3.1073,3.2453,0.8936,18534.61,8188.068,0.02900000000000036,江苏,港口,20070426,
601008.SH,连云港,20081215,3.2453,3.2453,3.2598,3.1654,3.2017,1.3618,24215.19,10717.833,0.04359999999999964,江苏,港口,20070426,
601008.SH,连云港,20081212,3.267,3.2017,3.3687,3.1581,3.3033,-3.0757,28347.32,12744.736,-0.10159999999999991,江苏,港口,20070426,
601008.SH,连云港,20081211,3.3977,3.3033,3.4486,3.2816,3.4195,-3.3982,36327.35,16919.502,-0.11620000000000008,江苏,港口,20070426,
601008.SH,连云港,20081210,3.3251,3.4195,3.4268,3.2816,3.3324,2.6137,33690.6,15578.826,0.0871000000000004,江苏,港口,20070426,
601008.SH,连云港,20081209,3.4921,3.3324,3.5066,3.3251,3.4703,-3.9737,30305.52,14152.802,-0.13790000000000013,江苏,港口,20070426,
601008.SH,连云港,20081208,3.3687,3.4703,3.4776,3.3614,3.3469,3.687,44923.93,21227.417,0.12339999999999973,江苏,港口,20070426,
601008.SH,连云港,20081205,3.267,3.3469,3.3542,3.2453,3.2961,1.5412,24717.04,11251.289,0.05080000000000018,江苏,港口,20070426,
601008.SH,连云港,20081204,3.3106,3.2961,3.3905,3.2743,3.3033,-0.218,48889.13,22465.925,-0.007200000000000095,江苏,港口,20070426,
601008.SH,连云港,20081203,3.1581,3.3033,3.3251,3.1581,3.1727,4.1164,36734.84,16502.099,0.13060000000000027,江苏,港口,20070426,
601008.SH,连云港,20081202,3.0638,3.1727,3.1799,3.0565,3.1218,1.6305,18788.06,8097.718,0.050899999999999945,江苏,港口,20070426,
601008.SH,连云港,20081201,3.0347,3.1218,3.1218,2.9839,3.042,2.6233,16441.08,6941.777,0.0798000000000001,江苏,港口,20070426,
601008.SH,连云港,20081128,3.0565,3.042,3.1509,3.0202,3.1146,-2.331,9057.85,3810.699,-0.0726,江苏,港口,20070426,
601008.SH,连云港,20081127,3.2743,3.1146,3.3106,3.1073,3.1001,0.4677,26588.36,11721.073,0.014499999999999957,江苏,港口,20070426,
601008.SH,连云港,20081126,3.0492,3.1001,3.1218,3.0129,3.0565,1.4265,10427.93,4432.102,0.04359999999999964,江苏,港口,20070426,
601008.SH,连云港,20081125,3.071,3.0565,3.1146,3.0129,3.0347,0.7184,9451.45,3978.962,0.021800000000000264,江苏,港口,20070426,
601008.SH,连云港,20081124,3.1218,3.0347,3.1654,3.0347,3.1364,-3.2426,12018.51,5124.969,-0.10170000000000012,江苏,港口,20070426,
601008.SH,连云港,20081121,3.1436,3.1364,3.2162,2.9984,3.2307,-2.9189,21039.18,8992.974,-0.09430000000000005,江苏,港口,20070426,
601008.SH,连云港,20081120,3.1291,3.2307,3.2743,3.1001,3.1872,1.3648,28216.97,12378.509,0.043500000000000316,江苏,港口,20070426,
601008.SH,连云港,20081119,2.9912,3.1872,3.2017,2.9766,2.9839,6.8132,21932.98,9344.381,0.2032999999999996,江苏,港口,20070426,
601008.SH,连云港,20081118,3.2235,2.9839,3.3324,2.9766,3.3033,-9.6691,30531.31,13260.095,-0.3193999999999999,江苏,港口,20070426,
601008.SH,连云港,20081117,3.1944,3.3033,3.3251,3.1436,3.209,2.9386,29403.47,13110.988,0.09430000000000005,江苏,港口,20070426,
601008.SH,连云港,20081114,3.1436,3.209,3.2162,3.0783,3.1146,3.0309,27407.98,11875.597,0.09440000000000026,江苏,港口,20070426,
601008.SH,连云港,20081113,3.0129,3.1146,3.1581,2.9766,3.0275,2.877,26527.78,11259.351,0.08709999999999996,江苏,港口,20070426,
601008.SH,连云港,20081112,2.9549,3.0275,3.0347,2.9476,2.9839,1.4612,11453.47,4725.001,0.04359999999999964,江苏,港口,20070426,
601008.SH,连云港,20081111,2.9984,2.9839,3.0275,2.9621,3.0275,-1.4401,11792.81,4859.688,-0.04359999999999964,江苏,港口,20070426,
601008.SH,连云港,20081110,2.8677,3.0275,3.0347,2.8605,2.8532,6.1089,19391.28,7951.938,0.17429999999999968,江苏,港口,20070426,
601008.SH,连云港,20081107,2.7951,2.8532,2.875,2.7443,2.7951,2.0786,7875.82,3084.001,0.05810000000000004,江苏,港口,20070426,
601008.SH,连云港,20081106,2.7879,2.7951,2.8024,2.7371,2.8314,-1.2821,3606.19,1377.601,-0.03629999999999978,江苏,港口,20070426,
601008.SH,连云港,20081105,2.7588,2.8314,2.846,2.7371,2.7298,3.7219,6625.69,2568.282,0.10159999999999991,江苏,港口,20070426,
601008.SH,连云港,20081104,2.7516,2.7298,2.7879,2.6935,2.7443,-0.5284,3985.99,1499.094,-0.014499999999999957,江苏,港口,20070426,
601008.SH,连云港,20081103,2.7734,2.7443,2.8242,2.7298,2.8024,-2.0732,4772.69,1823.333,-0.05810000000000004,江苏,港口,20070426,
601008.SH,连云港,20081031,2.8314,2.8024,2.8532,2.7734,2.8314,-1.0242,4117.2,1594.911,-0.028999999999999915,江苏,港口,20070426,
601008.SH,连云港,20081030,2.7951,2.8314,2.875,2.7879,2.7806,1.8269,4422.37,1725.679,0.050799999999999734,江苏,港口,20070426,
601008.SH,连云港,20081029,2.9113,2.7806,2.9113,2.7734,2.8677,-3.0373,7367.39,2892.731,-0.08709999999999996,江苏,港口,20070426,
601008.SH,连云港,20081028,2.7443,2.8677,2.8895,2.7371,2.7806,3.1324,5765.41,2242.35,0.08709999999999996,江苏,港口,20070426,
601008.SH,连云港,20081027,2.9403,2.7806,2.9694,2.7661,2.9766,-6.5847,9695.9,3846.38,-0.19599999999999973,江苏,港口,20070426,
601008.SH,连云港,20081024,3.0347,2.9766,3.0492,2.9549,3.0057,-0.9682,5755.0,2386.52,-0.029100000000000126,江苏,港口,20070426,
601008.SH,连云港,20081023,2.9258,3.0057,3.0129,2.904,2.9476,1.9711,5873.51,2404.011,0.05810000000000004,江苏,港口,20070426,
601008.SH,连云港,20081022,2.9766,2.9476,3.0202,2.9331,3.0129,-2.1673,4962.43,2026.655,-0.06530000000000014,江苏,港口,20070426,
601008.SH,连云港,20081021,3.0492,3.0129,3.0783,2.9984,3.0347,-0.7184,6776.85,2831.604,-0.02179999999999982,江苏,港口,20070426,
601008.SH,连云港,20081020,2.9694,3.0347,3.0565,2.8895,2.9766,1.9519,8725.61,3565.83,0.05810000000000004,江苏,港口,20070426,
601008.SH,连云港,20081017,2.9331,2.9766,3.0347,2.9331,2.9258,1.7363,4174.7,1713.91,0.050799999999999734,江苏,港口,20070426,
601008.SH,连云港,20081016,3.071,2.9258,3.071,2.904,3.1291,-6.4971,8771.31,3603.778,-0.20330000000000004,江苏,港口,20070426,
601008.SH,连云港,20081015,3.1146,3.1291,3.1581,3.0783,3.0855,1.4131,4446.24,1903.074,0.04360000000000008,江苏,港口,20070426,
601008.SH,连云港,20081014,3.3396,3.0855,3.3832,3.0855,3.2453,-4.924,8610.98,3848.219,-0.15979999999999972,江苏,港口,20070426,
601008.SH,连云港,20081013,3.0565,3.2453,3.267,3.0565,3.2162,0.9048,8285.31,3594.985,0.02909999999999968,江苏,港口,20070426,
601008.SH,连云港,20081010,3.3687,3.2162,3.3687,3.1944,3.4268,-6.1457,10654.88,4803.95,-0.2105999999999999,江苏,港口,20070426,
601008.SH,连云港,20081009,3.5429,3.4268,3.5429,3.4195,3.4558,-0.8392,5161.29,2476.431,-0.028999999999999915,江苏,港口,20070426,
601008.SH,连云港,20081008,3.4849,3.4558,3.4921,3.4195,3.5429,-2.4584,7540.18,3585.978,-0.08709999999999996,江苏,港口,20070426,
601008.SH,连云港,20081007,3.5139,3.5429,3.5792,3.4268,3.5647,-0.6116,6670.69,3212.51,-0.021800000000000264,江苏,港口,20070426,
601008.SH,连云港,20081006,3.5938,3.5647,3.6301,3.5575,3.7172,-4.1026,6955.0,3438.667,-0.15249999999999986,江苏,港口,20070426,
601008.SH,连云港,20080926,3.7753,3.7172,3.8188,3.6155,3.7753,-1.539,10956.84,5610.85,-0.05810000000000004,江苏,港口,20070426,
601008.SH,连云港,20080925,3.7027,3.7753,3.8624,3.6881,3.6881,2.3644,17495.91,9098.877,0.08720000000000017,江苏,港口,20070426,
601008.SH,连云港,20080924,3.601,3.6881,3.6954,3.5212,3.6083,2.2116,7753.22,3884.887,0.0798000000000001,江苏,港口,20070426,
601008.SH,连云港,20080923,3.7027,3.6083,3.7753,3.601,3.8624,-6.5788,15210.06,7707.013,-0.2541000000000002,江苏,港口,20070426,
601008.SH,连云港,20080922,3.9495,3.8624,4.1092,3.7462,3.7607,2.7043,40701.17,21968.145,0.10170000000000012,江苏,港口,20070426,
601008.SH,连云港,20080919,3.739,3.7607,3.7607,3.6446,3.4195,9.9781,17874.81,9205.643,0.3411999999999997,江苏,港口,20070426,
601008.SH,连云港,20080918,3.4558,3.4195,3.5357,3.2235,3.5284,-3.0864,14141.08,6552.471,-0.10889999999999977,江苏,港口,20070426,
601008.SH,连云港,20080917,3.5357,3.5284,3.5865,3.4921,3.5357,-0.2065,7016.31,3418.657,-0.007299999999999862,江苏,港口,20070426,
601008.SH,连云港,20080916,3.6155,3.5357,3.6228,3.5212,3.6155,-2.2072,8282.49,4082.721,-0.0798000000000001,江苏,港口,20070426,
601008.SH,连云港,20080912,3.5938,3.6155,3.6736,3.5792,3.5792,1.0142,5241.0,2616.5,0.03629999999999978,江苏,港口,20070426,
601008.SH,连云港,20080911,3.6809,3.5792,3.6809,3.5575,3.6591,-2.1836,6008.27,2981.396,-0.07989999999999986,江苏,港口,20070426,
601008.SH,连云港,20080910,3.6155,3.6591,3.7027,3.5575,3.6228,1.002,8089.19,4071.3,0.03630000000000022,江苏,港口,20070426,
601008.SH,连云港,20080909,3.572,3.6228,3.6301,3.4921,3.5212,2.8854,7509.89,3696.378,0.10159999999999991,江苏,港口,20070426,
601008.SH,连云港,20080908,3.6373,3.5212,3.7027,3.5139,3.6446,-3.3858,11489.97,5638.242,-0.12340000000000018,江苏,港口,20070426,
601008.SH,连云港,20080905,3.8333,3.6446,3.8696,3.6155,3.9205,-7.0374,23314.78,11932.033,-0.27590000000000003,江苏,港口,20070426,
601008.SH,连云港,20080904,3.8479,3.9205,3.9422,3.797,3.8987,0.5592,17054.4,9072.963,0.021800000000000264,江苏,港口,20070426,
601008.SH,连云港,20080903,3.9205,3.8987,3.9931,3.7825,3.9713,-1.8281,40230.52,21610.401,-0.0726,江苏,港口,20070426,
601008.SH,连云港,20080902,3.935,3.9713,4.3125,3.9132,3.9205,1.2958,62594.22,35155.045,0.050799999999999734,江苏,港口,20070426,
601008.SH,连云港,20080901,3.8842,3.9205,3.9785,3.8406,3.8479,1.8867,44887.73,24214.746,0.0726,江苏,港口,20070426,
601008.SH,连云港,20080829,3.6809,3.8479,3.9205,3.6664,3.6809,4.5369,18557.42,9796.394,0.16700000000000026,江苏,港口,20070426,
601008.SH,连云港,20080828,3.5865,3.6809,3.7535,3.4994,3.5429,3.8951,9300.52,4686.101,0.1379999999999999,江苏,港口,20070426,
601008.SH,连云港,20080827,3.6446,3.5429,3.6518,3.4849,3.5865,-1.2157,6160.63,3013.53,-0.04360000000000008,江苏,港口,20070426,
601008.SH,连云港,20080826,3.739,3.5865,3.797,3.5502,3.7898,-5.3644,8005.8,4013.248,-0.20330000000000004,江苏,港口,20070426,
601008.SH,连云港,20080825,3.8116,3.7898,3.8479,3.7099,3.7607,0.7738,6651.99,3478.72,0.029100000000000126,江苏,港口,20070426,
601008.SH,连云港,20080822,3.7607,3.7607,3.8188,3.6881,3.7825,-0.5763,5189.41,2685.66,-0.021800000000000264,江苏,港口,20070426,
601008.SH,连云港,20080821,3.9277,3.7825,3.935,3.7607,3.9568,-4.4051,10980.2,5818.876,-0.17429999999999968,江苏,港口,20070426,
601008.SH,连云港,20080820,3.6228,3.9568,3.9931,3.572,3.6736,7.7091,14968.81,7953.792,0.2831999999999999,江苏,港口,20070426,
601008.SH,连云港,20080819,3.5139,3.6736,3.6881,3.4994,3.5647,3.055,5390.13,2682.253,0.10889999999999977,江苏,港口,20070426,
601008.SH,连云港,20080818,3.7825,3.5647,3.8116,3.5575,3.7898,-5.9396,7045.39,3558.628,-0.22509999999999986,江苏,港口,20070426,
601008.SH,连云港,20080815,3.7753,3.7898,3.8333,3.7027,3.797,-0.1896,4949.82,2585.672,-0.007200000000000095,江苏,港口,20070426,
601008.SH,连云港,20080814,3.8116,3.797,3.8261,3.7172,3.7753,0.5748,4122.88,2146.674,0.021700000000000053,江苏,港口,20070426,
601008.SH,连云港,20080813,3.8116,3.7753,3.8116,3.6228,3.8116,-0.9524,7714.25,3933.495,-0.03629999999999978,江苏,港口,20070426,
601008.SH,连云港,20080812,3.8624,3.8116,3.8769,3.739,3.8261,-0.379,6895.57,3633.708,-0.014499999999999957,江苏,港口,20070426,
601008.SH,连云港,20080811,4.2689,3.8261,4.2689,3.7753,4.1818,-8.5059,12773.17,6976.239,-0.3557000000000001,江苏,港口,20070426,
601008.SH,连云港,20080808,4.5593,4.1818,4.5593,4.1528,4.5376,-7.8411,10665.8,6371.313,-0.35580000000000034,江苏,港口,20070426,
601008.SH,连云港,20080807,4.4359,4.5376,4.5593,4.4359,4.3996,3.1366,10757.67,6669.696,0.1379999999999999,江苏,港口,20070426,
601008.SH,连云港,20080806,4.4214,4.3996,4.4504,4.3415,4.3633,0.8319,7961.45,4817.841,0.036300000000000665,江苏,港口,20070426,
601008.SH,连云港,20080805,4.465,4.3633,4.5376,4.3415,4.465,-2.2777,7868.4,4795.268,-0.10170000000000012,江苏,港口,20070426,
601008.SH,连云港,20080804,4.5884,4.465,4.6029,4.4504,4.5884,-2.6894,4918.6,3067.631,-0.12340000000000018,江苏,港口,20070426,
601008.SH,连云港,20080801,4.5013,4.5884,4.5956,4.4722,4.5303,1.2825,7032.96,4394.141,0.058099999999999596,江苏,港口,20070426,
601008.SH,连云港,20080731,4.6973,4.5303,4.7191,4.523,4.6973,-3.5552,8390.51,5303.357,-0.16699999999999982,江苏,港口,20070426,
601008.SH,连云港,20080730,4.7263,4.6973,4.7917,4.6319,4.6537,0.9369,7578.96,4896.177,0.04360000000000053,江苏,港口,20070426,
601008.SH,连云港,20080729,4.7917,4.6537,4.7917,4.6174,4.8352,-3.7537,10581.73,6824.793,-0.18150000000000066,江苏,港口,20070426,
601008.SH,连云港,20080728,4.8135,4.8352,4.8425,4.7263,4.7554,1.6781,13584.84,8971.245,0.07980000000000054,江苏,港口,20070426,
601008.SH,连云港,20080725,4.7046,4.7554,4.828,4.6465,4.7046,1.0798,19674.77,12909.646,0.050799999999999734,江苏,港口,20070426,
601008.SH,连云港,20080724,4.6174,4.7046,4.7046,4.5811,4.5811,2.6959,12864.55,8267.603,0.12349999999999994,江苏,港口,20070426,
601008.SH,连云港,20080723,4.6755,4.5811,4.7118,4.5739,4.6319,-1.0967,10071.65,6445.483,-0.050799999999999734,江苏,港口,20070426,
601008.SH,连云港,20080722,4.6247,4.6319,4.6973,4.5739,4.6319,0.0,10210.92,6527.074,0.0,江苏,港口,20070426,
601008.SH,连云港,20080721,4.465,4.6319,4.6392,4.4287,4.494,3.0685,12588.79,7945.747,0.13790000000000013,江苏,港口,20070426,
601008.SH,连云港,20080718,4.3561,4.494,4.5376,4.2835,4.3343,3.6846,12669.78,7730.696,0.15969999999999995,江苏,港口,20070426,
601008.SH,连云港,20080717,4.465,4.3343,4.5521,4.2835,4.4141,-1.8078,8603.5,5238.361,-0.07980000000000054,江苏,港口,20070426,
601008.SH,连云港,20080716,4.7191,4.4141,4.7481,4.3561,4.7263,-6.6056,14196.32,8819.859,-0.3121999999999998,江苏,港口,20070426,
601008.SH,连云港,20080715,4.8643,4.7263,4.8933,4.6828,4.8643,-2.837,15096.19,9913.353,-0.1379999999999999,江苏,港口,20070426,
601008.SH,连云港,20080714,4.7772,4.8643,4.8715,4.6973,4.7844,1.67,10991.89,7283.544,0.0799000000000003,江苏,港口,20070426,
601008.SH,连云港,20080711,4.7917,4.7844,4.8788,4.6537,4.857,-1.4947,15636.95,10263.853,-0.07260000000000044,江苏,港口,20070426,
601008.SH,连云港,20080710,4.8643,4.857,4.995,4.7772,4.9078,-1.0351,28934.14,19442.723,-0.050799999999999734,江苏,港口,20070426,
601008.SH,连云港,20080709,4.8352,4.9078,4.9224,4.7191,4.7917,2.4229,25456.8,17012.741,0.11610000000000031,江苏,港口,20070426,
601008.SH,连云港,20080708,4.7409,4.7917,4.828,4.6465,4.7336,1.2274,19825.33,12918.204,0.058099999999999596,江苏,港口,20070426,
601008.SH,连云港,20080707,4.5448,4.7336,4.7772,4.5448,4.5376,4.3195,21012.24,13592.221,0.19599999999999973,江苏,港口,20070426,
601008.SH,连云港,20080704,4.5158,4.5376,4.6319,4.4867,4.5739,-0.7936,11191.85,7022.751,-0.03629999999999978,江苏,港口,20070426,
601008.SH,连云港,20080703,4.4141,4.5739,4.7191,4.2907,4.4287,3.2786,18669.03,11605.572,0.1452,江苏,港口,20070426,
601008.SH,连云港,20080702,4.4432,4.4287,4.494,4.3924,4.3996,0.6614,9551.6,5842.253,0.02909999999999968,江苏,港口,20070426,
601008.SH,连云港,20080701,4.4214,4.3996,4.5376,4.3198,4.4141,-0.3285,9106.11,5516.421,-0.014499999999999957,江苏,港口,20070426,
601008.SH,连云港,20080630,4.3561,4.4141,4.4504,4.2907,4.3633,1.1643,9838.69,5926.729,0.05080000000000062,江苏,港口,20070426,
601008.SH,连云港,20080627,4.5811,4.3633,4.6392,4.3125,4.7844,-8.8015,23491.34,14453.135,-0.42110000000000003,江苏,港口,20070426,
601008.SH,连云港,20080626,4.7699,4.7844,5.0603,4.5739,4.7989,-0.3022,47440.31,30906.746,-0.014499999999999957,江苏,港口,20070426,
601008.SH,连云港,20080625,4.4504,4.7989,4.8498,4.4432,4.4432,8.0055,47411.88,30567.635,0.3556999999999997,江苏,港口,20070426,
601008.SH,连云港,20080624,4.3125,4.4432,4.4432,4.1891,4.2399,4.7949,14400.21,8653.189,0.20330000000000048,江苏,港口,20070426,
601008.SH,连云港,20080623,4.2762,4.2399,4.327,4.1818,4.2399,0.0,6909.37,4062.265,0.0,江苏,港口,20070426,
601008.SH,连云港,20080620,4.1963,4.2399,4.3488,4.0076,4.0874,3.731,11760.43,6865.572,0.15249999999999986,江苏,港口,20070426,
601008.SH,连云港,20080619,4.3851,4.0874,4.4504,4.0802,4.3851,-6.7889,19898.93,11823.346,-0.29770000000000074,江苏,港口,20070426,
601008.SH,连云港,20080618,4.2109,4.3851,4.4069,4.0657,4.1455,5.7798,13690.76,8060.691,0.23960000000000026,江苏,港口,20070426,
601008.SH,连云港,20080617,4.4214,4.1455,4.4432,4.0657,4.3778,-5.3063,9802.51,5777.68,-0.2322999999999995,江苏,港口,20070426,
601008.SH,连云港,20080616,4.3924,4.3778,4.523,4.3343,4.3996,-0.4955,10636.36,6414.42,-0.021800000000000708,江苏,港口,20070426,
601008.SH,连云港,20080613,4.5376,4.3996,4.6319,4.3851,4.5158,-2.5732,7305.12,4489.677,-0.11619999999999919,江苏,港口,20070426,
601008.SH,连云港,20080612,4.6102,4.5158,4.661,4.3415,4.5884,-1.5823,11578.32,7212.156,-0.07260000000000044,江苏,港口,20070426,
601008.SH,连云港,20080611,4.5811,4.5884,4.7046,4.5739,4.6247,-0.7849,11687.26,7464.137,-0.03629999999999978,江苏,港口,20070426,
601008.SH,连云港,20080610,4.9369,4.6247,5.0095,4.6174,5.1329,-9.9008,15331.02,10009.938,-0.5082000000000004,江苏,港口,20070426,
601008.SH,连云港,20080606,5.1547,5.1329,5.191,5.0821,5.1402,-0.142,6629.67,4683.799,-0.007299999999999862,江苏,港口,20070426,
601008.SH,连云港,20080605,5.1547,5.1402,5.2273,5.0022,5.1619,-0.4204,11248.04,7913.388,-0.021700000000000053,江苏,港口,20070426,
601008.SH,连云港,20080604,5.3217,5.1619,5.3217,5.0458,5.2926,-2.4695,11119.5,7890.519,-0.13070000000000004,江苏,港口,20070426,
601008.SH,连云港,20080603,5.3652,5.2926,5.387,5.2708,5.358,-1.2206,7599.58,5554.369,-0.06539999999999946,江苏,港口,20070426,
601008.SH,连云港,20080602,5.2854,5.358,5.3652,5.2636,5.3217,0.6821,8522.7,6239.111,0.03629999999999978,江苏,港口,20070426,
601008.SH,连云港,20080530,5.3362,5.3217,5.358,5.2491,5.3362,-0.2717,8442.7,6159.382,-0.014499999999999957,江苏,港口,20070426,
601008.SH,连云港,20080529,5.358,5.3362,5.4233,5.3071,5.3725,-0.6757,12514.13,9265.69,-0.03629999999999978,江苏,港口,20070426,
601008.SH,连云港,20080528,5.3144,5.3725,5.387,5.191,5.2854,1.6479,13890.92,10127.236,0.08709999999999951,江苏,港口,20070426,
601008.SH,连云港,20080527,5.2055,5.2854,5.3144,5.1547,5.2273,1.1115,7441.7,5380.306,0.058100000000000485,江苏,港口,20070426,
601008.SH,连云港,20080526,5.2926,5.2273,5.2926,5.1547,5.3144,-1.6389,13137.34,9417.959,-0.0871000000000004,江苏,港口,20070426,
601008.SH,连云港,20080523,5.3362,5.3144,5.3725,5.1692,5.3289,-0.2721,10596.58,7729.17,-0.014499999999999957,江苏,港口,20070426,
601008.SH,连云港,20080522,5.358,5.3289,5.4523,5.2926,5.4015,-1.3441,12112.62,8968.467,-0.07260000000000044,江苏,港口,20070426,
601008.SH,连云港,20080521,5.2636,5.4015,5.4233,5.1039,5.3362,1.2237,17790.97,12790.93,0.06530000000000058,江苏,港口,20070426,
601008.SH,连云港,20080520,5.6992,5.3362,5.7427,5.2999,5.6992,-6.3693,17954.51,13748.104,-0.36300000000000043,江苏,港口,20070426,
601008.SH,连云港,20080519,5.7355,5.6992,5.7645,5.5758,5.8008,-1.7515,12568.46,9796.521,-0.10159999999999947,江苏,港口,20070426,
601008.SH,连云港,20080516,5.8299,5.8008,5.8952,5.721,5.8153,-0.2493,13826.4,11054.089,-0.014499999999999957,江苏,港口,20070426,
601008.SH,连云港,20080515,5.7936,5.8153,5.9315,5.7718,5.8081,0.124,24300.44,19612.9,0.007200000000000095,江苏,港口,20070426,
601008.SH,连云港,20080514,5.5975,5.8081,5.8226,5.5975,5.6048,3.6272,20082.8,15908.245,0.2032999999999996,江苏,港口,20070426,
601008.SH,连云港,20080513,5.6121,5.6048,5.6992,5.4814,5.75,-2.5252,21045.16,16263.476,-0.1452,江苏,港口,20070426,
601008.SH,连云港,20080512,5.6629,5.75,5.8081,5.5975,5.8008,-0.8757,21362.26,16808.493,-0.050799999999999734,江苏,港口,20070426,
601008.SH,连云港,20080509,6.1566,5.8008,6.1566,5.7355,5.8662,-1.1149,18895.07,15344.621,-0.06540000000000035,江苏,港口,20070426,
601008.SH,连云港,20080508,5.6729,5.866,5.8841,5.5824,5.6669,3.5134,25205.41,24130.299,0.1990999999999996,江苏,港口,20070426,
601008.SH,连云港,20080507,5.7815,5.6669,5.8238,5.6608,5.7876,-2.0855,24748.73,23549.493,-0.12070000000000025,江苏,港口,20070426,
601008.SH,连云港,20080506,5.866,5.7876,5.8902,5.7272,5.866,-1.3365,22290.09,21415.633,-0.07839999999999936,江苏,港口,20070426,
601008.SH,连云港,20080505,5.7272,5.866,5.9143,5.6367,5.6367,4.068,29672.25,28391.607,0.2292999999999994,江苏,港口,20070426,
601008.SH,连云港,20080430,5.4617,5.6367,5.6608,5.4496,5.4798,2.8632,26523.87,24605.24,0.15690000000000026,江苏,港口,20070426,
601008.SH,连云港,20080429,5.3229,5.4798,5.5401,5.2686,5.3712,2.0219,17657.12,15904.459,0.10860000000000003,江苏,港口,20070426,
601008.SH,连云港,20080428,5.2686,5.3712,5.4798,5.2082,5.3832,-0.2229,22377.72,19886.169,-0.012000000000000455,江苏,港口,20070426,
601008.SH,连云港,20080425,5.2384,5.3832,5.5341,5.1901,5.178,3.9629,58801.23,52474.953,0.2052000000000005,江苏,港口,20070426,
601008.SH,连云港,20080424,5.178,5.178,5.178,5.0996,4.7073,9.9994,34903.71,29931.278,0.4706999999999999,江苏,港口,20070426,
601008.SH,连云港,20080422,4.828,4.7073,4.828,4.4659,4.9427,-4.7626,19888.45,15273.53,-0.23540000000000028,江苏,港口,20070426,
601008.SH,连云港,20080421,5.2142,4.9427,5.4194,4.8884,4.9427,0.0,14590.47,12352.5,0.0,江苏,港口,20070426,
601008.SH,连云港,20080418,5.2384,4.9427,5.2806,4.9246,5.2505,-5.8623,11854.03,9966.583,-0.3077999999999994,江苏,港口,20070426,
601008.SH,连云港,20080417,5.522,5.2505,5.5703,5.1961,5.4919,-4.3956,8772.0,7831.172,-0.2414000000000005,江苏,港口,20070426,
601008.SH,连云港,20080416,5.5643,5.4919,5.5944,5.4617,5.5703,-1.4075,7036.91,6450.086,-0.07839999999999936,江苏,港口,20070426,
601008.SH,连云港,20080415,5.3772,5.5703,5.5763,5.3108,5.3772,3.5911,7647.14,6891.672,0.19309999999999938,江苏,港口,20070426,
601008.SH,连云港,20080414,5.5522,5.3772,5.6729,5.3712,5.685,-5.4142,13873.54,12592.089,-0.3077999999999994,江苏,港口,20070426,
601008.SH,连云港,20080411,5.6608,5.685,5.8238,5.6427,5.6427,0.7496,12707.2,12035.466,0.042300000000000004,江苏,港口,20070426,
601008.SH,连云港,20080410,5.4556,5.6427,5.6427,5.4315,5.5401,1.852,13245.61,12127.556,0.1025999999999998,江苏,港口,20070426,
601008.SH,连云港,20080409,5.8419,5.5401,5.8721,5.5039,5.854,-5.3621,14061.49,13343.842,-0.3139000000000003,江苏,港口,20070426,
601008.SH,连云港,20080408,5.7936,5.854,5.9505,5.7333,5.854,0.0,23195.16,22464.959,0.0,江苏,港口,20070426,
601008.SH,连云港,20080407,5.5039,5.854,5.8841,5.4496,5.5582,5.3219,17099.81,16206.007,0.29579999999999984,江苏,港口,20070426,
601008.SH,连云港,20080403,5.3712,5.5582,5.6246,5.3108,5.4013,2.9049,14180.56,12844.677,0.15690000000000026,江苏,港口,20070426,
601008.SH,连云港,20080402,5.4556,5.4013,5.5824,5.3168,5.4315,-0.556,19881.72,17928.238,-0.030199999999999783,江苏,港口,20070426,
601008.SH,连云港,20080401,6.041,5.4315,6.0833,5.4194,6.0229,-9.8192,26440.99,25006.847,-0.5914000000000001,江苏,港口,20070426,
601008.SH,连云港,20080331,6.1859,6.0229,6.1859,5.9747,6.3307,-4.862,14275.49,14380.901,-0.3078000000000003,江苏,港口,20070426,
601008.SH,连云港,20080328,6.1014,6.3307,6.3669,5.9143,6.2161,1.8436,15512.2,15903.83,0.11460000000000026,江苏,港口,20070426,
601008.SH,连云港,20080327,6.4273,6.2161,6.56,6.1678,6.6144,-6.0217,12851.28,13509.392,-0.3982999999999999,江苏,港口,20070426,
601008.SH,连云港,20080326,6.6868,6.6144,6.7592,6.5782,6.6807,-0.9924,14850.98,16430.009,-0.06630000000000003,江苏,港口,20070426,
601008.SH,连云港,20080325,6.5057,6.6807,6.6989,6.3669,6.5359,2.2155,16669.81,18188.114,0.14480000000000004,江苏,港口,20070426,
601008.SH,连云港,20080324,6.8739,6.5359,6.8799,6.5238,6.7532,-3.2177,13119.7,14580.973,-0.21729999999999983,江苏,港口,20070426,
601008.SH,连云港,20080321,6.7411,6.7532,6.8799,6.6264,6.7471,0.0904,15948.91,17894.274,0.006099999999999994,江苏,港口,20070426,
601008.SH,连云港,20080320,6.5721,6.7471,6.8497,6.041,6.6204,1.9138,20518.62,22314.494,0.1266999999999996,江苏,港口,20070426,
601008.SH,连云港,20080319,6.5782,6.6204,6.7894,6.4454,6.4575,2.5226,14359.8,15735.64,0.1629000000000005,江苏,港口,20070426,
601008.SH,连云港,20080318,6.9403,6.4575,7.2299,6.2643,6.9403,-6.9565,21269.35,23535.65,-0.4828000000000001,江苏,港口,20070426,
601008.SH,连云港,20080317,7.5075,6.9403,7.5075,6.9342,7.4049,-6.2742,16844.8,20027.192,-0.4645999999999999,江苏,港口,20070426,
601008.SH,连云港,20080314,7.3506,7.4049,7.5075,7.3446,7.3989,0.0811,8108.22,9966.1,0.005999999999999339,江苏,港口,20070426,
601008.SH,连云港,20080313,7.4653,7.3989,7.6343,7.248,7.5015,-1.3677,13435.33,16529.068,-0.1025999999999998,江苏,港口,20070426,
601008.SH,连云港,20080312,7.8757,7.5015,7.8938,7.4834,7.761,-3.3436,10822.3,13757.712,-0.25950000000000006,江苏,港口,20070426,
601008.SH,连云港,20080311,7.6222,7.761,7.7852,7.5558,7.6222,1.821,8472.89,10768.45,0.1387999999999998,江苏,港口,20070426,
601008.SH,连云港,20080310,7.9059,7.6222,7.936,7.592,7.9481,-4.1004,18011.34,23084.326,-0.32589999999999986,江苏,港口,20070426,
601008.SH,连云港,20080307,8.0809,7.9481,8.1473,7.9421,8.111,-2.0084,12930.5,17200.87,-0.1629000000000005,江苏,港口,20070426,
601008.SH,连云港,20080306,7.9964,8.111,8.2378,7.93,8.0205,1.1284,21586.0,29034.12,0.09050000000000047,江苏,港口,20070426,
601008.SH,连云港,20080305,8.0869,8.0205,8.1955,7.8515,8.0929,-0.8946,17311.48,22910.53,-0.07240000000000002,江苏,港口,20070426,
601008.SH,连云港,20080304,8.2619,8.0929,8.2619,8.0809,8.2257,-1.6145,17665.9,23896.512,-0.13279999999999959,江苏,港口,20070426,
601008.SH,连云港,20080303,8.0567,8.2257,8.2498,7.936,8.0748,1.8688,20901.4,28347.437,0.15090000000000003,江苏,港口,20070426,
601008.SH,连云港,20080229,7.9602,8.0748,8.1955,7.9602,7.9602,1.4397,15774.88,21128.468,0.11459999999999937,江苏,港口,20070426,
601008.SH,连云港,20080228,8.0024,7.9602,8.0567,7.9179,8.0266,-0.8272,7603.56,10068.096,-0.06639999999999979,江苏,港口,20070426,
601008.SH,连云港,20080227,7.9059,8.0266,8.0748,7.8334,7.8877,1.761,15120.0,19968.035,0.13890000000000047,江苏,港口,20070426,
601008.SH,连云港,20080226,7.9662,7.8877,8.0266,7.6645,7.8153,0.9264,10278.91,13361.674,0.07240000000000002,江苏,港口,20070426,
601008.SH,连云港,20080225,7.9421,7.8153,8.0266,7.7852,7.924,-1.3718,20152.76,26155.331,-0.10870000000000068,江苏,港口,20070426,
601008.SH,连云港,20080222,8.0628,7.924,8.1412,7.8817,8.1473,-2.7408,25871.46,34045.553,-0.22329999999999917,江苏,港口,20070426,
601008.SH,连云港,20080221,8.1171,8.1473,8.2317,7.8515,8.111,0.4475,26919.31,36124.951,0.03629999999999889,江苏,港口,20070426,
601008.SH,连云港,20080220,8.3102,8.111,8.3283,8.0809,8.2861,-2.1132,23590.92,32110.997,-0.1750999999999987,江苏,港口,20070426,
601008.SH,连云港,20080219,8.4852,8.2861,8.4852,8.0507,8.2438,0.5131,41787.85,57231.69,0.042299999999999116,江苏,港口,20070426,
601008.SH,连云港,20080218,8.0628,8.2438,8.2861,7.9964,8.0266,2.706,31076.45,42269.279,0.21720000000000006,江苏,港口,20070426,
601008.SH,连云港,20080215,8.0628,8.0266,8.0628,7.8334,8.0326,-0.0747,14414.27,18963.024,-0.006000000000000227,江苏,港口,20070426,
601008.SH,连云港,20080214,7.8214,8.0326,8.0869,7.8033,7.8214,2.7003,19200.9,25344.263,0.21120000000000072,江苏,港口,20070426,
601008.SH,连云港,20080213,7.7188,7.8214,7.9179,7.6524,7.8274,-0.0767,9831.06,12700.874,-0.006000000000000227,江苏,港口,20070426,
601008.SH,连云港,20080205,7.9602,7.8274,7.9602,7.7127,7.9662,-1.7424,16118.28,20923.915,-0.1387999999999998,江苏,港口,20070426,
601008.SH,连云港,20080204,7.755,7.9662,8.0145,7.6705,7.5317,5.7689,26637.59,34812.633,0.4344999999999999,江苏,港口,20070426,
601008.SH,连云港,20080201,7.5679,7.5317,7.6403,7.3144,7.5498,-0.2397,30011.92,37373.558,-0.01810000000000045,江苏,港口,20070426,
601008.SH,连云港,20080131,7.4593,7.5498,7.6705,7.3024,7.4713,1.0507,16549.98,20730.622,0.07850000000000001,江苏,港口,20070426,
601008.SH,连云港,20080130,7.4834,7.4713,7.6282,7.3808,7.4593,0.1609,22766.5,28273.026,0.012000000000000455,江苏,港口,20070426,
601008.SH,连云港,20080129,7.248,7.4593,7.5015,7.248,7.2239,3.2586,13803.01,16863.069,0.2353999999999994,江苏,港口,20070426,
601008.SH,连云港,20080128,7.8334,7.2239,7.8455,7.1817,7.7731,-7.0654,35033.64,43408.335,-0.5491999999999999,江苏,港口,20070426,
601008.SH,连云港,20080125,7.7852,7.7731,7.9059,7.7007,7.7852,-0.1554,19342.28,25039.799,-0.012099999999999334,江苏,港口,20070426,
601008.SH,连云港,20080124,7.8214,7.7852,7.8998,7.58,7.755,0.3894,34558.41,44433.237,0.030199999999999783,江苏,港口,20070426,
601008.SH,连云港,20080123,7.5136,7.755,7.8153,7.4231,7.4653,3.8806,23766.66,30086.018,0.28969999999999985,江苏,港口,20070426,
601008.SH,连云港,20080122,8.0266,7.4653,8.0266,7.3265,8.1291,-8.1657,65194.72,84317.998,-0.6637999999999993,江苏,港口,20070426,
601008.SH,连云港,20080121,8.443,8.1291,8.4611,8.105,8.4007,-3.2331,33579.14,45944.124,-0.2716000000000012,江苏,港口,20070426,
601008.SH,连云港,20080118,8.4249,8.4007,8.4671,8.268,8.3705,0.3608,21149.61,29269.151,0.03020000000000067,江苏,港口,20070426,
601008.SH,连云港,20080117,8.4792,8.3705,8.5697,8.2076,8.4671,-1.1409,47188.92,65439.805,-0.09660000000000046,江苏,港口,20070426,
601008.SH,连云港,20080116,8.7508,8.4671,8.7508,8.443,8.8111,-3.9042,54196.97,76886.079,-0.3439999999999994,江苏,港口,20070426,
601008.SH,连云港,20080115,8.9922,8.8111,9.0284,8.7508,8.9559,-1.6168,35543.22,52021.494,-0.14480000000000004,江苏,港口,20070426,
601008.SH,连云港,20080114,8.6904,8.9559,8.974,8.6361,8.7447,2.4152,45553.02,66479.939,0.21119999999999983,江苏,港口,20070426,
601008.SH,连云港,20080111,8.8715,8.7447,8.8956,8.618,8.8654,-1.3615,39475.48,56925.272,-0.12069999999999936,江苏,港口,20070426,
601008.SH,连云港,20080110,8.9258,8.8654,9.0284,8.793,8.9137,-0.5419,50494.34,74546.186,-0.04830000000000112,江苏,港口,20070426,
601008.SH,连云港,20080109,8.5456,8.9137,8.9197,8.5275,8.5697,4.0141,47978.33,69594.371,0.3440000000000012,江苏,港口,20070426,
601008.SH,连云港,20080108,8.9197,8.5697,8.9258,8.4973,8.8352,-3.005,57342.73,82994.547,-0.2655000000000012,江苏,港口,20070426,
601008.SH,连云港,20080107,8.8111,8.8352,8.8956,8.6904,8.7025,1.5248,60192.48,87771.242,0.13269999999999982,江苏,港口,20070426,
601008.SH,连云港,20080104,8.6904,8.7025,8.799,8.618,8.6783,0.2789,54066.19,77990.077,0.024200000000000443,江苏,港口,20070426,
601008.SH,连云港,20080103,8.4973,8.6783,8.6904,8.443,8.4611,2.567,57842.77,82234.385,0.21720000000000006,江苏,港口,20070426,
601008.SH,连云港,20080102,8.4188,8.4611,8.5456,8.3042,8.3766,1.0088,40471.24,56632.447,0.08450000000000024,江苏,港口,20070426,
601008.SH,连云港,20071228,8.618,8.3766,8.6602,8.3705,8.5818,-2.3911,37912.48,53284.997,-0.2051999999999996,江苏,港口,20070426,
601008.SH,连云港,20071227,8.6301,8.5818,8.6361,8.5094,8.5999,-0.2105,46165.87,65553.74,-0.01810000000000045,江苏,港口,20070426,
601008.SH,连云港,20071226,8.449,8.5999,8.624,8.3766,8.4671,1.5684,59443.04,83809.596,0.13279999999999959,江苏,港口,20070426,
601008.SH,连云港,20071225,8.4188,8.4671,8.5938,8.4007,8.3524,1.3733,41891.01,58806.119,0.11470000000000091,江苏,港口,20070426,
601008.SH,连云港,20071224,8.4792,8.3524,8.5033,8.2981,8.3826,-0.3603,60333.96,83896.832,-0.03020000000000067,江苏,港口,20070426,
601008.SH,连云港,20071221,8.268,8.3826,8.4792,8.268,8.1955,2.283,46094.65,63834.671,0.18710000000000093,江苏,港口,20070426,
601008.SH,连云港,20071219,8.1231,8.1955,8.3645,8.1231,8.111,1.0418,46332.6,63356.111,0.08449999999999847,江苏,港口,20070426,
601008.SH,连云港,20071218,8.0266,8.111,8.2981,7.9964,8.0809,0.3725,24917.41,33683.609,0.030100000000000904,江苏,港口,20070426,
601008.SH,连云港,20071217,8.1774,8.0809,8.2257,7.9964,8.1473,-0.815,35958.23,48455.661,-0.06639999999999979,江苏,港口,20070426,
601008.SH,连云港,20071214,8.0266,8.1473,8.2076,7.8636,8.0869,0.7469,35148.91,46912.255,0.060399999999999565,江苏,港口,20070426,
601008.SH,连云港,20071213,8.268,8.0869,8.5094,8.0507,8.268,-2.1904,63731.02,87874.648,-0.1811000000000007,江苏,港口,20070426,
601008.SH,连云港,20071212,8.1473,8.268,8.3283,8.099,8.2136,0.6623,52504.06,71486.376,0.054400000000001114,江苏,港口,20070426,
601008.SH,连云港,20071211,8.2076,8.2136,8.3223,8.0447,8.2317,-0.2199,81461.87,110185.67,-0.01810000000000045,江苏,港口,20070426,
601008.SH,连云港,20071210,7.755,8.2317,8.3102,7.7067,7.6946,6.9802,198818.33,263697.4,0.5370999999999997,江苏,港口,20070426,
601008.SH,连云港,20071207,7.6403,7.6946,8.0869,6.9342,7.7067,-0.157,125443.54,162213.688,-0.012099999999999334,江苏,港口,20070426,
601008.SH,连云港,20071206,7.7852,7.7067,7.7852,7.6041,7.761,-0.6997,17081.83,21724.974,-0.05430000000000046,江苏,港口,20070426,
601008.SH,连云港,20071205,7.6343,7.761,7.7972,7.592,7.7127,0.6262,20704.5,26430.214,0.04830000000000023,江苏,港口,20070426,
601008.SH,连云港,20071204,8.1895,7.7127,8.1955,7.5075,7.4532,3.4817,53533.12,69368.834,0.25950000000000006,江苏,港口,20070426,
601008.SH,连云港,20071203,7.3506,7.4532,7.4593,7.3024,7.3687,1.1467,7545.3,9245.887,0.08450000000000024,江苏,港口,20070426,
601008.SH,连云港,20071130,7.5438,7.3687,7.5438,7.3627,7.5317,-2.1642,9593.08,11805.982,-0.16300000000000026,江苏,港口,20070426,
601008.SH,连云港,20071129,7.4231,7.5317,7.58,7.3687,7.3687,2.2121,13212.88,16372.558,0.16300000000000026,江苏,港口,20070426,
601008.SH,连云港,20071128,7.3808,7.3687,7.4774,7.3265,7.3687,0.0,7553.1,9247.684,0.0,江苏,港口,20070426,
601008.SH,连云港,20071127,7.3627,7.3687,7.4532,7.3446,7.3989,-0.4082,9428.26,11534.727,-0.03020000000000067,江苏,港口,20070426,
601008.SH,连云港,20071126,7.592,7.3989,7.6343,7.3808,7.4834,-1.1292,11591.98,14389.385,-0.08449999999999935,江苏,港口,20070426,
601008.SH,连云港,20071123,7.3386,7.4834,7.5256,7.3205,7.4291,0.7309,8044.57,9859.499,0.05429999999999957,江苏,港口,20070426,
601008.SH,连云港,20071122,7.4834,7.4291,7.6584,7.2963,7.4834,-0.7256,21837.29,27153.078,-0.05429999999999957,江苏,港口,20070426,
601008.SH,连云港,20071121,7.6222,7.4834,7.6463,7.4834,7.6162,-1.7437,13651.0,17068.895,-0.13280000000000047,江苏,港口,20070426,
601008.SH,连云港,20071120,7.592,7.6162,7.6645,7.5136,7.6041,0.1591,14260.8,17973.031,0.012100000000000222,江苏,港口,20070426,
601008.SH,连云港,20071119,7.5317,7.6041,7.6222,7.4532,7.5015,1.3677,18297.76,22937.795,0.1025999999999998,江苏,港口,20070426,
601008.SH,连云港,20071116,7.4713,7.5015,7.5015,7.3205,7.4653,0.4849,11711.38,14358.144,0.03620000000000001,江苏,港口,20070426,
601008.SH,连云港,20071115,7.5438,7.4653,7.6101,7.4593,7.592,-1.6689,12475.78,15579.018,-0.1266999999999996,江苏,港口,20070426,
601008.SH,连云港,20071114,7.4532,7.592,7.592,7.3868,7.3868,2.7779,19743.17,24551.145,0.2051999999999996,江苏,港口,20070426,
601008.SH,连云港,20071113,7.4713,7.3868,7.5317,7.3325,7.411,-0.3265,11780.87,14540.928,-0.024199999999999555,江苏,港口,20070426,
601008.SH,连云港,20071112,7.3325,7.411,7.4713,7.2842,7.3808,0.4092,15634.36,19078.784,0.030199999999999783,江苏,港口,20070426,
601008.SH,连云港,20071109,7.3567,7.3808,7.417,7.2963,7.3567,0.3276,16136.91,19683.258,0.024099999999999788,江苏,港口,20070426,
601008.SH,连云港,20071108,7.4894,7.3567,7.5619,7.2722,7.5377,-2.4013,19768.8,24215.749,-0.18100000000000005,江苏,港口,20070426,
601008.SH,连云港,20071107,7.58,7.5377,7.7188,7.417,7.6463,-1.4203,10667.59,13284.185,-0.10860000000000003,江苏,港口,20070426,
601008.SH,连云港,20071106,7.5619,7.6463,7.6886,7.4713,7.5619,1.1161,11137.24,14030.726,0.08440000000000047,江苏,港口,20070426,
601008.SH,连云港,20071105,7.417,7.5619,7.6584,7.3808,7.411,2.0362,14129.0,17695.308,0.15090000000000003,江苏,港口,20070426,
601008.SH,连云港,20071102,7.6645,7.411,7.6645,7.3748,7.6765,-3.4586,23515.54,29135.405,-0.2655000000000003,江苏,港口,20070426,
601008.SH,连云港,20071101,7.9662,7.6765,8.0567,7.6524,7.9662,-3.6366,26698.06,34353.536,-0.28969999999999985,江苏,港口,20070426,
601008.SH,连云港,20071031,7.8455,7.9662,7.9722,7.755,7.7852,2.3249,24085.62,31537.514,0.18100000000000005,江苏,港口,20070426,
601008.SH,连云港,20071030,7.7308,7.7852,7.8334,7.6282,7.6282,2.0582,17356.67,22179.231,0.15700000000000003,江苏,港口,20070426,
601008.SH,连云港,20071029,7.8455,7.6282,7.8455,7.5377,7.7369,-1.405,27009.69,34129.867,-0.10870000000000068,江苏,港口,20070426,
601008.SH,连云港,20071026,7.2782,7.7369,7.8515,7.2782,7.9179,-2.286,76812.46,98614.475,-0.18100000000000005,江苏,港口,20070426,
601008.SH,连云港,20071024,8.1533,7.9179,8.1654,7.9059,8.0929,-2.1624,23873.85,31871.965,-0.17499999999999982,江苏,港口,20070426,
601008.SH,连云港,20071023,7.9059,8.0929,8.1412,7.8938,7.8817,2.6796,26317.86,34902.229,0.21119999999999983,江苏,港口,20070426,
601008.SH,连云港,20071022,8.2136,7.8817,8.2317,7.8334,8.2378,-4.3228,39017.02,51402.696,-0.35609999999999964,江苏,港口,20070426,
601008.SH,连云港,20071019,8.2136,8.2378,8.3705,8.1714,8.2378,0.0,19246.65,26330.118,0.0,江苏,港口,20070426,
601008.SH,连云港,20071018,8.5214,8.2378,8.5214,8.2197,8.5516,-3.6695,25083.61,34483.46,-0.3138000000000005,江苏,港口,20070426,
601008.SH,连云港,20071017,8.449,8.5516,8.6783,8.3766,8.4188,1.5774,33281.83,47013.511,0.13280000000000136,江苏,港口,20070426,
601008.SH,连云港,20071016,8.4007,8.4188,8.4973,8.2378,8.3947,0.2871,33763.19,46627.342,0.0240999999999989,江苏,港口,20070426,
601008.SH,连云港,20071015,8.3887,8.3947,8.5516,8.1473,8.3705,0.2891,34341.31,47589.733,0.024200000000000443,江苏,港口,20070426,
601008.SH,连云港,20071012,8.7145,8.3705,8.7145,7.9059,8.7206,-4.0146,64750.89,89488.431,-0.3500999999999994,江苏,港口,20070426,
601008.SH,连云港,20071011,8.8715,8.7206,8.9016,8.5938,8.8594,-1.5667,54026.85,77706.392,-0.1388000000000016,江苏,港口,20070426,
601008.SH,连云港,20071010,9.0284,8.8594,9.0766,8.8292,9.0042,-1.6081,50306.44,74499.643,-0.14480000000000004,江苏,港口,20070426,
601008.SH,连云港,20071009,8.7689,9.0042,9.0947,8.7206,8.7447,2.9675,64621.03,95698.31,0.25950000000000095,江苏,港口,20070426,
601008.SH,连云港,20071008,8.9318,8.7447,8.9801,8.6844,8.8051,-0.686,37358.46,54305.425,-0.060399999999999565,江苏,港口,20070426,
601008.SH,连云港,20070928,8.793,8.8051,8.9016,8.7025,8.7387,0.7598,49345.53,71937.671,0.06639999999999979,江苏,港口,20070426,
601008.SH,连云港,20070927,8.6301,8.7387,8.8413,8.5999,8.5576,2.1162,71282.89,103115.886,0.18109999999999893,江苏,港口,20070426,
601008.SH,连云港,20070926,8.4792,8.5576,8.787,8.4792,8.5335,0.2824,51887.26,74167.703,0.024100000000000676,江苏,港口,20070426,
601008.SH,连云港,20070925,8.5757,8.5335,8.6059,8.443,8.5335,0.0,35262.2,49705.254,0.0,江苏,港口,20070426,
601008.SH,连云港,20070924,8.5214,8.5335,8.5938,8.449,8.5214,0.142,36384.75,51433.123,0.012100000000000222,江苏,港口,20070426,
601008.SH,连云港,20070921,8.8111,8.5214,8.8715,8.3766,8.7809,-2.9553,44146.86,62297.064,-0.25950000000000095,江苏,港口,20070426,
601008.SH,连云港,20070920,8.5999,8.7809,8.9137,8.5999,8.5878,2.2485,43367.01,62967.977,0.19310000000000116,江苏,港口,20070426,
601008.SH,连云港,20070919,8.8171,8.5878,8.9318,8.5697,8.9318,-3.8514,37797.47,54428.818,-0.3440000000000012,江苏,港口,20070426,
601008.SH,连云港,20070918,8.7809,8.9318,9.137,8.7508,8.787,1.6479,64249.84,95366.696,0.14480000000000004,江苏,港口,20070426,
601008.SH,连云港,20070917,8.5576,8.787,8.8715,8.5456,8.6602,1.4642,50523.31,73085.22,0.12680000000000113,江苏,港口,20070426,
601008.SH,连云港,20070914,8.5576,8.6602,8.7447,8.443,8.5999,0.7012,46799.44,66504.691,0.0602999999999998,江苏,港口,20070426,
601008.SH,连云港,20070913,8.6301,8.5999,8.6421,8.443,8.6361,-0.4192,45223.8,63904.629,-0.0362000000000009,江苏,港口,20070426,
601008.SH,连云港,20070912,8.4611,8.6361,8.7266,8.2559,8.6119,0.281,68562.1,96170.539,0.024200000000000443,江苏,港口,20070426,
601008.SH,连云港,20070911,9.0525,8.6119,9.2637,8.3887,9.0827,-5.1835,83303.89,123314.181,-0.47080000000000055,江苏,港口,20070426,
601008.SH,连云港,20070910,8.8594,9.0827,9.1008,8.7628,8.9559,1.4158,64453.48,95670.903,0.12680000000000113,江苏,港口,20070426,
601008.SH,连云港,20070907,9.0646,8.9559,9.1611,8.9197,9.1792,-2.4327,83168.58,124440.232,-0.22330000000000005,江苏,港口,20070426,
601008.SH,连云港,20070906,9.3543,9.1792,9.3844,9.143,9.2396,-0.6537,67467.52,103372.491,-0.060399999999999565,江苏,港口,20070426,
601008.SH,连云港,20070905,9.1189,9.2396,9.3361,8.9439,9.1672,0.7898,68841.55,103894.666,0.07240000000000002,江苏,港口,20070426,
601008.SH,连云港,20070904,9.4689,9.1672,9.5172,9.1129,9.3361,-1.8091,102587.48,157920.434,-0.16890000000000072,江苏,港口,20070426,
601008.SH,连云港,20070903,9.0525,9.3361,9.4146,8.9982,9.0103,3.6159,146589.37,224602.514,0.3257999999999992,江苏,港口,20070426,
601008.SH,连云港,20070831,8.9801,9.0103,9.2758,8.9077,8.9801,0.3363,95496.1,144112.194,0.03020000000000067,江苏,港口,20070426,
601008.SH,连云港,20070830,8.7206,8.9801,9.0827,8.6482,8.6783,3.4776,96689.16,143018.975,0.30180000000000007,江苏,港口,20070426,
601008.SH,连云港,20070829,8.8715,8.6783,8.8715,8.6059,8.8956,-2.4428,53440.2,77300.886,-0.21729999999999983,江苏,港口,20070426,
601008.SH,连云港,20070828,8.9801,8.8956,8.9801,8.7025,9.0042,-1.2061,55573.59,81428.513,-0.10860000000000092,江苏,港口,20070426,
601008.SH,连云港,20070827,8.8111,9.0042,9.1249,8.5999,8.793,2.4019,89107.04,131257.69,0.2112000000000016,江苏,港口,20070426,
601008.SH,连云港,20070824,8.9439,8.793,8.9861,8.7508,8.9378,-1.6201,54943.63,80543.245,-0.14480000000000004,江苏,港口,20070426,
601008.SH,连云港,20070823,9.0465,8.9378,9.1008,8.8413,8.9258,0.1344,77212.26,114399.362,0.011999999999998678,江苏,港口,20070426,
601008.SH,连云港,20070822,8.6602,8.9258,8.9378,8.5757,8.7387,2.1411,75233.1,109863.594,0.18710000000000093,江苏,港口,20070426,
601008.SH,连云港,20070821,8.8654,8.7387,8.8835,8.7025,8.8232,-0.9577,62619.95,91004.318,-0.08450000000000024,江苏,港口,20070426,
601008.SH,连云港,20070820,8.7387,8.8232,8.8292,8.6361,8.5637,3.0302,76110.58,110336.383,0.2594999999999992,江苏,港口,20070426,
601008.SH,连云港,20070817,8.6723,8.5637,8.7749,8.5395,8.6904,-1.4579,62270.03,89134.333,-0.1266999999999996,江苏,港口,20070426,
601008.SH,连云港,20070816,8.9318,8.6904,8.962,8.5697,8.8715,-2.0414,73731.91,106732.0,-0.18109999999999893,江苏,港口,20070426,
601008.SH,连云港,20070815,9.0827,8.8715,9.1491,8.7387,8.9318,-0.6751,135763.43,201769.25,-0.060300000000001575,江苏,港口,20070426,
601008.SH,连云港,20070814,8.5395,8.9318,9.0284,8.5395,8.5516,4.446,151537.72,222830.402,0.3802000000000003,江苏,港口,20070426,
601008.SH,连云港,20070813,8.4249,8.5516,8.7568,8.3766,8.3887,1.9419,79037.13,112299.314,0.1629000000000005,江苏,港口,20070426,
601008.SH,连云港,20070810,8.5516,8.3887,8.5516,8.3223,8.6119,-2.5918,53178.01,73975.996,-0.2232000000000003,江苏,港口,20070426,
601008.SH,连云港,20070809,8.8051,8.6119,8.8111,8.5757,8.6904,-0.9033,47134.06,67565.775,-0.07850000000000001,江苏,港口,20070426,
601008.SH,连云港,20070808,8.4792,8.6904,8.7025,8.3464,8.5275,1.9103,71580.94,100724.167,0.1629000000000005,江苏,港口,20070426,
601008.SH,连云港,20070807,8.6844,8.5275,8.7326,8.5094,8.6663,-1.6016,67781.47,96389.31,-0.1387999999999998,江苏,港口,20070426,
601008.SH,连云港,20070806,8.4792,8.6663,8.7387,8.4611,8.4671,2.3526,62490.21,88976.301,0.19919999999999938,江苏,港口,20070426,
601008.SH,连云港,20070803,8.5516,8.4671,8.6119,8.3162,8.5516,-0.9881,57775.83,80935.81,-0.08450000000000024,江苏,港口,20070426,
601008.SH,连云港,20070802,8.3826,8.5516,8.6783,8.3162,8.3826,2.0161,51624.26,72814.957,0.16900000000000048,江苏,港口,20070426,
601008.SH,连云港,20070801,8.8111,8.3826,8.9077,8.3283,8.7749,-4.4707,77540.23,110781.739,-0.39230000000000054,江苏,港口,20070426,
601008.SH,连云港,20070731,8.8111,8.7749,8.9137,8.5395,8.6542,1.3947,84967.26,122562.999,0.12070000000000114,江苏,港口,20070426,
601008.SH,连云港,20070727,8.7568,8.6542,8.8232,8.5395,8.9077,-2.8459,106379.11,153150.364,-0.2535000000000007,江苏,港口,20070426,
601008.SH,连云港,20070726,8.455,8.9077,8.9197,8.3887,8.5818,3.7976,136927.57,196028.865,0.32590000000000074,江苏,港口,20070426,
601008.SH,连云港,20070725,8.3766,8.5818,8.6482,8.3283,8.3585,2.6715,50866.83,71636.142,0.22330000000000005,江苏,港口,20070426,
601008.SH,连云港,20070724,8.4671,8.3585,8.6723,8.3283,8.3826,-0.2875,52019.19,73305.284,-0.024100000000000676,江苏,港口,20070426,
601008.SH,连云港,20070723,8.0084,8.3826,8.4369,8.0084,8.0205,4.5147,65490.02,90127.002,0.36209999999999987,江苏,港口,20070426,
601008.SH,连云港,20070720,7.7852,8.0205,8.0266,7.7731,7.7852,3.0224,34811.18,45724.288,0.2353000000000005,江苏,港口,20070426,
601008.SH,连云港,20070719,7.8455,7.7852,7.8455,7.6645,7.8576,-0.9214,17789.86,22831.992,-0.07240000000000002,江苏,港口,20070426,
601008.SH,连云港,20070718,7.8455,7.8576,7.9541,7.8153,7.8214,0.4628,19049.42,24833.066,0.03620000000000001,江苏,港口,20070426,
601008.SH,连云港,20070717,7.6101,7.8214,7.8696,7.6101,7.7127,1.4094,19001.2,24547.169,0.1086999999999998,江苏,港口,20070426,
601008.SH,连云港,20070716,8.0567,7.7127,8.0809,7.7007,8.0628,-4.3422,22386.37,29145.278,-0.3500999999999994,江苏,港口,20070426,
601008.SH,连云港,20070713,8.1473,8.0628,8.2257,7.9602,8.1835,-1.4749,16205.88,21662.212,-0.12070000000000114,江苏,港口,20070426,
601008.SH,连云港,20070712,8.1473,8.1835,8.3887,8.0567,8.1835,0.0,20856.52,28352.967,0.0,江苏,港口,20070426,
601008.SH,连云港,20070711,8.0266,8.1835,8.2197,7.9602,8.0748,1.3462,25284.08,33843.7,0.10870000000000068,江苏,港口,20070426,
601008.SH,连云港,20070710,8.5637,8.0748,8.5637,8.0084,8.5335,-5.3753,48789.88,66230.648,-0.45870000000000033,江苏,港口,20070426,
601008.SH,连云港,20070709,8.4068,8.5335,8.6119,8.28,8.3887,1.7261,67945.11,95249.848,0.14480000000000004,江苏,港口,20070426,
601008.SH,连云港,20070706,7.9179,8.3887,8.4369,7.9179,8.0567,4.1208,55891.58,75804.074,0.33200000000000074,江苏,港口,20070426,
601008.SH,连云港,20070705,8.5576,8.0567,8.5576,7.9059,8.5456,-5.7211,46453.15,63466.266,-0.488900000000001,江苏,港口,20070426,
601008.SH,连云港,20070704,8.9378,8.5456,9.0284,8.455,8.962,-4.6463,31015.3,44884.164,-0.41639999999999944,江苏,港口,20070426,
601008.SH,连云港,20070703,8.7568,8.962,9.0766,8.6361,8.6723,3.3405,39190.08,57729.931,0.28969999999999985,江苏,港口,20070426,
601008.SH,连云港,20070702,8.6301,8.6723,8.9197,8.3283,8.8111,-1.5753,54594.31,77879.138,-0.1387999999999998,江苏,港口,20070426,
601008.SH,连云港,20070629,9.0525,8.8111,9.2637,8.7809,9.1792,-4.0102,81202.07,120731.428,-0.3681000000000001,江苏,港口,20070426,
601008.SH,连云港,20070628,9.475,9.1792,9.7646,9.1732,9.5896,-4.2796,91357.27,143117.38,-0.410400000000001,江苏,港口,20070426,
601008.SH,连云港,20070627,9.1672,9.5896,9.825,8.9982,9.1672,4.6077,141420.64,223933.606,0.42240000000000144,江苏,港口,20070426,
601008.SH,连云港,20070626,8.8171,9.1672,9.1853,8.799,8.9318,2.6355,59705.92,89037.262,0.2353999999999985,江苏,港口,20070426,
601008.SH,连云港,20070625,9.1129,8.9318,9.2637,8.7689,9.0646,-1.465,79884.94,119253.684,-0.13279999999999959,江苏,港口,20070426,
601008.SH,连云港,20070622,9.656,9.0646,9.8552,8.9016,9.6801,-6.3584,100491.19,156348.47,-0.615499999999999,江苏,港口,20070426,
601008.SH,连云港,20070621,9.2698,9.6801,9.7767,9.2577,9.3905,3.084,100619.73,158951.171,0.2896000000000001,江苏,港口,20070426,
601008.SH,连云港,20070620,9.5836,9.3905,9.6077,9.2637,9.6379,-2.5669,102118.81,159913.008,-0.24740000000000073,江苏,港口,20070426,
601008.SH,连云港,20070619,9.1913,9.6379,9.7767,8.9439,9.1913,4.8589,149538.39,236348.04,0.4466000000000001,江苏,港口,20070426,
601008.SH,连云港,20070618,9.1672,9.1913,9.4448,9.1129,9.0284,1.8043,83664.73,128192.185,0.1629000000000005,江苏,港口,20070426,
601008.SH,连云港,20070615,8.8715,9.0284,9.1189,8.8413,9.0042,0.2688,69680.64,104079.955,0.024199999999998667,江苏,港口,20070426,
601008.SH,连云港,20070614,9.2094,9.0042,9.3241,8.962,9.2154,-2.2918,81998.83,124281.712,-0.21119999999999983,江苏,港口,20070426,
601008.SH,连云港,20070613,9.137,9.2154,9.5172,9.0223,9.1672,0.5258,141999.83,219037.082,0.04820000000000135,江苏,港口,20070426,
601008.SH,连云港,20070612,9.2154,9.1672,9.2939,8.7809,9.1551,0.1322,164922.35,247201.499,0.012100000000000222,江苏,港口,20070426,
601008.SH,连云港,20070611,8.3283,9.1551,9.1551,8.2076,8.3223,10.0068,180774.54,264512.861,0.8327999999999989,江苏,港口,20070426,
601008.SH,连云港,20070608,8.3283,8.3223,8.5576,8.2257,8.3042,0.218,59486.41,82721.754,0.01810000000000045,江苏,港口,20070426,
601008.SH,连云港,20070607,8.111,8.3042,8.4007,8.111,8.0929,2.6109,78053.45,106938.794,0.2112999999999996,江苏,港口,20070426,
601008.SH,连云港,20070606,8.0084,8.0929,8.268,7.761,8.0084,1.0551,73863.49,98830.76,0.08450000000000024,江苏,港口,20070426,
601008.SH,连云港,20070605,7.2722,8.0084,8.1473,7.2722,8.0205,-0.1509,119435.79,152343.784,-0.012100000000000222,江苏,港口,20070426,
601008.SH,连云港,20070604,8.9801,8.0205,9.0404,8.0084,8.8956,-9.8374,136840.2,187415.202,-0.8750999999999998,江苏,港口,20070426,
601008.SH,连云港,20070601,8.9559,8.8956,9.4025,8.8171,8.9499,-0.6067,217393.93,328670.334,-0.05429999999999957,江苏,港口,20070426,
601008.SH,连云港,20070531,8.5094,8.9499,9.2215,8.3343,8.5033,5.2521,212114.19,311099.472,0.4466000000000001,江苏,港口,20070426,
601008.SH,连云港,20070530,8.4973,8.5033,8.8352,8.3283,8.9318,-4.7975,142005.22,202166.84,-0.42850000000000144,江苏,港口,20070426,
601008.SH,连云港,20070529,8.962,8.9318,9.0163,8.799,8.8835,0.5437,167463.2,247676.324,0.04830000000000112,江苏,港口,20070426,
601008.SH,连云港,20070528,8.6301,8.8835,8.9016,8.624,8.6059,3.2257,137905.89,199599.863,0.2775999999999996,江苏,港口,20070426,
601008.SH,连云港,20070525,8.6301,8.6059,8.7508,8.5576,8.7025,-1.11,66571.59,95426.539,-0.09660000000000046,江苏,港口,20070426,
601008.SH,连云港,20070524,8.7387,8.7025,8.7508,8.449,8.7326,-0.3447,106007.89,150761.801,-0.030099999999999127,江苏,港口,20070426,
601008.SH,连云港,20070523,8.6723,8.7326,8.7809,8.5999,8.7266,0.0688,94849.26,136761.289,0.006000000000000227,江苏,港口,20070426,
601008.SH,连云港,20070522,8.6964,8.7266,8.962,8.6361,8.7145,0.1388,121346.69,176771.09,0.012100000000000222,江苏,港口,20070426,
601008.SH,连云港,20070521,8.3887,8.7145,8.7749,8.3404,8.6119,1.1914,117465.52,168605.603,0.10259999999999891,江苏,港口,20070426,
601008.SH,连云港,20070518,8.5697,8.6119,8.6421,8.4611,8.6421,-0.3495,90314.79,127699.159,-0.030199999999998894,江苏,港口,20070426,
601008.SH,连云港,20070517,8.6663,8.6421,8.6904,8.5576,8.6361,0.0695,101094.69,144437.65,0.005999999999998451,江苏,港口,20070426,
601008.SH,连云港,20070516,8.449,8.6361,8.7145,8.3162,8.4671,1.996,127805.17,181158.082,0.16900000000000048,江苏,港口,20070426,
601008.SH,连云港,20070515,8.3705,8.4671,8.5637,8.3404,8.3766,1.0804,134123.64,187796.287,0.09050000000000047,江苏,港口,20070426,
601008.SH,连云港,20070514,8.4188,8.3766,8.5395,8.3404,8.5456,-1.9776,91853.99,128409.682,-0.16900000000000048,江苏,港口,20070426,
601008.SH,连云港,20070511,8.5033,8.5456,8.624,8.3585,8.5576,-0.1402,105122.5,147623.054,-0.012000000000000455,江苏,港口,20070426,
601008.SH,连云港,20070510,8.3524,8.5576,8.618,8.2981,8.3585,2.382,156869.88,221343.822,0.1991000000000014,江苏,港口,20070426,
601008.SH,连云港,20070509,8.3404,8.3585,8.3585,8.0869,8.3283,0.3626,128117.36,175195.301,0.030199999999998894,江苏,港口,20070426,
601008.SH,连云港,20070508,8.3102,8.3283,8.3585,8.1473,8.2317,1.1735,144803.65,198474.97,0.09660000000000046,江苏,港口,20070426,
601008.SH,连云港,20070430,8.2257,8.2317,8.2378,8.0266,8.2861,-0.6565,167501.12,225830.269,-0.05439999999999934,江苏,港口,20070426,
601008.SH,连云港,20070427,8.268,8.2861,8.449,8.1473,8.6361,-4.0528,262270.48,360311.95,-0.3500000000000014,江苏,港口,20070426,
601008.SH,连云港,20070426,9.2094,8.6361,9.4025,8.455,3.0054,187.3528,761877.2,1123694.057,5.630700000000001,江苏,港口,20070426,
sh601008,连云港,2020-06-22,3.48,3.48,3.41,3.43,3.45,9065645.0,31146493.0
sh601008,连云港,2020-06-23,3.41,3.43,3.38,3.4,3.43,5336360.0,18117370.0
sh601008,连云港,2020-06-24,3.41,3.41,3.37,3.37,3.4,3497391.0,11834682.0
sh601008,连云港,2020-06-30,3.34,3.36,3.34,3.36,3.34,3892500.0,13043896.0
